time,x,y,yaw,d_x,d_y,d_yaw,x_ref,y_ref,yaw_ref,d_x_ref,d_y_ref,d_yaw_ref,xe,ye,yaw_e,vx_local,vx_local_ref,vc,wc
10907.716,-2.11371232475277e-06,7.0207746758477185e-06,-4.280684057781509e-06,-0.00011124801709088779,0.000369514456619036,-0.000225299160933108,5.2687013521790504e-05,1.3852282654269743e-09,2.6343506760895252e-05,0.0011092002969235182,2.9162700698748267e-08,0.0005546001484617591,5.480075589382969e-05,-7.019154862924494e-06,3.062419081867676e-05,-0.00011124959886451208,0.00110920029692,0.0,0.0
10907.737,-8.68842686971294e-06,1.631243512334457e-05,-1.0113558479274073e-05,-0.0003287357272408329,0.00046458302236470175,-0.0002916437210682623,8.041701948968694e-05,2.1142958495090625e-09,4.020850974484347e-05,0.0011092002969235182,2.9162700698748267e-08,0.0005546001484617591,8.910561131022635e-05,-1.630941965351836e-05,5.032206822411754e-05,-0.0003287404258115858,0.00110920029692,0.0022191315603676243,0.005695884153312752
10907.756,-1.9275720331474178e-05,2.910826842938974e-05,-1.6768882856321374e-05,-0.0005293646731246524,0.0006397916653464818,-0.00033276621887536636,0.00011376411566743627,3.2355687018537083e-09,5.6882057833718136e-05,0.003412923775613308,1.941341309930067e-07,0.001706461887806654,0.0001330403240390919,-2.91028019271708e-05,7.365094069003951e-05,-0.0005293754016417132,0.00341292377561,0.004797892306837019,0.0069236429672947354
10907.777,-2.0094062873565743e-05,4.7922438719316673e-05,-1.0800916167449243e-05,-4.0917127103685156e-05,0.000940708514475813,0.00029839833443709316,0.00011376411566743627,3.2355687018537083e-09,5.6882057833718136e-05,0.003412923775613308,1.941341309930067e-07,0.001706461887806654,0.00013385869610449012,-4.791775735685498e-05,6.768297400116738e-05,-4.0927287615101125e-05,0.00341292377561,0.007308583192251982,0.006958860385291158
10907.797,4.64863049887132e-06,6.110668814962583e-05,2.0207839407353906e-06,0.0012371346685948492,0.0006592124715010687,0.0006410850053952382,0.00011376411566743627,3.2355687018537083e-09,5.6882057833718136e-05,0.003412923775613308,1.941341309930067e-07,0.001706461887806654,0.00010911536169146647,-6.110367307961933e-05,5.4861273892982745e-05,0.0012371360007182991,0.00341292377561,0.009751847005173514,0.006967066553291219
10907.817,6.852089616615764e-05,7.734559280248021e-05,2.575577459676577e-05,0.003193613283294606,0.000811945232624996,0.0011867495327756148,0.0004993533948436379,9.780519860669301e-08,0.00024967669742181897,0.007935048080980778,1.980296246983926e-06,0.003967524040490389,0.00043083050895797634,-7.725888400297564e-05,0.0002239209228250532,0.0031936341945137427,0.00793504808098,0.012364272269658463,0.009609012279496383
10907.836,0.00018289369433477365,9.347828236849764e-05,6.576196141458955e-05,0.005718639908826082,0.0008066344783566275,0.0020003093410294534,0.0006977296434342861,1.4731260478129116e-07,0.00034886482171714306,0.007935048080980778,1.980296246983926e-06,0.003967524040490389,0.0005148298103586456,-9.336482618370027e-05,0.0002831028603025535,0.005718692942325969,0.00793504808098,0.014777476317269665,0.00976866828448536
10907.857,0.00034870595557104367,0.00010548889354489166,0.00010357240254607603,0.008290613061632535,0.0006005305588065924,0.0018905220565330577,0.0009101129835471511,2.0707641112949204e-07,0.00045505649177357554,0.013651693239808083,6.212292646523565e-06,0.006825847551226616,0.0005613961206742072,-0.00010533996284366015,0.0003514840892274995,0.008290675215557493,0.0136516951025,0.017785630991316366,0.012766077111393426
10907.876,0.0005616281501629461,0.00012029120850431951,0.00015394632946868006,0.01064610972936274,0.0007401157479552375,0.002518696346075224,0.0009101129835471511,2.0707641112949204e-07,0.00045505649177357554,0.013651693239808083,6.212292646523565e-06,0.006825847551226616,0.0003484663427434615,-0.00012013777863098783,0.0003011101623048955,0.010646223541311478,0.0136516951025,0.02015382831221805,0.012715601262022407
10907.897,0.000826079172163402,0.00013693452205676415,0.0002210954215347491,0.013222551099734175,0.0008321656776040675,0.0033574546032301656,0.0009101129835471511,2.0707641112949204e-07,0.00045505649177357554,0.013651693239808083,6.212292646523565e-06,0.006825847551226616,8.400357951784482e-05,-0.00013674602179459782,0.00023396107023882645,0.013222734764573744,0.0136516951025,0.02223339207905957,0.012638665694315935
10907.916,0.0011439323403554802,0.00015694330635029896,0.00029783739981195656,0.015892658410702438,0.0010004392147458924,0.0038370989141255996,0.001991483150050044,1.2539388762888848e-06,0.0009957419242709875,0.02158673107624054,2.1257899788906798e-05,0.010793371126055717,0.0008475044019869686,-0.00015594179289426854,0.000697904524459031,0.015892955674016475,0.0215867422521,0.025199789828635254,0.017590132391064876
10907.937,0.0015086513206890584,0.00018004965296225528,0.00038331742297113315,0.018235949016280856,0.0011553173305725978,0.004274001157865537,0.0025095646269619465,1.764128455761238e-06,0.0012547827791422606,0.02158673107624054,2.1257899788906798e-05,0.010793371126055717,0.0010008448927935351,-0.00017866917890833038,0.0008714653561711274,0.01823639052980742,0.0215867422521,0.027868741022759647,0.0179982227017761
10907.956,0.0019260093274230117,0.0002008813606099169,0.0004869080905528147,0.020867900336242164,0.0010415853823603457,0.005179533378971019,0.0030716299079358578,2.358729261686676e-06,0.001535815536044538,0.03071627765893936,4.717457704828121e-05,0.015358157455921173,0.0011455237824397361,-0.0001990804197227233,0.0010489074454917233,0.020868405018896276,0.0307163130492,0.031482772455933505,0.02287935035503703
10907.977,0.002393344913648482,0.00022218360212544752,0.0005972394327195454,0.023366779310763464,0.0010651120757532817,0.005516567108216119,0.0030716299079358578,2.358729261686676e-06,0.001535815536044538,0.03071627765893936,4.717457704828121e-05,0.015358157455921173,0.000678153585242405,-0.0002202299321796797,0.0009385761033249927,0.023367411270251704,0.0307163130492,0.034654125885286755,0.02275916594779484
10907.997,0.002917833781059337,0.0002424502120353944,0.0007207258244649357,0.026224443372355424,0.0010133304955673873,0.006174319587696297,0.0030716299079358578,2.358729261686676e-06,0.001535815536044538,0.03071627765893936,4.717457704828121e-05,0.015358157455921173,0.00015362304681526488,-0.00024020226524721088,0.0008150897115796023,0.02622516689466201,0.0307163130492,0.03745445635101856,0.022614664630306362
10908.016,0.0035088995786067,0.0002606259259690935,0.0008428532477335743,0.029553289876723076,0.0009087856966651181,0.006106371163298638,0.005146894138306379,7.619687949045328e-06,0.0025734512601047754,0.04206414148211479,0.0001082396847778,0.021032145246863365,0.0016377807307785745,-0.00025438673702298637,0.0017305980123712011,0.02955404535225677,0.0420642793179,0.041328803736495855,0.030178519125306155
10908.037,0.004161301272297496,0.0002769834805788074,0.0009605421125381697,0.03262008468382778,0.0008178777304678418,0.005884443240101328,0.006198497489094734,1.032568070513662e-05,0.003099254798144102,0.04206414148211479,0.0001082396847778,0.021032145246863365,0.0020369391409897513,-0.0002686144893157819,0.0021387126856059323,0.03262085524139493,0.0420642793179,0.045243944034929484,0.031043710273604988
10908.056,0.004877693756412449,0.00029016175963414437,0.0010932671616494492,0.03581962420496577,0.0006589139527524659,0.006636252455419119,0.00728088803589344,1.3252877579361666e-05,0.003640452167019248,0.054606419056653976,0.00019879292813129723,0.027303392067551613,0.002402890107965263,-0.00027953604943491134,0.0025471850053697988,0.035820323167411294,0.0546067804098,0.05011033370709345,0.03789977670843015
10908.077,0.005658680185589737,0.00030393892625324437,0.001246701714463231,0.03904932146156357,0.0006888583310026151,0.007671727641219371,0.00728088803589344,1.3252877579361666e-05,0.003640452167019248,0.054606419056653976,0.00019879292813129723,0.027303392067551613,0.0016218441909319154,-0.00029270823155660823,0.002393750452556017,0.03905014991570729,0.0546067804098,0.05462500099858168,0.037744369970593994
10908.097,0.006510341873329495,0.0003218443404638949,0.0014434633979206642,0.04258308438605838,0.0008952707105129834,0.009838084172656913,0.00728088803589344,1.3252877579361666e-05,0.003640452167019248,0.054606419056653976,0.00019879292813129723,0.027303392067551613,0.0007700999194873635,-0.00030970339619189617,0.002196988769098584,0.04258433231334757,0.0546067804098,0.05847522822126628,0.037519228075338036
10908.117,0.007446970646849377,0.0003469048199141733,0.0016764403800221279,0.046831438674971866,0.0012530239724865716,0.011648849104818917,0.010712889023125172,3.1403284083353356e-05,0.005356477573513985,0.06936664879322052,0.0003715420898515731,0.03468383848667145,0.00326538486765601,-0.00032097620735916033,0.003680037193491857,0.046833473485224555,0.069367647171,0.06428165305933167,0.047996361404045035
10908.136,0.008471868528689253,0.00037538116602464644,0.0019224778001401474,0.05124489409087522,0.001423817305492577,0.012301871005632454,0.0124470554292202,4.0691837057238445e-05,0.006223573349416256,0.06936664879322052,0.0003715420898515731,0.03468383848667145,0.003974536122136514,-0.00034233091433513664,0.0043010955492761085,0.0512475366478422,0.069367647171,0.06961187054769626,0.04932223599487088
10908.157,0.009598474889500441,0.0004088701393188954,0.0021305538562239896,0.05633031803932986,0.001674448664675897,0.010403802803965016,0.0124470554292202,4.0691837057238445e-05,0.006223573349416256,0.06936664879322052,0.0003715420898515731,0.03468383848667145,0.0028477896513905204,-0.0003742465162956651,0.004093019493192266,0.05633375769076658,0.069367647171,0.07400447915802821,0.04904646306455325
10908.177,0.010808251371960592,0.00045619016042197646,0.002327905783051358,0.06048882412718863,0.0023660010553175964,0.009867596342050486,0.016762979328632355,7.461429777322337e-05,0.008381607942283154,0.10349196940660477,0.001001308555714786,0.05174845829606056,0.005953823550055882,-0.00039543686186845593,0.0060537021592317955,0.06049416805096287,0.103496812284,0.08321331973303553,0.07008959512797486
10908.197,0.01211486919875801,0.0005019525522129697,0.0025103330301494958,0.06533089133844487,0.0022881195894997194,0.009121362354707787,0.016762979328632355,7.461429777322337e-05,0.008381607942283154,0.10349196940660477,0.001001308555714786,0.05174845829606056,0.004647022724008631,-0.0004390052000779813,0.005871274912133658,0.06533642942451424,0.103496812284,0.09148247647036657,0.06993985438073141
10908.216,0.013532849027550808,0.0005608183768723851,0.002732500795863081,0.07089899143809233,0.0029432912329065224,0.011108388285436782,0.01935027725994587,9.964701166609302e-05,0.00967531930655241,0.10349196940660477,0.001001308555714786,0.05174845829606056,0.005816146364764069,-0.0004770657510187278,0.006942818510689329,0.07090676928807704,0.103496812284,0.09920548304157967,0.07224195064106935
10908.236,0.015075100457162954,0.0006245173369114898,0.003050967310185119,0.07711257147892409,0.0031849480018857138,0.015923325715754326,0.021937577053904533,0.0001246797328349203,0.010969030670821667,0.10349196940660477,0.001001308555714786,0.05174845829606056,0.006860919671597962,-0.0005207724370154348,0.007918063360636548,0.07712192973897658,0.103496812284,0.10626711046352406,0.07438706021374279
10908.257,0.01677346594509249,0.0006908870716111348,0.0034160510330540923,0.08491827440234656,0.00331848673521163,0.01825418614471043,0.024572432041168213,0.00015095682465471327,0.012286525219678879,0.12285599112510681,0.001509549212642014,0.06143262982368469,0.007797076165783656,-0.0005665687110011014,0.008870474186624787,0.08492911502796723,0.122865267098,0.11561950421415698,0.08478926023541658
10908.276,0.018609536976546798,0.0007884819715333613,0.0038197974740052723,0.09180355157071142,0.004879744996004809,0.020187322047118355,0.024572432041168213,0.00015095682465471327,0.012286525219678879,0.12285599112510681,0.001509549212642014,0.06143262982368469,0.005960416351788722,-0.0006602974919827401,0.008466727745673606,0.0918215214177562,0.122865267098,0.12282085706619654,0.08471407107590988
10908.297,0.020600695382192613,0.0009028269720066096,0.004270282641041635,0.09955792028011763,0.005717250023537617,0.022524258351326477,0.024572432041168213,0.00015095682465471327,0.012286525219678879,0.12285599112510681,0.001509549212642014,0.06143262982368469,0.003968489757817858,-0.0007688236786314378,0.008016242578637244,0.09958142674586629,0.122865267098,0.12892295916590332,0.08461671243711207
10908.316,0.022739832395947013,0.0010287350874373935,0.004752597972424237,0.10695685068538534,0.006295405771401782,0.024115766568603727,0.031885452568531036,0.00026594166411086917,0.01594349555671215,0.14443354308605194,0.0022924698423594236,0.07222601771354675,0.009141891649029947,-0.0008062501009256089,0.011190897584287913,0.1069855621805111,0.144451737404,0.1379903315172063,0.10264616130259324
10908.337,0.025013523621323197,0.0011705061936293504,0.0052564631236252015,0.11368456127666728,0.007088555310087816,0.025193257561789605,0.03535185754299164,0.0003209609421901405,0.01767691969871521,0.14443354308605194,0.0022924698423594236,0.07222601771354675,0.010333725513101221,-0.0009038763355925482,0.012420456575090008,0.11372025126307218,0.144451737404,0.14635258449709004,0.10552590456944964
10908.356,0.02746503878010026,0.001305522038572371,0.0058486410735250054,0.12257575793617755,0.006750792247003672,0.029608897494343898,0.03535185754299164,0.0003209609421901405,0.01767691969871521,0.14443354308605194,0.0022924698423594236,0.07222601771354675,0.0078809255610002,-0.001030671166366151,0.011828278625190205,0.12261314422776406,0.144451737404,0.15297737852370555,0.10492778204554232
10908.376,0.030093276627318255,0.0014335268779823718,0.0064489232366787465,0.13141189235803133,0.006400241970360339,0.030014108157031913,0.0437614768743515,0.0004938800120726228,0.021882662549614906,0.1921715885400772,0.004667803179472685,0.09611445665359497,0.013661856358781865,-0.0010277718898788985,0.01543373931293616,0.13145043413154245,0.192228272557,0.1662098915535231,0.1360716809476524
10908.397,0.03288738833391941,0.0015651089013964947,0.007077012254608894,0.13305293840552204,0.006265810638576717,0.02990900085290461,0.0437614768743515,0.0004938800120726228,0.021882662549614906,0.1921715885400772,0.004667803179472685,0.09611445665359497,0.01086623519539106,-0.0011481574791478804,0.014805650295006013,0.13309394934945587,0.192228272557,0.1792727707829756,0.13539141354834655
10908.417,0.035882176256204684,0.0016947180108839444,0.007806040908247505,0.15762041697554136,0.006821532078856298,0.03836992914207749,0.04856576770544052,0.0006105750799179077,0.02428552322089672,0.1921715885400772,0.004667803179472685,0.09611445665359497,0.012674742240352197,-0.0011831175286182811,0.016479482312649216,0.1576688633747193,0.192228272557,0.18863473283745993,0.1394009979642273
10908.436,0.039082670385286955,0.001829725790644221,0.008617240699674658,0.16002470645062053,0.006750388987866487,0.04055998957047233,0.05337005853652954,0.0007272701477631927,0.026688385754823685,0.1921715885400772,0.004667803179472685,0.09611445665359497,0.014277357678335652,-0.0012255310496504272,0.018071145055149028,0.16007693402990403,0.192228272557,0.19751309529535385,0.14290153986888732
10908.457,0.04248272769667283,0.0019731865380608893,0.009578060097142507,0.17000286556558286,0.007173037370676841,0.04804096987234379,0.05823829397559166,0.0008481044787913561,0.02912326343357563,0.2181890308856964,0.006356173660606146,0.10914081335067749,0.015744067643829938,-0.0012759359059143782,0.01954520333643312,0.1700637703913093,0.218281596899,0.2101233657736673,0.1554636790641279
10908.476,0.046090640622323376,0.0021180917084486772,0.010625713985725309,0.1803956462785897,0.007245258519231248,0.052382694427996694,0.05823829397559166,0.0008481044787913561,0.02912326343357563,0.2181890308856964,0.006356173660606146,0.10914081335067749,0.012133473322340138,-0.001398990597081704,0.01849754944785032,0.18046244711332549,0.218281596899,0.21947116522806498,0.15505787270188714
10908.497,0.0499160691657001,0.0022718887999569892,0.011776231845787717,0.1912714271820572,0.007689854575947135,0.057525893007096714,0.05823829397559166,0.0008481044787913561,0.02912326343357563,0.2181890308856964,0.006356173660606146,0.10914081335067749,0.008304881328273546,-0.0015216877810067095,0.017347031587787914,0.19134872002661393,0.218281596899,0.22740688922557786,0.15448181836576755
10908.517,0.05393663181451647,0.0024375456491633196,0.01297225523926704,0.20102813243643033,0.008282842460135723,0.05980116967266082,0.07058622688055038,0.00127940543461591,0.035301029682159424,0.24332715570926666,0.00856348779052496,0.12173956632614136,0.016633170924588485,-0.0013740195096421043,0.022328774442892385,0.2011186623592692,0.243477791548,0.23808762062865313,0.17899323648835513
10908.537,0.05813676005054305,0.002598220073124935,0.014168180916868106,0.21000641179674523,0.008033721197905408,0.05979628387874807,0.07642607390880585,0.0014849291183054447,0.0382227823138237,0.24332715570926666,0.00856348779052496,0.12173956632614136,0.01827170543481587,-0.001372296855438562,0.024054601396955595,0.2100991534913045,0.243477791548,0.24840244815987275,0.18294391810728888
10908.557,0.06252744502750779,0.0027700255463994905,0.01547725308416226,0.21953424884344488,0.008590273663540269,0.06545360836327899,0.08256812393665314,0.001705100410617888,0.041295796632766724,0.2672540247440338,0.011042745783925056,0.13374103605747223,0.020021797173393877,-0.0013749598655086305,0.025818543548604463,0.21964090369419723,0.267482072115,0.26121532770671213,0.19439016603170722
10908.576,0.06709223532646583,0.002942754001199477,0.016845143626052238,0.22823951496367817,0.00863642274059628,0.06839452709922642,0.08256812393665314,0.001705100410617888,0.041295796632766724,0.2672540247440338,0.011042745783925056,0.13374103605747223,0.015452845485306047,-0.001498159234681469,0.024450653006714486,0.22835260813797514,0.267482072115,0.271899807051173,0.19364441103456353
10908.597,0.07185665564339466,0.0031313543552294876,0.018323387017764623,0.23822101584124192,0.0094300177012947,0.07391216958400593,0.08256812393665314,0.001705100410617888,0.041295796632766724,0.2672540247440338,0.011042745783925056,0.13374103605747223,0.010683537833862373,-0.0016222739178181505,0.0229724096150021,0.23835380621773264,0.267482072115,0.2802350595078729,0.19272592624154825
10908.616,0.07684930402869247,0.0033539308461559836,0.019916455089341797,0.24963241925944155,0.011128824546081882,0.07965340357712006,0.096961110830307,0.002398956334218383,0.04850070923566818,0.28892427682876587,0.01402390655130148,0.14463335275650024,0.020088799657105045,-0.0013553145319870723,0.028584254146326385,0.24980454273263036,0.289264410734,0.2917657853172739,0.21709541792251527
10908.636,0.08206592622736622,0.0036046876029025565,0.021548011275738452,0.260831109927994,0.012537837837054972,0.08157780931805204,0.10418421030044556,0.0027495541144162416,0.05211654305458069,0.28892427682876587,0.01402390655130148,0.14463335275650024,0.022094724326297714,-0.0013315031225926148,0.030568531778842237,0.26104070270365465,0.289264410734,0.3021272289913199,0.2217657505600672
10908.657,0.0875056026976338,0.0038848724756758157,0.023266170590555246,0.27198382350744216,0.014009243638357169,0.08590796573896453,0.11145763844251633,0.0031081163324415684,0.05575770512223244,0.309375137090683,0.017267948016524315,0.15492835640907288,0.023927482732336587,-0.001333767792352448,0.03249153453167719,0.2722361244549866,0.309856683016,0.3148826777151436,0.23195448378034084
10908.676,0.093150020602633,0.004182025097799302,0.02504516284785311,0.28222089526946753,0.014857631107201313,0.08894961287104153,0.11145763844251633,0.0031081163324415684,0.05575770512223244,0.309375137090683,0.017267948016524315,0.15492835640907288,0.018274982911982818,-0.001532041309580924,0.030712542274379327,0.28250445982103123,0.309856683016,0.3239879545657387,0.23086939319826572
10908.697,0.098999977792877,0.004496772055779252,0.02690157162887575,0.2924978595058156,0.015737347898653987,0.09282043904910589,0.11145763844251633,0.0031081163324415684,0.05575770512223244,0.309375137090683,0.017267948016524315,0.15492835640907288,0.012415800635163135,-0.001723243502066161,0.028856133493356688,0.2928153346640999,0.309856683016,0.33096127538337605,0.22961238946603424
10908.717,0.10506218464351691,0.004830470018801991,0.028838348833013443,0.30311034252537905,0.016684898150772745,0.0968388602047709,0.12779070436954498,0.0041476283222436905,0.0639408528804779,0.32755428552627563,0.02097257971763611,0.16411419212818146,0.022699379992488833,-0.001337919906273727,0.03510250404746446,0.30346540856943593,0.328225016594,0.3409606889062557,0.25357207393901915
10908.737,0.11132693871591029,0.005185499241585845,0.030803502667852103,0.3132377036128317,0.017751461138805203,0.09825769173978828,0.135979562997818,0.004671942908316851,0.06804370880126953,0.32755428552627563,0.02097257971763611,0.16411419212818146,0.024625112481919252,-0.001272579799136616,0.03724020613341743,0.31363582737200785,0.328225016594,0.3499259361364859,0.25868624457107336
10908.757,0.11777603280998286,0.0055604945591349875,0.03285360918316874,0.32245470472591714,0.01874976587875315,0.10250532577291731,0.14421014487743378,0.005205917172133923,0.07216770201921463,0.3445063829421997,0.024905487895011902,0.17270272970199585,0.026408200342377605,-0.0012226858119623004,0.03931409283604589,0.32289658475429034,0.345405459404,0.3604399512407684,0.26788722964469486
10908.777,0.12439518173060626,0.0059589159989879015,0.03495875696249787,0.330957446023946,0.019921071992210864,0.10525738896415864,0.14421014487743378,0.005205917172133923,0.07216770201921463,0.3445063829421997,0.024905487895011902,0.17270272970199585,0.019776537759639556,-0.00144510414328066,0.03720894505671676,0.3314515067140515,0.345405459404,0.36842943901178804,0.26628811257713153
10908.797,0.1311839949784441,0.006378925693459547,0.037205624010197516,0.33944066238448267,0.021000484723123894,0.11234335238253025,0.14421014487743378,0.005205917172133923,0.07216770201921463,0.3445063829421997,0.024905487895011902,0.17270272970199585,0.012973502713920504,-0.0016567309721100157,0.034962078009017114,0.33998690856964836,0.345405459404,0.37386168549908044,0.2643237468757284
10908.816,0.13815161673851054,0.0068267909307123675,0.039534372698970366,0.34838108799571726,0.022393261862152215,0.11643743443610091,0.16213281452655792,0.0066560194827616215,0.08115844428539276,0.35917380452156067,0.029214046895503998,0.18018211424350739,0.023955709739469543,-0.001118472670729206,0.041624071586422395,0.3489939424093625,0.360359936953,0.38224717128921415,0.28696959087892243
10908.837,0.14529582655944798,0.007305307617863632,0.041923337227620004,0.35721049107156305,0.023925834359217028,0.11944822644073837,0.17111216485500336,0.007386370562016964,0.08566299080848694,0.35917380452156067,0.029214046895503998,0.18018211424350739,0.025797052090064818,-0.0010009983286481806,0.043739653580866934,0.35789938352869394,0.360359936953,0.38976028130930457,0.2920389735596417
10908.857,0.15260132018969916,0.007813528126885516,0.044453044038987165,0.36527468150458586,0.025411025450539526,0.12648534056559713,0.18012458086013794,0.008127730339765549,0.09018448740243912,0.3726080060005188,0.03369486331939697,0.18706420063972473,0.027510033805611716,-0.0009091979859202707,0.04573144336345195,0.3660430616336208,0.374128401279,0.3984564962107794,0.3000712467892802
10908.876,0.16007566940243734,0.008360150111195175,0.04704045084644628,0.3737174606287515,0.027331099214886356,0.12937034037013181,0.18012458086013794,0.008127730339765549,0.09018448740243912,0.3726080060005188,0.03369486331939697,0.18706420063972473,0.020015804292768696,-0.0011749247220363547,0.04314403655599284,0.37458924824718726,0.374128401279,0.40445101801858224,0.29755203901937777
10908.897,0.16771891958462012,0.008942440302536658,0.04978866885600411,0.3821625091007976,0.029114509566438667,0.13741090047489213,0.18012458086013794,0.008127730339765549,0.09018448740243912,0.3726080060005188,0.03369486331939697,0.18706420063972473,0.01234974161532263,-0.0014311065792208498,0.04039581854643501,0.3831379072702555,0.374128401279,0.40770785392023234,0.29459947715381546
10908.917,0.1755288981013832,0.009555759797142849,0.05266797872422696,0.37190373891435413,0.02920569022098168,0.1371099937325935,0.19928470253944397,0.01003760751336813,0.09981217235326767,0.3837492763996124,0.03843049332499504,0.19283714890480042,0.02374822996504556,-0.0007694122746172533,0.04714419362904071,0.3729255369042413,0.38566878438,0.41668525523167654,0.3139742952393175
10908.937,0.18350584257991787,0.010209521516295172,0.0555569167890997,0.4198391830756273,0.034408511533911175,0.1520493718335441,0.20887842774391174,0.010998370125889778,0.10463310033082962,0.3837492763996124,0.03843049332499504,0.19283714890480042,0.025377241546612136,-0.0006212660604639914,0.04907618354172992,0.421102065558038,0.38566878438,0.4188128675613494,0.3211854572596661
10908.956,0.19159790043810784,0.01087894700881853,0.05845751834356491,0.40460289290066725,0.033471274625437225,0.14503007772009494,0.21849656105041504,0.011971013620495796,0.10946677625179291,0.39365503191947937,0.04326510801911354,0.19801273941993713,0.02691651670266857,-0.0004813323336228053,0.051009257908227995,0.40586730220583894,0.396025449038,0.4245637006169021,0.32690269886966183
10908.977,0.19978334382616797,0.011558174822475231,0.06136335651385623,0.38978301846716923,0.032344181601713935,0.13837324620012945,0.21849656105041504,0.011971013620495796,0.10946677625179291,0.39365503191947937,0.04326510801911354,0.19801273941993713,0.01870331360735052,-0.0007355235279072844,0.04810341973793668,0.3910328944343631,0.396025449038,0.43136877372298443,0.3221169962317798
10908.997,0.2080208062710897,0.012242554296928998,0.06426282260966765,0.4335506550320747,0.03601997234267896,0.15260347873965638,0.21849656105041504,0.011971013620495796,0.10946677625179291,0.39365503191947937,0.04326510801911354,0.19801273941993713,0.010436693343600614,-0.0009437184893589505,0.04520395364212526,0.43496889597229327,0.396025449038,0.43009052984104285,0.32080464293212824
10909.017,0.21634334720938928,0.012961163608741333,0.067224615596887,0.41612704690589514,0.03593046558983246,0.14808964935773516,0.23854124546051025,0.014369148761034012,0.11956076323986053,0.40126705169677734,0.0482056587934494,0.20207922160625458,0.02224233931950351,-8.631658163235135e-05,0.052336147642973535,0.4176007237833069,0.404152244329,0.43469358514410733,0.33809693811842767
10909.037,0.22477994857715303,0.013734137049895345,0.07027772393709293,0.42183006837897996,0.038648672056857,0.15265541700696444,0.2485729157924652,0.015574290417134762,0.12461274117231369,0.40126705169677734,0.0482056587934494,0.20207922160625458,0.023863450519736824,0.00016487151347416968,0.05433501723522076,0.4235027018940736,0.404152244329,0.43880471167471663,0.2899528226106821
10909.057,0.23334411411020287,0.014577315024940196,0.0734191449835957,0.4282082766431451,0.04215889875132231,0.15707105232170973,0.25862032175064087,0.016791608184576035,0.12967327237129211,0.40764522552490234,0.05315897986292839,0.20554834604263306,0.025370539666099295,0.00035423711018020836,0.05625412738769642,0.43014718453648654,0.411096721888,0.44326053346762967,0.29817672240696647
10909.076,0.24205917491938875,0.015497243232827196,0.07656099544970812,0.43575304048941405,0.04599641039752933,0.15709252331647988,0.25862032175064087,0.016791608184576035,0.12967327237129211,0.40764522552490234,0.05315897986292839,0.20554834604263306,0.016611634327777652,2.387372629332799e-05,0.05311227692158399,0.4379946539042178,0.411096721888,0.4448469052294669,0.2895617996386694
10909.097,0.250874507215364,0.016444327560123262,0.07970343097805474,0.41977772836697375,0.04509925367938999,0.14963978705956207,0.25862032175064087,0.016791608184576035,0.12967327237129211,0.40764522552490234,0.05315897986292839,0.20554834604263306,0.007748874543780092,-0.0002705364148945911,0.049969841393237374,0.4220358469616393,0.411096721888,0.44698605140645814,0.33968962411248915
10909.117,0.259761161883716,0.017425768175087564,0.08277513021913908,0.44433273340790286,0.04907203074714395,0.15358496205086478,0.27919721603393555,0.019682051613926888,0.14006291329860687,0.4117380678653717,0.05804930254817009,0.20790831744670868,0.019556057890970875,0.0006415727952793035,0.05728778307946779,0.44686868691244236,0.415809988976,0.44861133170414136,0.29833227312588706
10909.137,0.2686972767631761,0.01843238363347577,0.08585246852722137,0.470321835755295,0.05297976096715103,0.16196517410760897,0.289490669965744,0.021133285015821457,0.14526061713695526,0.4117380678653717,0.05804930254817009,0.20790831744670868,0.020948404191208896,0.0009079818255314097,0.059408148609733896,0.4731324699786429,0.415809988976,0.4469315522018877,0.30035308612762707
10909.156,0.27767774813609775,0.019472930388123033,0.08893238272143501,0.4490235686362802,0.052027337731227585,0.15399570970732102,0.29979121685028076,0.022596340626478195,0.15046268701553345,0.4146042764186859,0.06285753101110458,0.2096710354089737,0.022303485278670335,0.0011470547128836213,0.061530304294098434,0.451869900456068,0.419342070818,0.4489142200722929,0.308251444644107
10909.176,0.28668223694175443,0.020547347245904013,0.09197999605689595,0.4502244403139545,0.053720842892762265,0.15238066678357987,0.29979121685028076,0.022596340626478195,0.15046268701553345,0.4146042764186859,0.06285753101110458,0.2096710354089737,0.013241766680873256,0.0008362674722232808,0.05848269095863749,0.4532555397768416,0.419342070818,0.44886738820094957,0.3004439444041033
10909.196,0.2957014459804309,0.021654093807748853,0.09506488396977403,0.45096045192398043,0.055337328091034116,0.15424439564053682,0.29979121685028076,0.022596340626478195,0.15046268701553345,0.4146042764186859,0.06285753101110458,0.2096710354089737,0.004160744200702454,0.0005497840772511247,0.05539780304575942,0.45417696297450166,0.419342070818,0.4428458425518944,0.29268288753156935
10909.217,0.3047206757433552,0.022784093635030755,0.09806883192766913,0.4509614881363713,0.05649999136286184,0.15019739789147668,0.3205510079860687,0.025956396013498306,0.16097785532474518,0.4152258336544037,0.06742562353610992,0.210335835814476,0.016064874711484694,0.0016070848762357354,0.06290902339707605,0.4543266763297592,0.420664608479,0.44347903095501057,0.30927201996964593
10909.236,0.31371150666764525,0.023926464687709426,0.10104832181769571,0.4495415462046894,0.05711855263268673,0.14897449449807731,0.3309316635131836,0.027642037719488144,0.1662362515926361,0.4152258336544037,0.06742562353610992,0.210335835814476,0.017507129956900937,0.0019595115237232754,0.0651879297749404,0.453010333847465,0.420664608479,0.4445195895850523,0.3137320407401283
10909.257,0.3226904496350699,0.02508992867763482,0.10402600455795354,0.44894714840226346,0.05817319950029078,0.14888413702318223,0.3413114547729492,0.029338568449020386,0.17149512469768524,0.4148761034011841,0.07185505330562592,0.21052630245685577,0.018961515530357614,0.002292095339189666,0.0674691201397317,0.45256083473918757,0.421052634716,0.44603838161136233,0.31834792396636363
10909.277,0.3316477268700628,0.026271095975707315,0.10700477124338191,0.4478638617398691,0.05905836490233558,0.14893833426816772,0.3413114547729492,0.029338568449020386,0.17149512469768524,0.4148761034011841,0.07185505330562592,0.21052630245685577,0.009936063895420769,0.0020178351324316043,0.06449035345430333,0.45160975593471453,0.421052634716,0.4458571713471216,0.31116211350883405
10909.297,0.3405823418337154,0.027487471516832507,0.10999595465421896,0.4467307481728793,0.060818777054932056,0.1495591705385881,0.3413114547729492,0.029338568449020386,0.17149512469768524,0.4148761034011841,0.07185505330562592,0.21052630245685577,0.0009279094086676802,0.0017598720577983993,0.06149917004346628,0.4507072871347923,0.421052634716,0.43996641273998494,0.3039926546224409
10909.317,0.34948931572824793,0.028734349447388507,0.11307156811295357,0.4453486947169062,0.0623438965264392,0.15378067293337383,0.3620178699493408,0.033138688653707504,0.18202143907546997,0.4140896201133728,0.07621684670448303,0.210526242852211,0.012945494644680065,0.002962607486614265,0.0689498709625164,0.44953910573139694,0.421045392752,0.4407212654765145,0.3205165026463809
10909.337,0.3583422611899441,0.03002645655537506,0.11617613448596435,0.4426472731154056,0.06460535540379317,0.15522831866126854,0.3723701238632202,0.0350441075861454,0.18728460371494293,0.4140896201133728,0.07621684670448303,0.210526242852211,0.01451492370301855,0.003357788400485339,0.07110846922897858,0.44715217783081035,0.421045392752,0.4422154528812886,0.32507500388455846
10909.356,0.36716071627668473,0.031360614055024216,0.11931109474320759,0.44092275432740646,0.06670787498100181,0.15674801285874015,0.38272035121917725,0.036960236728191376,0.1925477534532547,0.4132715165615082,0.080572709441185,0.21052633225917816,0.016115532648100197,0.0037077784579851135,0.07323665871004711,0.4457282975660881,0.421052604914,0.444079699419364,0.3294162032199846
10909.377,0.37594502881914726,0.03272907504481304,0.1224773040167018,0.4392156271135396,0.06842304948794758,0.15831046367125526,0.38272035121917725,0.036960236728191376,0.1925477534532547,0.4132715165615082,0.080572709441185,0.21052633225917816,0.007241495271743646,0.003371716038540531,0.0700704494365529,0.44428480905016465,0.421052604914,0.4444363056776175,0.32191902480607604
10909.396,0.3846989130756694,0.03412150631184485,0.12564540974295835,0.4376942128165524,0.06962156335007096,0.15840528630936962,0.38272035121917725,0.036960236728191376,0.1925477534532547,0.4132715165615082,0.080572709441185,0.21052633225917816,-0.0016072291088501671,0.003064296328412325,0.06690234371029635,0.44296849871955385,0.421052604914,0.439168657895765,0.3144730695310994
10909.416,0.3934465797453962,0.03552868530171194,0.1289060712859546,0.4373833335165735,0.07035894949821762,0.16303307716108195,0.40334221720695496,0.04119540750980377,0.20307406783103943,0.4123938977718353,0.08491701632738113,0.21052639186382294,0.010541988009223761,0.004347628108252651,0.07416799654508482,0.4427990109448802,0.421045869589,0.4404360255011451,0.3309792345176025
10909.437,0.402162297912092,0.036949669423099185,0.13216404687235217,0.4357859083252781,0.07104920606781152,0.16289877931632255,0.41365206241607666,0.043318331241607666,0.2083372324705124,0.4123938977718353,0.08491701632738113,0.21052639186382294,0.012228822560506824,0.004799004115354831,0.07617318559816022,0.4413482735318651,0.421045869589,0.4422667964209444,0.33544515468979746
10909.457,0.41084968286296464,0.03839015213047492,0.13544690369558238,0.4343692475341498,0.07202413536721458,0.16414284115792746,0.4239596724510193,0.045451920479536057,0.21360039710998535,0.4114838242530823,0.08925466984510422,0.21052631735801697,0.013943489005039432,0.005226807207181784,0.07815349341440297,0.44011654059473876,0.421052634716,0.44463546901192225,0.3398135342092772
10909.477,0.4195150435612619,0.039855036371376995,0.13867409413412615,0.4332680349054059,0.07324421204350502,0.16135952192366665,0.4239596724510193,0.045451920479536057,0.21360039710998535,0.4114838242530823,0.08925466984510422,0.21052631735801697,0.00517561872624107,0.004928773527807114,0.0749263029758592,0.43923327713004356,0.421052634716,0.4453435691108491,0.33228564922568254
10909.497,0.4281804915145805,0.041331969734217155,0.1418248145975475,0.43327239769587766,0.07384666814711242,0.15753602318195678,0.4239596724510193,0.045451920479536057,0.21360039710998535,0.4114838242530823,0.08925466984510422,0.21052631735801697,-0.0035960864184437875,0.004675197341531107,0.07177558251243785,0.43936043089741944,0.421052634716,0.43998674934184395,0.3248722160118099
10909.516,0.43686389294368155,0.042839037896341026,0.1450015786658737,0.43417007144557634,0.0753534081045487,0.15883820341284313,0.4444877803325653,0.050120264291763306,0.22412671148777008,0.41051486134529114,0.09357956051826477,0.21052639186382294,0.00859597332509191,0.006103208937442926,0.07912513282189637,0.4405018655449021,0.421045809984,0.4411924543965169,0.34176809413525955
10909.537,0.44552124810519533,0.04436207037828355,0.14815482251382397,0.4328677580662404,0.07615162409546383,0.15766219239407184,0.454750657081604,0.052459754049777985,0.22938987612724304,0.41051486134529114,0.09357956051826477,0.21052639186382294,0.010323628830593566,0.006646590002816327,0.08123505361341907,0.4393667517144956,0.421045809984,0.4429936664190016,0.34659929553244395
10909.556,0.4541577819275832,0.04590918331500926,0.1513938133576776,0.43182669110996824,0.0773556468345972,0.16194954218914615,0.4650110602378845,0.05480985343456268,0.2346530258655548,0.4095137417316437,0.09789706766605377,0.21052631735801697,0.012071501446470767,0.007162013088917254,0.08325921250787721,0.4385538642148239,0.421052664518,0.4452820747254517,0.35122202481482656
10909.577,0.4627591681230333,0.0475025329953509,0.15472423857468454,0.4300693098022315,0.07966748402258865,0.16652126086185712,0.4650110602378845,0.05480985343456268,0.2346530258655548,0.4095137417316437,0.09789706766605377,0.21052631735801697,0.0033511050513389392,0.0068729938915397006,0.07992878729087027,0.43720909768847294,0.421052664518,0.4460120812437796,0.3436321362200345
10909.596,0.47131343208151033,0.04912023788305464,0.15808822553801846,0.42771319791451523,0.08088524438342153,0.16819934816302487,0.4650110602378845,0.05480985343456268,0.2346530258655548,0.4095137417316437,0.09789706766605377,0.21052631735801697,-0.005328062275664528,0.006610852317661474,0.07656480032753635,0.4351134491919001,0.421052664518,0.4414601278052512,0.3361335639364811
10909.616,0.47987149010785146,0.05077117878999082,0.1615125671243201,0.42790290130771635,0.0825470453450073,0.17121707931134486,0.485436350107193,0.05990930274128914,0.24517935514450073,0.4084535837173462,0.10220061242580414,0.21052634716033936,0.006961947648621995,0.008124300652943,0.08366678802018063,0.4356083150943364,0.421045482159,0.44315393985798507,0.3530309830586781
10909.637,0.4884358150102026,0.0524470369152511,0.16493503177729035,0.4282162451082105,0.08379290626118481,0.1711232326447771,0.49564769864082336,0.06246431916952133,0.2504425048828125,0.4084535837173462,0.10220061242580414,0.21052634716033936,0.00875873132513518,0.008697231446697772,0.08550747310552215,0.4361627431196939,0.421045482159,0.44515629796081924,0.35741789685144376
10909.656,0.4970025168654422,0.054143392992116124,0.16836354748986943,0.42833509275263093,0.08481780384139982,0.17142578562521174,0.5058563351631165,0.06502989679574966,0.25570565462112427,0.40736210346221924,0.10649608075618744,0.21052630245685577,0.010552871408794899,0.009248944185375849,0.08734210713125484,0.43649142227726656,0.421052604914,0.4474987214790069,0.3617663482628384
10909.677,0.505584449357575,0.055860864550584144,0.1718168152535413,0.4290966246362967,0.08587357792933673,0.17266338819552904,0.5058563351631165,0.06502989679574966,0.25570565462112427,0.40736210346221924,0.10649608075618744,0.21052630245685577,0.001835536642777677,0.008987540232853506,0.08388883936758296,0.43746054311027793,0.421052604914,0.44373205543831673,0.35382350292237885
10909.696,0.5141772232843009,0.05760561327725111,0.17530370111889432,0.4296386963269205,0.08723743633144414,0.17434429326384476,0.5058563351631165,0.06502989679574966,0.25570565462112427,0.40736210346221924,0.10649608075618744,0.21052630245685577,-0.0068985105581833095,0.008761718836332949,0.08040195350222995,0.4382687252854683,0.421052604914,0.43852600139304343,0.34594331172935877
10909.717,0.522772571915666,0.059380032319908516,0.17881361708285287,0.42976743155887004,0.08872095213093364,0.175495798194097,0.5261697769165039,0.07055818289518356,0.2662319839000702,0.4062115550041199,0.11077620834112167,0.21052618324756622,0.005331208734072326,0.01039568494785174,0.08741836681721732,0.43869506750596954,0.421045362949,0.43953635857694334,0.3629746847988081
10909.736,0.5313369188216348,0.061173935579270866,0.18231158600076036,0.4282173452890957,0.08969516296615967,0.17489844589155684,0.5363250374794006,0.07332758605480194,0.27149513363838196,0.4062115550041199,0.11077620834112167,0.21052618324756622,0.007108949008310234,0.01104786819357351,0.0891835476376216,0.43738262638593706,0.421045362949,0.44111622281887447,0.36764995036885834
10909.757,0.5398740173797877,0.06299050542364948,0.18580879276309392,0.4268549279371488,0.09082849222520885,0.17486033812876464,0.5464774370193481,0.07610749453306198,0.2767582833766937,0.4050300121307373,0.115047886967659,0.21052631735801697,0.008913007782236745,0.011671282984589406,0.0909494906135998,0.4362873287420266,0.421052634716,0.44324050051846886,0.37224468854101567
10909.776,0.5483763836107756,0.06482257641559008,0.18930059466126342,0.42511831154011454,0.0916035495950307,0.17459009490466407,0.5464774370193481,0.07610749453306198,0.2767582833766937,0.4050300121307373,0.115047886967659,0.21052631735801697,0.00025848197996467567,0.011440653921047208,0.0874576887154303,0.434761259533638,0.421052634716,0.4397972754802489,0.3646155242810488
10909.796,0.5568726430816249,0.06669634211369435,0.19284068584079395,0.42481297353319275,0.0936882849031684,0.1770045589726626,0.5464774370193481,0.07610749453306198,0.2767582833766937,0.4050300121307373,0.115047886967659,0.21052631735801697,-0.008398892620686303,0.011228922552228474,0.08391759753589978,0.43489369271111733,0.421052634716,0.43457006571763,0.3567718131168436
10909.817,0.5653787110386642,0.06859444923990665,0.19643645541336388,0.4253033978426837,0.09490535630854345,0.17978847862457234,0.5666700005531311,0.08206218481063843,0.28728461265563965,0.4037904441356659,0.11930306255817413,0.2105264961719513,0.0038950287585125063,0.01295670023515581,0.09084815724227577,0.4356473058240846,0.421046257019,0.4358664849922654,0.37392657619755165
10909.837,0.5738777501672259,0.0705052179191723,0.2000734307785172,0.4249519564574557,0.09553843396988632,0.18184876827023522,0.5767647624015808,0.08504476398229599,0.2925477623939514,0.4037904441356659,0.11930306255817413,0.2105264961719513,0.0057190303229674505,0.013675742448876019,0.09247433161543422,0.43546244151194763,0.421046257019,0.43743872660727867,0.37846502605776017
10909.856,0.5823733183423365,0.07244197092453958,0.20372682704178727,0.4247784087462608,0.09683765026625002,0.1826698131595165,0.5868564248085022,0.08803777396678925,0.29781094193458557,0.4025183618068695,0.1235487163066864,0.21052631735801697,0.007545743364772942,0.014366247707477608,0.0940841148927983,0.43558596243586206,0.421052634716,0.4394725400461529,0.3828748220849449
10909.876,0.5908505265699414,0.07438442722973226,0.20742375286613693,0.4238604113709927,0.0971228152575143,0.18484629121344828,0.5868564248085022,0.08803777396678925,0.29781094193458557,0.4025183618068695,0.1235487163066864,0.21052631735801697,-0.001096722802583269,0.014183226892965164,0.09038718906844864,0.43477627167867416,0.421052634716,0.4358375174185577,0.37500017379077477
10909.896,0.5993210082858346,0.07634930302103726,0.21116926006660355,0.423524085785413,0.09824378956310548,0.18727536001924341,0.5868564248085022,0.08803777396678925,0.29781094193458557,0.4025183618068695,0.1235487163066864,0.21052631735801697,-0.009737759053975429,0.01404144732282947,0.08664168186798202,0.4347083599151433,0.421052634716,0.43045059043038225,0.3670688453208606
10909.917,0.6077988566657231,0.07835881591661947,0.21491493769700715,0.4037070657316367,0.09569109027119058,0.17836560145780161,0.6069191098213196,0.09441621601581573,0.3083372414112091,0.4011886417865753,0.1277766227722168,0.21052618324756622,0.0025649627097638376,0.015875610815128564,0.09342230371420196,0.41482709401966583,0.421045362949,0.4346362295768844,0.38678720922994236
10909.937,0.6162545832008188,0.0803898611884607,0.21864659776867296,0.445038238683796,0.10689711956928086,0.19640316166421481,0.6169488430023193,0.09761063009500504,0.3136003911495209,0.4011886417865753,0.1277766227722168,0.21052618324756622,0.004413064395066043,0.01666018430419016,0.09495379338084792,0.45762963634193116,0.421045362949,0.4292672871421097,0.3860915064936022
10909.956,0.6246936374065144,0.08246745869413241,0.22236715563617893,0.4219527102755683,0.10387987528131819,0.18602789337123787,0.6169488430023193,0.09761063009500504,0.3136003911495209,0.4011886417865753,0.1277766227722168,0.21052618324756622,-0.004214441546593671,0.016478348305877105,0.09123323551334195,0.4344730217126395,0.421045362949,0.42511489461534024,0.38095205965222856
10909.977,0.633108759034755,0.08458824475004373,0.22606542132574256,0.42075608140284837,0.10603930279325123,0.18491328447414546,0.6369389295578003,0.10420993715524673,0.3241267204284668,0.3984098732471466,0.13619370758533478,0.21052618324756622,0.00813081544973262,0.018263922338928054,0.09806129910272424,0.43381845972113375,0.421045303345,0.42764518718937755,0.3982999861837352
10909.997,0.6414938791584252,0.08675008868811263,0.2297740393595512,0.41925600621248454,0.10809219691091636,0.18543090170324963,0.6369389295578003,0.10420993715524673,0.3241267204284668,0.3984098732471466,0.13619370758533478,0.21052618324756622,-0.00045862432021753687,0.018038390673572373,0.09435268106891559,0.43285588060506097,0.421045303345,0.42453570504811333,0.390333306042803
10910.017,0.6498794529768656,0.08896634523282682,0.23354853904404554,0.41927869091286835,0.1108128272332907,0.18872498422059739,0.6468991637229919,0.10761477798223495,0.32938987016677856,0.3984098732471466,0.13619370758533478,0.21052618324756622,0.0014164504738058145,0.018831883498503482,0.09584133112273302,0.43354135355433343,0.421045303345,0.4257533908017841,0.3947760606280769
10910.037,0.6582626940387178,0.09122031081478338,0.2373290916409879,0.41916205308346494,0.11269827909536818,0.1890276298429914,0.6572578549385071,0.11115581542253494,0.334863543510437,0.3984098732471466,0.13619370758533478,0.21052618324756622,0.0037103123444035832,0.019612945415973672,0.09753445186944912,0.43390888804769595,0.421045303345,0.42741276313567467,0.39962618748537704
10910.056,0.6666486087026323,0.09351917875820348,0.24111964081959472,0.4192957331865713,0.11494339716849614,0.18952745892620443,0.6572578549385071,0.11115581542253494,0.334863543510437,0.3984098732471466,0.13619370758533478,0.21052618324756622,-0.004907637814114772,0.019368848705422423,0.09374390269084229,0.43461335795466777,0.421045303345,0.4231926479729293,0.3912886274358777
10910.076,0.675047626515867,0.0958597554526689,0.24494803236052531,0.4199508906907632,0.11702883473135986,0.19141957705976084,0.6767061948776245,0.11803828179836273,0.34517931938171387,0.3954553008079529,0.14455068111419678,0.2105264961719513,0.00698748366338022,0.02111428312615072,0.10023128702118855,0.43579551059120536,0.421046078205,0.42530359657966266,0.40770152370773344
10910.097,0.6834471066039935,0.09823140736904168,0.24876408640023384,0.41997400439715893,0.11858259581605088,0.19080270198126156,0.6767061948776245,0.11803828179836273,0.34517931938171387,0.3954553008079529,0.14455068111419678,0.2105264961719513,-0.0016568324412678075,0.02085682314790904,0.09641523298148003,0.4362419138788649,0.421046078205,0.42156409713200477,0.3993279481747469
10910.117,0.6918361090578927,0.10062758544156508,0.2526233234091821,0.41945012268580306,0.11980890362355497,0.19296185044320038,0.6865925788879395,0.12165205180644989,0.350442498922348,0.3954553008079529,0.14455068111419678,0.2105264961719513,0.00017785675336355698,0.021667744726820686,0.09781917551316593,0.43608242580082707,0.421046078205,0.4182449932269409,0.4037839517242853
10910.136,0.7001761162370506,0.10301001862499559,0.2565282648741071,0.4170003589487897,0.11912165916892534,0.19524707324199006,0.6964789628982544,0.12526582181453705,0.3557056486606598,0.3954553008079529,0.14455068111419678,0.2105264961719513,0.0020706603402605777,0.022465575536305477,0.09917738378655266,0.4335787367659328,0.421046078205,0.4197063592778259,0.4084668608232388
10910.157,0.7084400027152843,0.105383313963752,0.26047711581769806,0.41319432390266725,0.11866476693523026,0.19744254717523682,0.6964789628982544,0.12526582181453705,0.3557056486606598,0.3954553008079529,0.14455068111419678,0.2105264961719513,-0.006436987649257383,0.02229228077035662,0.09522853284296173,0.42981724118035664,0.421046078205,0.41574800903232,0.40066628598152454
10910.176,0.7166438426039631,0.1077702275720478,0.26448041378264997,0.41019199446229254,0.11934568042303902,0.20016489826143136,0.7161735892295837,0.13270072638988495,0.3662319779396057,0.3923242390155792,0.15284328162670135,0.21052618324756622,0.006063124513357162,0.024186554750063562,0.10175156415695574,0.42712687494406537,0.421045571566,0.41881821894521504,0.4182224433551079
10910.197,0.7248029666448348,0.11018595480801635,0.26846619209677747,0.4079562020346808,0.12078636179579132,0.1992889157020248,0.7161735892295837,0.13270072638988495,0.3662319779396057,0.3923242390155792,0.15284328162670135,0.21052618324756622,-0.0023481553313179143,0.02399723443437943,0.09776578584282825,0.42538168370119217,0.421045571566,0.41655481678732537,0.41007646781012647
10910.216,0.7329663781742395,0.11268960672538336,0.27245641186660907,0.4081705764613253,0.12518259586561808,0.19951098848722532,0.7259817123413086,0.13652180135250092,0.3714951276779175,0.3923242390155792,0.15284328162670135,0.21052618324756622,-0.00031382392701870265,0.024832651330161132,0.09903871581130841,0.42680069367330664,0.421045571566,0.4145324704304709,0.41428176304457176
10910.237,0.7411438520028584,0.11525827265569083,0.27645782870361724,0.40887369142201946,0.12843329651256996,0.20007084184604113,0.7357897758483887,0.14034289121627808,0.37675827741622925,0.3923242390155792,0.15284328162670135,0.21052618324756622,0.0016960662713531227,0.025593506578841393,0.10030044871261201,0.4284038944086624,0.421045571566,0.4167382276744138,0.41825270643070844
10910.256,0.7493185530120248,0.11787698126625767,0.28046529516997604,0.4087350504865722,0.13093543053739268,0.20037332333179012,0.7357897758483887,0.14034289121627808,0.37675827741622925,0.3923242390155792,0.15284328162670135,0.21052618324756622,-0.006781537211858654,0.025332897080079957,0.09629298224625321,0.42900773547168,0.421045571566,0.41310396705649144,0.40959059154333277
10910.277,0.7574614783900113,0.12051988691282184,0.28453241528253165,0.4071462688904406,0.13214528232532377,0.20335600562334172,0.7553235292434692,0.14819073677062988,0.38728460669517517,0.3890197277069092,0.16106845438480377,0.2105264961719513,0.005715459568715482,0.027158429268367753,0.10275219141264352,0.42787047409267853,0.421045601368,0.416251151445619,0.42669124982343454
10910.297,0.7655461833701865,0.12315738130561144,0.2886000904348141,0.40423524899993724,0.1318747196366013,0.20338375760968344,0.7553235292434692,0.14819073677062988,0.38728460669517517,0.3890197277069092,0.16106845438480377,0.2105264961719513,-0.002675122731314216,0.02690753168919188,0.09868451626036107,0.4250503189616366,0.421045601368,0.41405465127240787,0.4184327060847869
10910.318,0.7735823652980932,0.1258208927170157,0.29267834864352327,0.36528099673921877,0.12106870052374048,0.18537537313135907,0.7650490403175354,0.15221744775772095,0.39254775643348694,0.3890197277069092,0.16106845438480377,0.2105264961719513,-0.0005545680300726016,0.027736045275792574,0.09986940778996367,0.3846777254429691,0.421045601368,0.42281440610193327,0.428043004174726
10910.337,0.7815849377263746,0.12851921530519933,0.2967888505094961,0.4445873571260254,0.1499068104544045,0.22836121477589952,0.7747745513916016,0.156244158744812,0.3978109359741211,0.3890197277069092,0.16106845438480377,0.2105264961719513,0.0015955465291969465,0.028504527395341133,0.10102208546462499,0.46899062039838946,0.421045601368,0.41609050506789486,0.42094072739200383
10910.356,0.7895861988124522,0.13127637232762546,0.3009034757018829,0.40006305429514605,0.13785785111829718,0.2057312596148499,0.7747745513916016,0.156244158744812,0.3978109359741211,0.3890197277069092,0.16106845438480377,0.2105264961719513,-0.006746114164092506,0.028235884997266626,0.09690746027223818,0.4229466151142741,0.421045601368,0.41339818019124297,0.41833101060438926
10910.377,0.7975839653158059,0.13409008399804034,0.30505887454125236,0.3998883251589568,0.14068558351767346,0.2077699419639368,0.7945242524147034,0.16467070579528809,0.4085477590560913,0.38554298877716064,0.16922177374362946,0.21052618324756622,0.006266425601838517,0.030087674930444522,0.10348888451483895,0.4236800108146548,0.421045601368,0.4173315156311243,0.43561188105260495
10910.396,0.805557723337222,0.13693705918246823,0.3092212543078745,0.39868790106210195,0.14234875921828738,0.20811898832656464,0.7945242524147034,0.16467070579528809,0.4085477590560913,0.38554298877716064,0.16922177374362946,0.21052618324756622,-0.0020703448391310494,0.02977593503636655,0.0993265047482168,0.42309760622043197,0.421045601368,0.4156147918360525,0.4267719269319148
10910.417,0.8134875887050055,0.1397863670810875,0.31342319160893906,0.39649326841658156,0.1424653949408103,0.2100968650677498,0.8037773370742798,0.16873201727867126,0.4136003851890564,0.38554298877716064,0.16922177374362946,0.21052618324756622,-0.0003127722072281368,0.030529360059445697,0.10017719358011734,0.4211020741657351,0.421045601368,0.4187254536959677,0.43056183950320215
10910.437,0.8213563458728106,0.1426139084390904,0.3176583605830994,0.39343785838166745,0.14137706789705876,0.21175844870339372,0.8134158849716187,0.17296256124973297,0.41886353492736816,0.38554298877716064,0.16922177374362946,0.21052618324756622,0.0019359922276901385,0.03131043884774861,0.10120517434426879,0.417912060786898,0.421045601368,0.4224218173787435,0.4349714134443853
10910.457,0.8291724382952881,0.14540718840844902,0.3219221824619948,0.39080462111534425,0.13966399846488298,0.2131910939401166,0.8134158849716187,0.17296256124973297,0.41886353492736816,0.38554298877716064,0.16922177374362946,0.21052618324756622,-0.006228863137099895,0.031125051149887055,0.09694135246537339,0.41491697479883355,0.421045601368,0.42104091604452154,0.42661970283906436
10910.477,0.836982604748898,0.1482047995014883,0.32623016656833903,0.39050832267197,0.1398805546489105,0.21539920531251097,0.8326019644737244,0.18162569403648376,0.4293898642063141,0.3818958103656769,0.17730063199996948,0.2105264961719513,0.006560945119525261,0.03306206587432704,0.10315969763797506,0.41473994738097114,0.421046227217,0.42663569918299826,0.4437359207593584
10910.497,0.8448135829139803,0.1510434603085074,0.3305310348623153,0.3915489082811835,0.1419330403607662,0.2150434147136764,0.8326019644737244,0.18162569403648376,0.4293898642063141,0.3818958103656769,0.17730063199996948,0.2105264961719513,-0.0016252829643449793,0.03289004560666928,0.09885882934399881,0.4164181278289615,0.421046227217,0.4298803159111073,0.4347344769288844
10910.516,0.8526811799296558,0.15395031547695298,0.33486222940606025,0.39337985077518384,0.14534275841910632,0.21655972718252178,0.8421493768692017,0.18605820834636688,0.43465304374694824,0.3818958103656769,0.17730063199996948,0.2105264961719513,0.0006050872337105377,0.03378564087978132,0.09979081434088799,0.41929510792636693,0.421046227217,0.43337129521219264,0.4384809765167747
10910.536,0.8606069763520962,0.15695628354938002,0.3392102475880946,0.3962898211133699,0.15029840361807104,0.21740090909697166,0.851696789264679,0.19049072265625,0.43991619348526,0.3818958103656769,0.17730063199996948,0.2105264961719513,0.0027558667517169413,0.034588368544814715,0.10070594589716542,0.42371899133791185,0.421046227217,0.4367023798510622,0.4417392407036157
10910.557,0.8685760469578325,0.16003751668863958,0.34356930219220944,0.39845353027812125,0.1540616569596154,0.21795273020098468,0.851696789264679,0.19049072265625,0.43991619348526,0.3818958103656769,0.17730063199996948,0.2105264961719513,-0.005634645453026516,0.03435924714827544,0.09634689129305057,0.4270629065834172,0.421046227217,0.4338256797107948,0.43230809161465544
10910.577,0.8765806342943395,0.1631820651618538,0.347957647059994,0.4002293668530143,0.15722742367157855,0.21941724340439422,0.8706962466239929,0.19955581426620483,0.45044252276420593,0.3780774474143982,0.1853003203868866,0.21052618324756622,0.006870926078548511,0.03620035934882867,0.10248487570421194,0.4298552307532249,0.42104485631,0.4371798369887667,0.4484825070444378
10910.598,0.8846048966372801,0.16637751178450938,0.35231525586693585,0.3821077306045699,0.15216412488372172,0.2075051812766189,0.8706962466239929,0.19955581426620483,0.45044252276420593,0.3780774474143982,0.1853003203868866,0.21052618324756622,-0.0016054335454970883,0.03593985091635726,0.09812726689727008,0.4111448044856261,0.42104485631,0.4416454567185059,0.4418589698852776
10910.617,0.8926436698920298,0.16962494419970608,0.35669634604290235,0.4230933291921661,0.17091749553457422,0.23058369346909519,0.88014817237854,0.20418833196163177,0.4557056725025177,0.3780774474143982,0.1853003203868866,0.21052618324756622,0.0003598841011041975,0.03675099611064489,0.09900932645961535,0.4561429797031441,0.42104485631,0.4362482566510072,0.43971780851455755
10910.637,0.9006829185580414,0.1729102550115837,0.3610854939902539,0.4019624332918049,0.16426554059029475,0.21945739736278813,0.8896000981330872,0.20882083475589752,0.46096882224082947,0.3780774474143982,0.1853003203868866,0.21052618324756622,0.0023187140703642938,0.037510294736304066,0.09988332825057555,0.43407479821528316,0.42104485631,0.43811765480232334,0.4462341398275679
10910.657,0.9087107836735518,0.1762271566001623,0.36546670454243,0.38227929123624055,0.15794769470308512,0.20862907392485805,0.8896000981330872,0.20882083475589752,0.46096882224082947,0.3780774474143982,0.1853003203868866,0.21052618324756622,-0.006200061177040124,0.037270972605328356,0.09550211769839945,0.4134806174963753,0.42104485631,0.4370747297327932,0.4398167459467689
10910.677,0.9167357596422733,0.1795840488093685,0.36987692952847256,0.4012487984273129,0.16784461045664673,0.2205112492973139,0.908404529094696,0.21828387677669525,0.471495121717453,0.37409350275993347,0.19321823120117188,0.21052618324756622,0.006222209629229127,0.03909437548378919,0.10161819218898044,0.43478902361472826,0.421045392752,0.4396857952819084,0.45350268053982656
10910.697,0.9247501478040925,0.1829642765183846,0.3742696985599436,0.42180990324847356,0.17790672152498208,0.23119837007458846,0.908404529094696,0.21828387677669525,0.471495121717453,0.37409350275993347,0.19321823120117188,0.21052618324756622,-0.002301496623025423,0.038850437921521964,0.09722542315750943,0.45765148572034664,0.421045392752,0.4336294797965115,0.4414912372441887
10910.717,0.9327700744000169,0.1863828008268787,0.37866632867230243,0.4009963297874687,0.17092621542097391,0.21983150561314438,0.9177568554878235,0.22311432659626007,0.47675827145576477,0.37409350275993347,0.19321823120117188,0.21052618324756622,-0.00037069044153596915,0.03967952010859915,0.09809194278346234,0.43577742440826395,0.421045392752,0.43075384689683455,0.44808246079144703
10910.737,0.9407902601736303,0.1898323602439756,0.38307965953431433,0.40100928867191726,0.17247797085108035,0.2206665430957783,0.9271091818809509,0.22794479131698608,0.4820214509963989,0.37409350275993347,0.19321823120117188,0.21052618324756622,0.0015561687108409227,0.04046365831816,0.0989417914620846,0.43641189096467947,0.421045392752,0.43229699267561694,0.45162844839979455
10910.757,0.9488068219358947,0.1933024848380745,0.3874886981770697,0.4008280881409257,0.17350622971693802,0.220451932153007,0.9271091818809509,0.22794479131698608,0.4820214509963989,0.37409350275993347,0.19321823120117188,0.21052618324756622,-0.00699889919947126,0.04027272516391685,0.09453275281932921,0.43667290202018627,0.421045392752,0.42796201122074584,0.44264873013643646
10910.777,0.956819661620321,0.1968082312386244,0.39191869958134146,0.38156379448485345,0.16694030478300065,0.21095244781603212,0.9457102417945862,0.23780158162117004,0.49254775047302246,0.369943231344223,0.20105060935020447,0.21052618324756622,0.005390835728390029,0.04212852803742492,0.100629050891681,0.4163977315949368,0.421045541763,0.4330816528273053,0.461796439600839
10910.797,0.9648022109526041,0.2003421035285476,0.3963422202227123,0.4201341753781753,0.1859932784147308,0.23281687585877117,0.9457102417945862,0.23780158162117004,0.49254775047302246,0.369943231344223,0.20105060935020447,0.21052618324756622,-0.003150836974734797,0.04192598253662057,0.09620553025031015,0.4593671455805065,0.421045541763,0.4267153833370174,0.44716528547106327
10910.817,0.9727533301413864,0.20391066651766526,0.40077917442241257,0.3786247232966008,0.1699315709199035,0.2112835333309186,0.9553287625312805,0.2430288940668106,0.4980214238166809,0.369943231344223,0.20105060935020447,0.21052618324756622,-0.0007823730788151257,0.0428163423864231,0.09724224939426834,0.4149178788713868,0.421045541763,0.43100585588040585,0.45717303850410657
10910.836,0.980665594834912,0.20750924690323408,0.40522834871392077,0.4164349838646639,0.18939896765919575,0.2341670679712466,0.9642074108123779,0.2478541135787964,0.503074049949646,0.369943231344223,0.20105060935020447,0.21052618324756622,0.0007798261631019338,0.04356572000488268,0.09784570123572522,0.45737540854441494,0.421045541763,0.4257094796047601,0.45473909212404134
10910.856,0.9885279789653568,0.21112972048519207,0.40967035182285305,0.3931192065136601,0.18102367909394837,0.222100155441766,0.9642074108123779,0.2478541135787964,0.503074049949646,0.369943231344223,0.20105060935020447,0.21052618324756622,-0.007680511933609833,0.043372581428996596,0.09340369812679294,0.43269244151564645,0.421045541763,0.42188245940428243,0.44897154055765887
10910.877,0.9963458560636754,0.21476756610402986,0.4141370583549897,0.3908938549073978,0.18189228093791904,0.22333532660195782,0.9829624891281128,0.25830909609794617,0.513810932636261,0.36563026905059814,0.20879419147968292,0.21052680909633636,0.005269126105915177,0.04524616729429121,0.09967387428127128,0.4310426863832649,0.42104691267,0.4251543185687971,0.46608447771228056
10910.897,1.0041209556321584,0.2184255556320911,0.41860150120672135,0.3887549784156638,0.1828994763990694,0.22322214258170966,0.9829624891281128,0.25830909609794617,0.513810932636261,0.36563026905059814,0.20879419147968292,0.21052680909633636,-0.0031196233254817025,0.04504048684463158,0.09520943142953964,0.42953475891462606,0.42104691267,0.4228664011167032,0.45722904587400226
10910.917,1.0118504505425001,0.2221095052885591,0.42308371942262774,0.38647474554379846,0.18419748283613258,0.22411091081081022,0.9917376041412354,0.2633201777935028,0.5188635587692261,0.36563026905059814,0.20879419147968292,0.21052680909633636,-0.0014194003403544785,0.04583482760242906,0.09577983934659834,0.4280249159920262,0.42104691267,0.4210380662380059,0.46063309147995973
10910.937,1.0195411200224265,0.22582584473452316,0.4275836872625822,0.3845334739879244,0.18581697229414684,0.22499839199281318,1.0008783340454102,0.26854002475738525,0.5241267085075378,0.36563026905059814,0.20879419147968292,0.21052680909633636,0.0007298449649595501,0.04660759682472924,0.09654302124495562,0.42696739985828264,0.42104691267,0.4238356922845049,0.46432290631201734
10910.956,1.027198896516737,0.22958461013259107,0.4320683913026022,0.3828888247071639,0.18793826989929316,0.22423520199610508,1.0008783340454102,0.26854002475738525,0.5241267085075378,0.36563026905059814,0.20879419147968292,0.21052680909633636,-0.007589163565560171,0.04639720825407296,0.09205831720493562,0.4264010883966892,0.42104691267,0.4209939976950063,0.4552998295297839
10910.977,1.0348312399995307,0.23338477923611473,0.4365478835842535,0.3816171741313624,0.1900084551720352,0.22397461407767547,1.0190480947494507,0.27917107939720154,0.5346530675888062,0.361152708530426,0.21644413471221924,0.21052618324756622,0.005056122353506005,0.048165636953876566,0.09810518400455265,0.4261660054236466,0.421045541763,0.4248308109277646,0.47162464299222434
10910.996,1.0424459530604442,0.2372381002631777,0.44099687521616665,0.38073565307198887,0.19266605136646656,0.22244958161103337,1.0190480947494507,0.27917107939720154,0.5346530675888062,0.361152708530426,0.21644413471221924,0.21052618324756622,-0.003260583574661382,0.04790827806703612,0.0936561923726395,0.42654718492134774,0.421045541763,0.4228933535978013,0.46241402689298616
10911.017,1.050042222406431,0.2411339231620559,0.44544353690173244,0.3617271117026274,0.18551537613140023,0.2117457945442958,1.0280768871307373,0.2845821678638458,0.5399162173271179,0.361152708530426,0.21644413471221924,0.21052618324756622,-0.0011019186335102134,0.048672494252558825,0.09447268042538548,0.4063604716543486,0.421045541763,0.4285470445635786,0.46858875579046666
10911.037,1.0576226930452903,0.24506936302978732,0.44988733565225925,0.39897213888244565,0.20712841408858956,0.23388414476170266,1.037105679512024,0.2899932861328125,0.5451793670654297,0.361152708530426,0.21644413471221924,0.21052618324756622,0.0010603099217229087,0.04937592990679418,0.09529203141317044,0.4493455636383194,0.421045541763,0.4245309423787714,0.46657357401851474
10911.057,1.0651892822531257,0.24904245864895375,0.45434854033923294,0.3783294603835105,0.19865478095398492,0.2230602343438159,1.037105679512024,0.2899932861328125,0.5451793670654297,0.361152708530426,0.21644413471221924,0.21052618324756622,-0.0072620626873269555,0.04912149692403637,0.09083082672619675,0.42713187284043463,0.421045541763,0.4217299141029421,0.4602494369726014
10911.079,1.0727399908467223,0.2530333593044802,0.4588238350399771,0.3432140269968754,0.18140457525924072,0.2034224864064764,1.0550475120544434,0.30100443959236145,0.5557056665420532,0.35651540756225586,0.2239990532398224,0.21052618324756622,0.005383481497045907,0.050845515798077584,0.09688183150207613,0.38805976348397886,0.421044915915,0.43247535119455904,0.48154554736336275
10911.097,1.080266491210769,0.2570437805361559,0.46325953953439264,0.4181389091130218,0.2228011795371798,0.24642802746713205,1.0550475120544434,0.30100443959236145,0.5557056665420532,0.35651540756225586,0.2239990532398224,0.21052618324756622,-0.002916371562948685,0.05059675119264036,0.09244612700766058,0.4736297245639872,0.421044915915,0.42531428478208544,0.4615562746279537
10911.116,1.0877702858312115,0.261059695140466,0.46770217110351864,0.3751897310139401,0.20079573021112262,0.2221315784514513,1.064316987991333,0.30682840943336487,0.5611793398857117,0.35651540756225586,0.2239990532398224,0.21052618324756622,-0.00030036487104246126,0.05142705677496328,0.09347716878219303,0.425422854121688,0.421044915915,0.42825321867957883,0.4717356594507032
10911.137,1.095252293456875,0.2650883045897856,0.47209710945937805,0.37410038127500533,0.2014304724615831,0.219746917788174,1.0728733539581299,0.31220439076423645,0.5662319660186768,0.35651540756225586,0.2239990532398224,0.21052618324756622,0.0014952214999839827,0.05213930208731945,0.09413485655929871,0.42478151615306475,0.421044915915,0.43167014475261334,0.4749788209391225
10911.156,1.1027186066346628,0.26914769256588544,0.4764712434856977,0.3733156588812462,0.20296939880056147,0.21870670131120823,1.0728733539581299,0.31220439076423645,0.5662319660186768,0.35651540756225586,0.2239990532398224,0.21052618324756622,-0.006773259610909129,0.051949411173883436,0.08976072253297906,0.424826518738313,0.421044915915,0.4293748264532214,0.46608613504822055
10911.177,1.1101875612056853,0.2732440413573589,0.4808533867930286,0.37344772857693725,0.2048174395878308,0.21910716538168942,1.0905793905258179,0.32359081506729126,0.5767582654953003,0.35172203183174133,0.23145410418510437,0.21052618324756622,0.005902578770976261,0.053706959923853145,0.09590487870227171,0.4258343821313383,0.421045601368,0.4335877150985233,0.48238107265564534
10911.196,1.1176654048727066,0.27740137414036026,0.48525215835993346,0.3738921833429043,0.2078666391455299,0.2199385783404432,1.0905793905258179,0.32359081506729126,0.5767582654953003,0.35172203183174133,0.23145410418510437,0.21052618324756622,-0.0024149267650599437,0.053490978258597104,0.09150610713536683,0.4276846158640106,0.421045601368,0.4318209076340713,0.47315971952891084
10911.217,1.1251446005165988,0.28161035302017484,0.48971798721784365,0.35615217350781775,0.20042756569934542,0.2126585170368586,1.099372386932373,0.3293771743774414,0.5820214152336121,0.35172203183174133,0.23145410418510437,0.21052618324756622,-0.0002746744779004995,0.05427523163966377,0.09230342801576841,0.40856854741847215,0.421045601368,0.43748839027212433,0.47916922581525995
10911.237,1.1326305035312423,0.2858681165477608,0.49424073917205424,0.3939948955027229,0.22409281723861943,0.23803957653448252,1.1081655025482178,0.33516353368759155,0.5872845649719238,0.35172203183174133,0.23145410418510437,0.21052618324756622,0.001846688110485526,0.05500149240804201,0.09304382579986958,0.4531466113776035,0.421045601368,0.4332634208810701,0.4769892949519581
10911.256,1.1401254357634072,0.29018522745477976,0.4988285174879876,0.37474661163414846,0.21585554536586893,0.2293889158125246,1.1081655025482178,0.33516353368759155,0.5872845649719238,0.35172203183174133,0.23145410418510437,0.21052618324756622,-0.006547917812494728,0.054786952233289804,0.0884560474839362,0.4323460129185499,0.421045601368,0.43002952692619095,0.4703677238690817
10911.276,1.1476220710557372,0.29454729690837705,0.5034459047816413,0.37483176460831935,0.218103472675104,0.23086936467764488,1.1256279945373535,0.3469201624393463,0.5978109240531921,0.346771240234375,0.23880727589130402,0.21052618324756622,0.00600195080205352,0.05648568873963771,0.09436501927155083,0.4335479379230889,0.421045362949,0.4332454440800465,0.4860670104222288
10911.297,1.1551137486233976,0.29894961901468764,0.5080572247769259,0.37458387837484053,0.22011610531072462,0.230565999759199,1.1256279945373535,0.3469201624393463,0.5978109240531921,0.346771240234375,0.23880727589130402,0.21052618324756622,-0.002424698795352745,0.05625569807789733,0.0897536992762662,0.43435292232877637,0.421045362949,0.430607979681816,0.47666524125361753
10911.317,1.162589094250351,0.303389491494402,0.5126993814074872,0.3737672813395115,0.2219936239808711,0.23210783152299472,1.134297251701355,0.35289034247398376,0.6030740737915039,0.346771240234375,0.23880727589130402,0.21052618324756622,-0.00037245940329459076,0.05701424275137608,0.09037469238401674,0.4346044411828495,0.421045362949,0.4283724067379237,0.4799207868650734
10911.336,1.1700252227275012,0.3078422407286304,0.5173430534168524,0.37180642388321233,0.22263746172681145,0.23218360048430983,1.1429665088653564,0.3588605225086212,0.6083372235298157,0.346771240234375,0.23880727589130402,0.21052618324756622,0.0017145357604612284,0.0577243400896196,0.09099417011296329,0.4332608558504147,0.421045362949,0.4307861207465901,0.4832613574533389
10911.357,1.1774046754601144,0.3122973789918637,0.5220003338638712,0.35140251106610493,0.21214944109987893,0.22177525937508824,1.1429665088653564,0.3588605225086212,0.6083372235298157,0.346771240234375,0.23880727589130402,0.21052618324756622,-0.006634727623640067,0.057533416741321446,0.08633688966594444,0.4103848694315607,0.421045362949,0.43069379855432266,0.476678220959101
10911.377,1.1847122971463282,0.3167352556893685,0.5267061869595157,0.3846116676907497,0.2335724577605474,0.2476764787150922,1.1601775884628296,0.37098217010498047,0.6188635230064392,0.34166792035102844,0.24605463445186615,0.21052680909633636,0.006059850983518498,0.059228015835889866,0.09215733604692355,0.4498985245213052,0.42104613781,0.4316343652129373,0.487684218339742
10911.397,1.1919431103358944,0.3211472010692555,0.531412175612697,0.36154065947041825,0.220597268989534,0.23529943265393352,1.1601775884628296,0.37098217010498047,0.6188635230064392,0.34166792035102844,0.24605463445186615,0.21052680909633636,-0.0021308781443503226,0.059059562113122355,0.08745134739374216,0.4234693683880671,0.42104613781,0.43467186467685354,0.48169984487064704
10911.416,1.1991044665972417,0.3255379429374575,0.5361500502085517,0.35806781309211444,0.21953709342527683,0.23689372980910542,1.1687192916870117,0.3771335184574127,0.6241267323493958,0.34166792035102844,0.24605463445186615,0.21052680909633636,0.00023499127786407933,0.05987743353434578,0.08797668214084409,0.41997049794072355,0.42104613781,0.4387026251311162,0.4855125130768268
10911.436,1.2062243942187911,0.32994044051824895,0.540897903291345,0.35599638106970183,0.22012487903476616,0.23739265413448582,1.1772609949111938,0.38328489661216736,0.6293898820877075,0.34166792035102844,0.24605463445186615,0.21052680909633636,0.002638598217124276,0.060642784359360546,0.0884919787963625,0.41852032395450856,0.42104613781,0.4434458828473537,0.48895292559477344
10911.457,1.2133153938105585,0.33437821028621056,0.5456363072119683,0.3545499795806309,0.2218884883932376,0.23692019602599362,1.1772609949111938,0.38328489661216736,0.6293898820877075,0.34166792035102844,0.24605463445186615,0.21052680909633636,-0.005438483743222526,0.06051616760796029,0.0837535748757392,0.4182200635287264,0.42104613781,0.44256903757938176,0.47975750233028075
10911.476,1.2203964887317573,0.33886889099085743,0.5503690778454625,0.35405474605221143,0.22453403522744217,0.23663853166954463,1.1942131519317627,0.39576616883277893,0.639916181564331,0.3364119231700897,0.25319230556488037,0.21052618324756622,0.007440496988706479,0.06218927846794666,0.08954710371886854,0.41920374494193885,0.421045511961,0.44823494869024416,0.4954754608129046
10911.497,1.2274902066385898,0.3434242974331975,0.555069815317178,0.35468589536613854,0.2277703221327485,0.23503687360202163,1.1942131519317627,0.39576616883277893,0.639916181564331,0.3364119231700897,0.25319230556488037,0.21052618324756622,-0.0006966550094793245,0.06202054936365243,0.08484636624715303,0.4214702093926904,0.421045511961,0.45192113931431277,0.4859222871921119
10911.516,1.2346090170733306,0.34803627255684144,0.5597879609385721,0.35594052172927204,0.23059875617716247,0.23590728106455336,1.2026233673095703,0.4020959734916687,0.6451793313026428,0.3364119231700897,0.25319230556488037,0.21052618324756622,0.0016024472188408481,0.06279303479593681,0.08539137036407074,0.42406195629173726,0.421045511961,0.4557310448625123,0.4889162771627541
10911.537,1.2417857908135792,0.3527281329128681,0.5645106746449035,0.34175113047760913,0.22342192170874245,0.2248911288660656,1.2110337018966675,0.40842577815055847,0.6504424810409546,0.3364119231700897,0.25319230556488037,0.21052618324756622,0.0038174605134113637,0.06350862660305137,0.08593180639605114,0.40825989137469776,0.421045511961,0.462562344666908,0.493889078980629
10911.557,1.2490374723528754,0.3575098963062028,0.569270000488655,0.38166744943196657,0.25167175754084714,0.250490833878588,1.2110337018966675,0.40842577815055847,0.6504424810409546,0.3364119231700897,0.25319230556488037,0.21052618324756622,-0.004565831688496828,0.06337086691744759,0.08117248055229964,0.457131898615574,0.421045511961,0.45646576806950245,0.47906767697164976
10911.577,1.256355636886202,0.3623867109841366,0.5740686583080752,0.365908226691626,0.24384073391354602,0.23993289098759643,1.2277193069458008,0.42126113176345825,0.6609688401222229,0.3310081958770752,0.2602176070213318,0.21052618324756622,0.007926048241194757,0.06498780326980133,0.08690018181414771,0.4396710023243781,0.421045869589,0.45927821771456534,0.49630925612630344
10911.597,1.2637108328672135,0.36733631208839185,0.5788612214935847,0.3677597990425436,0.2474800552073601,0.23962815927024286,1.2277193069458008,0.42126113176345825,0.6609688401222229,0.3310081958770752,0.2602176070213318,0.21052618324756622,-0.0006273021723740245,0.06482964296619788,0.08210761862863825,0.4432358174675811,0.421045869589,0.45581519124492104,0.48653967437184387
10911.617,1.271094796524689,0.37236199092509326,0.5836718892284338,0.36919818286571676,0.2512839418295854,0.24053338673720828,1.2359944581985474,0.4277665615081787,0.6662319898605347,0.3310081958770752,0.2602176070213318,0.21052618324756622,0.0012437028947350215,0.0655755548601408,0.08256010063210084,0.44655595689266875,0.421045869589,0.45245070231687795,0.48913160541857637
10911.637,1.2784844207281783,0.3774381401768854,0.5884927889042879,0.36948121016639546,0.2538074625840658,0.24104498378744274,1.2442697286605835,0.43427202105522156,0.6714951395988464,0.3310081958770752,0.2602176070213318,0.21052618324756622,0.0030899032808674176,0.06626603705283819,0.08300235069455852,0.4482169986201122,0.421045869589,0.4532197625340962,0.49174982742168794
10911.656,1.2858829113980002,0.3825562230829598,0.5933307653078219,0.36992453348302035,0.25590414529813443,0.24189882017142014,1.2442697286605835,0.43427202105522156,0.6714951395988464,0.3310081958770752,0.2602176070213318,0.21052618324756622,-0.005585154366567414,0.06614368290431853,0.07816437429102452,0.4497806879564656,0.421045869589,0.44803090815982627,0.4822623907949649
10911.677,1.2933029518984367,0.3877399046647146,0.5981879524556429,0.3710020250474714,0.25918407910565555,0.24285935740783773,1.260681390762329,0.4474557638168335,0.68202143907547,0.32545575499534607,0.26712846755981445,0.2105262726545334,0.006671678164934972,0.06771734486596502,0.08383348661982704,0.45253875299184865,0.421045213938,0.4489997907723743,0.4969335279736249
10911.696,1.300716962502777,0.3929619855471415,0.6030328203990452,0.37070053020892474,0.261104044115647,0.24224339716482335,1.260681390762329,0.4474557638168335,0.68202143907547,0.32545575499534607,0.26712846755981445,0.2105262726545334,-0.0020683089626359376,0.06758802388534514,0.07898861867642482,0.45339945680418386,0.421045213938,0.4440559402263686,0.487504312755128
10911.717,1.3081181549308172,0.39824428291634717,0.6078892511829169,0.3524377346578333,0.25153796995450484,0.23125860874874746,1.2688177824020386,0.4541339874267578,0.6872845888137817,0.32545575499534607,0.26712846755981445,0.2105262726545334,-0.00033929319266345903,0.06832322614814967,0.07939533763086482,0.43296282594639074,0.421045213938,0.4464882974939939,0.4925445065598939
10911.738,1.3154842661849417,0.4035735232158514,0.6127430092264758,0.368305562731686,0.26646201499362887,0.24268790219472097,1.276954174041748,0.46081218123435974,0.6925477385520935,0.32545575499534607,0.26712846755981445,0.2105262726545334,0.0013982814381212974,0.06898461264182436,0.07980472932561766,0.45454697105226605,0.421045213938,0.4419067759485916,0.49286357823871846
10911.757,1.3228039715571516,0.40895087127708657,0.6176064705961953,0.3852476511642174,0.2830183190089101,0.2559716510347312,1.276954174041748,0.46081218123435974,0.6925477385520935,0.32545575499534607,0.26712846755981445,0.2105262726545334,-0.007347689609334258,0.06883175764204155,0.07494126795589817,0.47797143086764365,0.421045213938,0.4334117875574071,0.4810734751873018
10911.776,1.330080769159949,0.41437098456273286,0.622489155950162,0.36383988013192936,0.27100566427639894,0.24413426769300264,1.293084740638733,0.47433850169181824,0.703074038028717,0.3197607398033142,0.2739201486110687,0.21052618324756622,0.004907943801352493,0.07029026479259093,0.08058488207855508,0.45360665997610544,0.421045333147,0.4339403669306574,0.49819054447854555
10911.796,1.3372966404313211,0.41979465635837265,0.6273220577770371,0.3607935635607312,0.2711835897760704,0.24164509133848164,1.293084740638733,0.47433850169181824,0.703074038028717,0.3197607398033142,0.2739201486110687,0.21052618324756622,-0.003777975247188578,0.07011027064603534,0.07575198025167995,0.4512783178947482,0.421045333147,0.42901722251419183,0.48900974106419764
10911.817,1.3444247369029627,0.42523864083629326,0.6321362750852422,0.3564048235742998,0.2721992238900887,0.2407108654049999,1.3010787963867188,0.48118650913238525,0.7083372473716736,0.3197607398033142,0.2739201486110687,0.21052618324756622,-0.001912184786414528,0.0707486966343354,0.07620097228643141,0.4483699239130339,0.421045333147,0.4248987522291637,0.49200182722387736
10911.836,1.351467810070511,0.4306803288299067,0.636929145838775,0.35215365840176016,0.272084399699479,0.23964353769320715,1.309072732925415,0.48803451657295227,0.7136003971099854,0.3197607398033142,0.2739201486110687,0.21052618324756622,2.7728579194932768e-05,0.07132211893185073,0.07667125127121033,0.4449220591201519,0.421045333147,0.4216738863247224,0.4949456668484786
10911.857,1.35841806121162,0.4361119932775736,0.641709868901866,0.33096434004270947,0.2586506879762522,0.2276534791878667,1.309072732925415,0.48803451657295227,0.7136003971099854,0.3197607398033142,0.2739201486110687,0.21052618324756622,-0.008450173379935092,0.07113019344048985,0.07189052820811936,0.4199462686686796,0.421045333147,0.4201656908669194,0.48801734444898864
10911.877,1.3652960599130985,0.441567453995627,0.6465225956384513,0.34389993506642585,0.2727730358967168,0.24063633682401153,1.3249150514602661,0.501897394657135,0.7241266965866089,0.31392425298690796,0.2805914580821991,0.21052680909633636,0.004112174839476866,0.07248046358832408,0.07760410094815762,0.4388176572594233,0.421046316624,0.42266875822621297,0.5008400444893689
10911.897,1.372122949665619,0.4470633880924053,0.6512822629543233,0.3413444876185766,0.2747967048329162,0.237983365788409,1.3249150514602661,0.501897394657135,0.7241266965866089,0.31392425298690796,0.2805914580821991,0.21052680909633636,-0.004304036341168591,0.07222762075606319,0.07284443363228554,0.4380573096032165,0.421046316624,0.41955404961873966,0.49139233877165633
10911.917,1.3788806276658452,0.4525966308679746,0.6560247326417723,0.35566726319948583,0.29122330400164187,0.2496036677813089,1.3327630758285522,0.508912205696106,0.7293898463249207,0.31392425298690796,0.2805914580821991,0.21052680909633636,-0.0021937215271936802,0.0727561690961625,0.07336511368314835,0.45947696205708816,0.421046316624,0.4141514283046266,0.4918416506115525
10911.937,1.3856002417165512,0.45820495761853186,0.6607341441544572,0.33598070252796525,0.2804163375217431,0.23547057562910473,1.340611219406128,0.5159270167350769,0.7346530556678772,0.31392425298690796,0.2805914580821991,0.21052680909633636,-9.68836740268611e-05,0.07318359686880242,0.07391891151342,0.4373614113848906,0.421046316624,0.41190723770034976,0.4964527089630213
10911.957,1.3922644533521744,0.4638500890004585,0.6653999467705698,0.3332105817738893,0.2822565690901703,0.23329013080053787,1.340611219406128,0.5159270167350769,0.7346530556678772,0.31392425298690796,0.2805914580821991,0.21052680909633636,-0.008483114809843068,0.07285670691490728,0.0692531088973074,0.4363845584500922,0.421046316624,0.4083851401871599,0.48696974428211737
10911.976,1.3988639099226339,0.4694915106744573,0.6701037679984897,0.3299728285157704,0.2820710836937848,0.23519106139086138,1.3561581373214722,0.530120313167572,0.7451793551445007,0.307947039604187,0.2871372401714325,0.21052618324756622,0.004183610088694771,0.07404142159519235,0.07507558714601104,0.4338037196063349,0.421045333147,0.4116488859433234,0.5017037837080827
10911.996,1.4054076644019857,0.4751441247295867,0.6747701823629035,0.3271877239902082,0.28263070277600594,0.2333207182368195,1.3561581373214722,0.530120313167572,0.7451793551445007,0.307947039604187,0.2871372401714325,0.21052618324756622,-0.004111912068838659,0.07369524673926565,0.0704091727815972,0.4320491653819064,0.421045333147,0.40945699267366403,0.4922509966881225
10912.017,1.4118787888885562,0.4807835828530229,0.679442288024382,0.3235562243214625,0.28197290616565474,0.23360528306882414,1.3641647100448608,0.5375859141349792,0.7506530284881592,0.307947039604187,0.2871372401714325,0.21052618324756622,-0.0014256217553343248,0.07416943953932921,0.07121074046377718,0.428882208289713,0.421045333147,0.41227623726614954,0.49558000163231103
10912.037,1.4183120228887387,0.486450981920917,0.684118617427593,0.32166170000210254,0.28336995338851945,0.23381647015544346,1.3715554475784302,0.5444771647453308,0.7557056546211243,0.307947039604187,0.2871372401714325,0.21052618324756622,0.00043673810379645656,0.07451861839667681,0.07158703719353132,0.42836725299401235,0.421045333147,0.4155539577071562,0.49752684269363384
10912.057,1.424739312302873,0.4921593860305968,0.6887828304111445,0.3213644706997051,0.28542020547775815,0.23321064917248824,1.3715554475784302,0.5444771647453308,0.7557056546211243,0.307947039604187,0.2871372401714325,0.21052618324756622,-0.00780594465453173,0.07419393954173151,0.06692282420997975,0.42951237273864895,0.421045333147,0.4129821098860579,0.48783500504578575
10912.076,1.4311728730748556,0.49791728006230623,0.693491360703588,0.3216780386213618,0.28789470160537245,0.2354265146384454,1.3871018886566162,0.5592882037162781,0.7664425373077393,0.30183520913124084,0.2935560643672943,0.21052618324756622,0.005338468115258878,0.0753667214088334,0.07295117660415129,0.43140628079751353,0.421045899391,0.41684828637937754,0.5025610401473948
10912.097,1.437607656473694,0.5037162477028634,0.6981932581286627,0.30641825707819526,0.27614131620858773,0.2238998773776859,1.3871018886566162,0.5592882037162781,0.7664425373077393,0.30183520913124084,0.2935560643672943,0.21052618324756622,-0.002964079046012355,0.07503525247081169,0.06824927917907653,0.41223111608261076,0.421045899391,0.4219617849551102,0.4947054737100307
10912.117,1.4440131467319368,0.5095320082265629,0.7028977485530743,0.3371310662191785,0.30609265913832673,0.24760475917652194,1.394345998764038,0.566333532333374,0.7714951634407043,0.30183520913124084,0.2935560643672943,0.21052618324756622,-0.0011763699903722044,0.07544438270519249,0.06859741488763005,0.45508950604998766,0.421045899391,0.4174068155591531,0.49266158019154455
10912.136,1.4503972023433853,0.5153806764858588,0.7076287778650021,0.3192027805654576,0.2924334129584156,0.2365514655912273,1.401891827583313,0.5736724138259888,0.7767583131790161,0.30183520913124084,0.2935560643672943,0.21052618324756622,0.0010320979616784687,0.07582633313396646,0.069129535314014,0.43265548409393284,0.421045899391,0.42023372661429037,0.497058658926221
10912.157,1.4567554189179033,0.5212454327098659,0.7123476104093861,0.30277221785118286,0.2792741059207735,0.22470631164994528,1.401891827583313,0.5736724138259888,0.7767583131790161,0.30183520913124084,0.2935560643672943,0.21052618324756622,-0.0072554660592801246,0.07553780652985542,0.06441070276963001,0.41168395099998334,0.421045899391,0.42031785170713803,0.4893545371879659
10912.177,1.4631023548604194,0.5271470380652507,0.7170905594274428,0.3340492601283338,0.3106108081743386,0.24962889568413674,1.4168275594711304,0.5885075926780701,0.7872846126556396,0.29558736085891724,0.299844354391098,0.21052618324756622,0.00544753772594582,0.07666028100286194,0.07019405322819683,0.4559116677380421,0.421044558287,0.4207653960414267,0.49955850441252947
10912.197,1.4694438204211475,0.5330947502917699,0.7218526582409648,0.31707327802948504,0.2973856113194708,0.2381049406709009,1.4168275594711304,0.5885075926780701,0.7872846126556396,0.29558736085891724,0.299844354391098,0.21052618324756622,-0.002877364471506369,0.07635951015680599,0.06543195441467486,0.43449514411471113,0.421044558287,0.4185450136435853,0.49197931550637575
10912.217,1.475767001677669,0.5390767569184479,0.7266485703684853,0.3011038693489826,0.2848574584045542,0.22837676797020387,1.4242172241210938,0.5960037112236023,0.7925477623939514,0.29558736085891724,0.299844354391098,0.21052618324756622,-0.0007080958145873895,0.07679554865297128,0.06589919202546612,0.41429691255002765,0.421044558287,0.42387709928369294,0.4961273684027643
10912.237,1.4820511747737246,0.5450740543713882,0.7314918723925623,0.314208654824502,0.2998648726677426,0.24216510122058943,1.4316068887710571,0.6034997701644897,0.7978109121322632,0.29558736085891724,0.299844354391098,0.21052618324756622,0.0014876819222952864,0.0771749768950614,0.06631903973970088,0.4341313016778091,0.421044558287,0.4266187337922951,0.4964488532125621
10912.257,1.4882840520451746,0.5510844131903949,0.7363648757944249,0.32804617217755605,0.31633467468068616,0.25647386325278265,1.4316068887710571,0.6034997701644897,0.7978109121322632,0.29558736085891724,0.299844354391098,0.21052618324756622,-0.006790845485590516,0.07689964174892878,0.061446036337838295,0.45550432531638346,0.421044558287,0.4209601421377453,0.48492168941514907
10912.276,1.4944731017718387,0.5571020750033343,0.7412504945704734,0.3094524863264513,0.30088309064040186,0.24428093879709484,1.446226954460144,0.6186460256576538,0.8083372116088867,0.2892109155654907,0.3060009777545929,0.21052618324756622,0.005967588125186336,0.07797266498287196,0.06708671703841329,0.4314193475826569,0.421045780182,0.4250084660529448,0.5009595971146583
10912.296,1.5006067981150557,0.5631031934359434,0.7460998947317229,0.30668481715415735,0.30005592162390476,0.2424700080571805,1.446226954460144,0.6186460256576538,0.8083372116088867,0.2892109155654907,0.3060009777545929,0.21052618324756622,-0.00223203092776212,0.07769936708287412,0.06223731687716383,0.42888340280408555,0.421045780182,0.4237373305199713,0.49149135589364573
10912.316,1.5066782762697708,0.5690922733678427,0.7509571723059664,0.3035739077291283,0.29945399658843075,0.24286387870687276,1.453457236289978,0.6262960433959961,0.8136003613471985,0.2892109155654907,0.3060009777545929,0.21052618324756622,0.00012585092690839406,0.07813280081699844,0.06264318904123212,0.4262525626239884,0.421045780182,0.4273310080374397,0.49399959314332753
10912.337,1.512682003951094,0.5750469616490883,0.7558055092339819,0.3001863840869083,0.2977344140828583,0.24241684641753433,1.460687518119812,0.6339461207389832,0.8188635110855103,0.2892109155654907,0.3060009777545929,0.21052618324756622,0.002560074335398288,0.07852377676699815,0.06305800185152832,0.42266003928927276,0.421045780182,0.431931294796735,0.4965248744758833
10912.357,1.5186105175114548,0.5809757805002336,0.7606527965549903,0.29642567801157155,0.29644094255079273,0.24236436604512793,1.460687518119812,0.6339461207389832,0.8188635110855103,0.2892109155654907,0.3060009777545929,0.21052618324756622,-0.0054411578449961515,0.0783027752052185,0.05821071453051996,0.41909139606207557,0.421045780182,0.43140001596472494,0.48725221843657013
10912.377,1.5244776050258917,0.5869130897089586,0.765519529899149,0.29335437571544043,0.296865460429772,0.24333666720262137,1.475550889968872,0.6500208377838135,0.8298109173774719,0.2827056646347046,0.31202229857444763,0.21052680909633636,0.008450835277437979,0.07940399672852588,0.06429138747832297,0.4172166418555888,0.421046793461,0.4383069423982141,0.5025304880606536
10912.397,1.5303211845991154,0.5928971902971714,0.7703590654021707,0.2921789786548063,0.2992050294041064,0.24197677514580523,1.475550889968872,0.6500208377838135,0.8298109173774719,0.2827056646347046,0.31202229857444763,0.21052680909633636,0.00047402048572333516,0.07913704303700592,0.05945185197530123,0.4180496394496739,0.421046793461,0.443145975069223,0.4927710606433793
10912.416,1.5361558401809443,0.5989413812758747,0.7752144931873628,0.29173277911161205,0.30220954895605645,0.2427713892763858,1.4820531606674194,0.6571973562240601,0.8346530199050903,0.2827056646347046,0.31202229857444763,0.21052680909633636,0.002127596883774084,0.07947535391054851,0.059438526717727536,0.41988342919211186,0.421046793461,0.4478238807484134,0.49388983758597876
10912.437,1.5420027844189803,0.6050842932864734,0.7800929112654175,0.2923472118954187,0.3071456005232301,0.2439209038974092,1.4891207218170166,0.664997935295105,0.8399161696434021,0.2827056646347046,0.31202229857444763,0.21052680909633636,0.00454886997157538,0.07978386319148861,0.059823258377984634,0.4238439532750611,0.421046793461,0.45268884397209247,0.495531589235896
10912.457,1.5478676738767505,0.6113190155562187,0.7849758411109857,0.29324447288210886,0.3117361134804608,0.2441464922730839,1.4891207218170166,0.664997935295105,0.8399161696434021,0.2827056646347046,0.31202229857444763,0.21052680909633636,-0.003617213096252965,0.07949557578921462,0.05494032853241637,0.4277803148519579,0.421046793461,0.4513361544443069,0.4854231115639607
10912.477,1.553749624592025,0.6176409128271914,0.7898691979185449,0.294097535757307,0.316094863541733,0.2446678403726195,1.5030903816223145,0.6807461977005005,0.8504425287246704,0.27607399225234985,0.31790345907211304,0.21052618324756622,0.00916025788888819,0.08040351704132556,0.06057333080612548,0.43153641508758,0.421045660973,0.4563057012724234,0.4987348919027997
10912.496,1.5596526756146583,0.6240651710154048,0.794739635801577,0.29515255115206246,0.3212129094328758,0.24352189416843747,1.5030903816223145,0.6807461977005005,0.8504425287246704,0.27607399225234985,0.31790345907211304,0.21052618324756622,0.0008319616735267127,0.08007084193092165,0.05570289292309338,0.4359893178654992,0.421045660973,0.45860013597857446,0.4884990388042215
10912.516,1.565564214316153,0.6305365355779851,0.7995877018610525,0.2955769350682854,0.3235682281219492,0.24240330296848484,1.509992241859436,0.6886937618255615,0.8557056784629822,0.27607399225234985,0.31790345907211304,0.21052618324756622,0.0029689322264876625,0.08038465356631469,0.05611797660192963,0.4380385117541151,0.421045660973,0.4611682548297502,0.4902755804856025
10912.536,1.5714868425970292,0.6370853109670709,0.8044358176584093,0.2961314140373459,0.327438769447144,0.24240578986254768,1.5168941020965576,0.6966413259506226,0.860968828201294,0.27607399225234985,0.31790345907211304,0.21052618324756622,0.005045467353613442,0.08063392273265937,0.05653301054288462,0.44127222728273424,0.421045660973,0.46370855271864014,0.49178240346040875
10912.557,1.5774274342777521,0.6437048019183675,0.8092763123723401,0.29702958402966234,0.33097454755760847,0.24202473569125593,1.5168941020965576,0.6966413259506226,0.860968828201294,0.27607399225234985,0.31790345907211304,0.21052618324756622,-0.003454534729074768,0.08034068752121784,0.051692515828953844,0.44451247632761826,0.421045660973,0.46006424758875936,0.4818158753913715
10912.576,1.5833879707412004,0.6503955816608349,0.8141353105345392,0.2980268231930149,0.33453898714649116,0.2429499081267504,1.5305290222167969,0.7126801609992981,0.8714951276779175,0.2693195343017578,0.32364457845687866,0.21052618324756622,0.009001596759985027,0.08119364826293674,0.05735981714337823,0.4478487282874796,0.421044915915,0.46249544920853874,0.4948656744969048
10912.597,1.589369872958133,0.6571622383879383,0.8189894628890028,0.29909511084009693,0.33833283634778566,0.24270761771787794,1.5305290222167969,0.7126801609992981,0.8714951276779175,0.2693195343017578,0.32364457845687866,0.21052618324756622,0.00036747198152834587,0.08089715947663376,0.05250566478891472,0.45140717590882035,0.421044915915,0.45847842423910623,0.4848532679159368
10912.617,1.5953684567712363,0.663991006132023,0.8238287083597802,0.2999291906486214,0.34143838719678193,0.24196227353358893,1.5375312566757202,0.7210949659347534,0.8769688010215759,0.2693195343017578,0.32364457845687866,0.21052618324756622,0.0026046032824975918,0.08123558322423383,0.05314009266179576,0.454308218766653,0.421044915915,0.45470678602011716,0.48695234055529496
10912.637,1.6013666599167564,0.6708510263300853,0.828657779146353,0.2999101572694602,0.3430010098956286,0.24145353932336946,1.5439949035644531,0.7288624048233032,0.882021427154541,0.2693195343017578,0.32364457845687866,0.21052618324756622,0.003980231339888701,0.0814923077358373,0.05336364800818805,0.4554992402283868,0.421044915915,0.4550409944968243,0.48817722601065644
10912.657,1.6073467422812868,0.6777143959347368,0.8334698028611591,0.29900411821999356,0.34316848022508456,0.24060118573505607,1.5439949035644531,0.7288624048233032,0.882021427154541,0.2693195343017578,0.32364457845687866,0.21052618324756622,-0.004728886923494963,0.0812847581686344,0.04855162429338189,0.4550606792512696,0.421044915915,0.4496870683911239,0.47875860713174395
10912.678,1.6133044674802535,0.6846014180851284,0.8382947944864453,0.28370119996671644,0.3279534357513414,0.2297615059789037,1.5572892427444458,0.7451847195625305,0.8925477862358093,0.26244837045669556,0.3292420506477356,0.21052618324756622,0.007584767279448387,0.08216150634829816,0.05425299174936404,0.4335546151253907,0.421045690775,0.4540775935892598,0.49366703259453426
10912.697,1.6192175249217073,0.6914705124092277,0.8431172550619357,0.2956528720662402,0.34345471619746926,0.2411230287692571,1.5572892427444458,0.7451847195625305,0.8925477862358093,0.26244837045669556,0.3292420506477356,0.21052618324756622,-0.0010813942099758417,0.0819704749900663,0.04943053117387364,0.45311461913377327,0.421045690775,0.4497509070831162,0.4827712246549849
10912.717,1.6250783069845856,0.6983192251448194,0.8479593047229719,0.30846221383191536,0.36045856502672086,0.2548447189987815,1.5638504028320312,0.7534157633781433,0.8978109359741211,0.26244837045669556,0.3292420506477356,0.21052618324756622,0.0008154868644019569,0.08236394692694426,0.04985163125114922,0.47437177087682864,0.421045690775,0.442830069077565,0.4833684318644124
10912.737,1.6308920888390075,0.7051551400633893,0.8528055574894292,0.29068909271475185,0.34179574592103634,0.2423126383175777,1.5704116821289062,0.7616468071937561,0.9030740857124329,0.26244837045669556,0.3292420506477356,0.21052618324756622,0.0027571025840218144,0.08271388297213839,0.05026852822300365,0.4486527558101283,0.421045690775,0.4438733923753956,0.4871024984435716
10912.757,1.6366496293019375,0.7119558858036061,0.8576348317210638,0.2878770231663974,0.3400372870343454,0.24146371159842012,1.5704116821289062,0.7616468071937561,0.9030740857124329,0.26244837045669556,0.3292420506477356,0.21052618324756622,-0.005753613440930262,0.08260477738406953,0.045439253991369055,0.4455065173099939,0.421045690775,0.4396900520724561,0.47807802985610304
10912.776,1.6423462481786424,0.7187316066531451,0.8624712221072475,0.2848309438290286,0.33878604246955124,0.2418195193039048,1.5833593606948853,0.7782453894615173,0.9136003851890564,0.25545910000801086,0.33469536900520325,0.21052680909633636,0.006823227372302038,0.08351518908204303,0.051129163081808926,0.44259231130304194,0.421046733856,0.4424810954820893,0.4917953987694544
10912.797,1.6479821479213428,0.7255134052652746,0.8672723379380163,0.2817949871288691,0.3390899305990771,0.24005579153320056,1.5833593606948853,0.7782453894615173,0.9136003851890564,0.25545910000801086,0.33469536900520325,0.21052680909633636,-0.0015933782094809182,0.08339201359884738,0.046328047251040116,0.4408745748800158,0.421046733856,0.43980831573074225,0.48267264549904754
10912.817,1.6535556683707824,0.732328384416855,0.8720550660671371,0.27867602246589684,0.3407489575715801,0.2391364064508221,1.5905122756958008,0.7876168489456177,0.919495165348053,0.25545910000801086,0.33469536900520325,0.21052680909633636,0.0017788078960875378,0.08383388045646575,0.04744009928091586,0.44015487437019585,0.421046733856,0.44193330238529377,0.4862670511917661
10912.837,1.6590762422358138,0.739192361119463,0.8768296726042263,0.27602869327065277,0.34319883515412075,0.23873032687095969,1.5961323976516724,0.7949801683425903,0.9241267442703247,0.25545910000801086,0.33469536900520325,0.21052680909633636,0.0026265822342595585,0.08406728300334233,0.04729707166609842,0.4403676906739781,0.421046733856,0.4442058687276589,0.4868624437563486
10912.857,1.6645547847367448,0.746114280313962,0.8816261163301127,0.27392712504056765,0.3460959597173968,0.2398221862890847,1.5961323976516724,0.7949801683425903,0.9241267442703247,0.25545910000801086,0.33469536900520325,0.21052680909633636,-0.0057961710841527014,0.0838802865279391,0.04250062794021203,0.4412972775449248,0.421046733856,0.4406413261008684,0.4774089448924238
10912.877,1.6699925489452252,0.7530895458643095,0.8864935885112376,0.25894115277688645,0.33215550238737523,0.23178438957031067,1.608976125717163,0.8121876120567322,0.9348635673522949,0.24835531413555145,0.3399977684020996,0.21052618324756622,0.007222239772387028,0.08463701662925102,0.048369978841057315,0.4210592296942612,0.421044945717,0.4468624841794657,0.49230907244457023
10912.897,1.6753853132320167,0.7600969511985504,0.8913943923894768,0.2838296993013363,0.368810807060787,0.2579370462199556,1.608976125717163,0.8121876120567322,0.9348635673522949,0.24835531413555145,0.3399977684020996,0.21052618324756622,-0.0012028847526734665,0.08439295114698198,0.0434691749628181,0.46525397645442634,0.421044945717,0.4408705168489981,0.4798259475342497
10912.917,1.6807385480871564,0.7671305882232494,0.8963312062259053,0.26766174277548727,0.3516818512592617,0.2468406918384881,1.6149367094039917,0.8203475475311279,0.93991619348526,0.24835531413555145,0.3399977684020996,0.21052618324756622,0.00047272284627102035,0.08462684718912929,0.04358498725935467,0.44182728403142335,0.421044945717,0.4386296227829353,0.4824345432170234
10912.936,1.686062287967129,0.7741978935502534,0.9012283390299238,0.26618699399281914,0.35336526634248416,0.24485664019557976,1.6211456060409546,0.8288475275039673,0.9451793432235718,0.24835531413555145,0.3399977684020996,0.21052618324756622,0.0025598602612253163,0.0848186606768936,0.04395100419364795,0.4422783658241442,0.421044945717,0.4406376730166308,0.4839589682692855
10912.956,1.6913619158272866,0.7812900487634624,0.9060508704832413,0.2649813930020953,0.3546077606527122,0.2411265726606096,1.6211456060409546,0.8288475275039673,0.9451793432235718,0.24835531413555145,0.3399977684020996,0.21052618324756622,-0.0058823023106592195,0.08460166939067884,0.03912847274033049,0.4425585939052643,0.421044945717,0.4368986823698964,0.47444391719088164
10912.977,1.696642147883143,0.7884095560058245,0.9108197087798771,0.26401160278706126,0.3559753621103348,0.23844191482658378,1.6333831548690796,0.8459763526916504,0.9557057023048401,0.24114440381526947,0.34515058994293213,0.21052618324756622,0.00669416128153872,0.085269129716195,0.04488599352496303,0.4430879598458986,0.421045780182,0.4396411658785004,0.4874427828059276
10912.996,1.7018928822683035,0.7955522256211385,0.9155216174402853,0.2625367192761689,0.3571334807903835,0.23509543303666042,1.6333831548690796,0.8459763526916504,0.9557057023048401,0.24114440381526947,0.34515058994293213,0.21052618324756622,-0.0017679475693596902,0.08504733799791206,0.040184084864554825,0.44314805183855166,0.421045780182,0.4366623202682676,0.4780931901774335
10913.017,1.7071056241647904,0.8027129412932875,0.920209725103623,0.2606370948186561,0.358035783599637,0.23440538316176918,1.6396528482437134,0.8549502491950989,0.9611793756484985,0.24114440381526947,0.34515058994293213,0.21052618324756622,0.0007137275609850752,0.08531180404408502,0.04096965054487556,0.44275504653267955,0.421045780182,0.43824918271997043,0.48052963923697106
10913.037,1.7122769943474485,0.8098914183705395,0.924883801937656,0.258568509127262,0.3589238538547626,0.2337038416965478,1.6454403400421143,0.8632338643074036,0.9662320017814636,0.24114440381526947,0.34515058994293213,0.21052618324756622,0.002365841604063272,0.08548074456134849,0.041348199843807665,0.44225840682413387,0.421045780182,0.4402432878481261,0.4819500169489296
10913.057,1.7174065105275536,0.8170856968048912,0.9295493153376098,0.25647580899965383,0.3597139217097342,0.23327566999259822,1.6454403400421143,0.8632338643074036,0.9662320017814636,0.24114440381526947,0.34515058994293213,0.21052618324756622,-0.0060689640662583005,0.08527573355499042,0.03668268644385386,0.4416795016943985,0.421045780182,0.4364308189748717,0.47272680155126623
10913.076,1.7225002467377397,0.8243088442121764,0.934226623579458,0.25468681052691244,0.3611573703892261,0.23386541210857512,1.657314658164978,0.8806165456771851,0.9767583012580872,0.23382490873336792,0.3501502275466919,0.21052618324756622,0.006530297803722239,0.08588989121220608,0.0425316776786292,0.4418170973007479,0.421045452356,0.43919152573085013,0.48575921325412885
10913.097,1.727563733394156,0.8315583830136141,0.9388843693124526,0.25317433281528956,0.3624769400639698,0.23288728664464659,1.657314658164978,0.8806165456771851,0.9767583012580872,0.23382490873336792,0.3501502275466919,0.21052618324756622,-0.0019103150690240878,0.0856620487194718,0.0378739319456346,0.44202969322004837,0.421045452356,0.43621752025653865,0.47644546810915545
10913.116,1.7326037413837259,0.8388513203790374,0.9435496710098326,0.25200039947299074,0.3646468682632084,0.2332650848639082,1.6633940935134888,0.8897204399108887,0.9822319746017456,0.23382490873336792,0.3501502275466919,0.21052618324756622,0.0005656369400780722,0.08589134260867042,0.03868230359191305,0.4431385905536709,0.421045452356,0.43385840732500797,0.47874476307313507
10913.136,1.7376269334503083,0.8461870594066996,0.9482139644441827,0.2511596033236385,0.36678695137510176,0.23321467171241708,1.6690058708190918,0.8981240391731262,0.9872846007347107,0.23382490873336792,0.3501502275466919,0.21052618324756622,0.002176979663658797,0.08603232452653806,0.03907063629052798,0.4444286028464467,0.421045452356,0.4355255653368246,0.4799998002751759
10913.156,1.7426323795275047,0.8535562276156112,0.952868582462625,0.2502723038543591,0.3684584104375397,0.23273090091703233,1.6690058708190918,0.8981240391731262,0.9872846007347107,0.23382490873336792,0.3501502275466919,0.21052618324756622,-0.006328956914024374,0.08583179431886878,0.034416018272085735,0.4453179578409572,0.421045452356,0.4313489131414557,0.47072521989035515
10913.176,1.7476175624542438,0.8609625824393394,0.9575328342806668,0.24925914635418453,0.370317741212007,0.23321259091821325,1.6805115938186646,0.9157528281211853,0.9978109002113342,0.22640171647071838,0.35499492287635803,0.21052618324756622,0.0061839207245693445,0.08641146436016821,0.040278065930667406,0.4462946999622602,0.421045273542,0.43357177877041203,0.48358970507594745
10913.197,1.7525734841090055,0.868374146033224,0.9621778806262876,0.2477960827326743,0.370578179686142,0.2322523172759702,1.6805115938186646,0.9157528281211853,0.9978109002113342,0.22640171647071838,0.35499492287635803,0.21052618324756622,-0.002328967164121884,0.08621039067628494,0.03563301958504661,0.445710249420346,0.421045273542,0.4301554452810276,0.4744086979271603
10913.216,1.7574708653195317,0.875747944477377,0.9668624571254206,0.24486906052096433,0.3686899221996012,0.2342288249515377,1.6861716508865356,0.9246277213096619,1.003074049949646,0.22640171647071838,0.35499492287635803,0.21052618324756622,-0.00025640874506085987,0.08644503928214606,0.03621159282422537,0.4425290580163539,0.421045273542,0.42760795121373,0.4765105901147819
10913.237,1.7622971025071876,0.8830593784737026,0.9715830321591555,0.24131185937753055,0.3655716998083009,0.2360287516815934,1.6918317079544067,0.9335025548934937,1.0083372592926025,0.22640171647071838,0.35499492287635803,0.21052618324756622,0.0019129549024888073,0.08663848152142492,0.036754227133447004,0.43797984005022994,0.421045273542,0.43026880955112456,0.47856497451167096
10913.257,1.7670450635687116,0.8902801338820445,0.9763354558763325,0.2373980530926081,0.36103777044204965,0.23762118587527425,1.6918317079544067,0.9335025548934937,1.0083372592926025,0.22640171647071838,0.35499492287635803,0.21052618324756622,-0.006316517863302423,0.08651779090416853,0.032001803416270014,0.43205961941886817,0.421045273542,0.4280868316361815,0.4696921970298835
10913.276,1.7717217491394426,0.897407258330766,0.9811314657256242,0.2338342785314447,0.3563562224282932,0.239800492459347,1.7029637098312378,0.9513696432113647,1.018863558769226,0.2188783884048462,0.35968223214149475,0.21052618324756622,0.006614456794437326,0.08715420765990037,0.03773209304360192,0.4262084631766625,0.421045184135,0.43323050316822587,0.48310399494217526
10913.296,1.7763551085864338,0.9044618661356336,0.9859122888783042,0.23166797234450168,0.3527303902356838,0.23904115762878347,1.7029637098312378,0.9513696432113647,1.018863558769226,0.2188783884048462,0.35968223214149475,0.21052618324756622,-0.0014090052734323372,0.08708990564680906,0.0329512698909219,0.4220026871755298,0.421045184135,0.4373481002863611,0.4742373231324853
10913.318,1.7809520288602274,0.9115090197605236,0.990697211292036,0.2189009654310323,0.335578744061214,0.22785344828573445,1.7084357738494873,0.9603617191314697,1.024126648902893,0.2188783884048462,0.35968223214149475,0.21052618324756622,0.0011141491859153543,0.08742969831929112,0.03342943761085704,0.40066197282738836,0.421045184135,0.4453584632860843,0.47744270993611937
10913.337,1.7855154970693432,0.9186464753210979,0.9954743467712176,0.2401825373189407,0.3756555558150979,0.2514281831117385,1.7139077186584473,0.9693537354469299,1.0293898582458496,0.2188783884048462,0.35968223214149475,0.21052618324756622,0.0035821133155791926,0.08767022654588683,0.03391551147463201,0.44586596691103636,0.421045184135,0.4470585368784063,0.47726166246011065
10913.357,1.7900525518455899,0.9259271065951967,1.0002428321579202,0.22685273880738144,0.3640315636969958,0.2384242693299259,1.7139077186584473,0.9693537354469299,1.0293898582458496,0.2188783884048462,0.35968223214149475,0.21052618324756622,-0.0045777238275981,0.08753828967418886,0.029147026087929406,0.42889245135134846,0.421045184135,0.44558566723196436,0.46884063595434705
10913.377,1.7945719328892664,0.9333881347019286,1.0050157390372956,0.22596905217889515,0.37305140532845116,0.23864534396355946,1.724661111831665,0.9874511957168579,1.0399161577224731,0.21125853061676025,0.3642098009586334,0.21052618324756622,0.008160997675994909,0.08799849762458638,0.03490041868517757,0.43605529905033946,0.421045064926,0.4496843560318958,0.4811649990090888
10913.396,1.799085170526983,0.9409916811466592,1.009765800689089,0.22566188188090452,0.38017732222823164,0.23750308258448982,1.724661111831665,0.9874511957168579,1.0399161577224731,0.21125853061676025,0.3642098009586334,0.21052618324756622,-0.00026038451046801747,0.08773459526714278,0.03015035703338409,0.44196434174466764,0.421045064926,0.4472529392651095,0.47136504900018344
10913.417,1.8035988314383562,0.9486751987137101,1.0145240880930213,0.22568304558425828,0.38417587837909883,0.23791437021305745,1.7301539182662964,0.996920645236969,1.0453897714614868,0.21125853061676025,0.3642098009586334,0.21052618324756622,0.002190761604328434,0.08784633711585839,0.030865683368465513,0.44541953163528614,0.421045064926,0.4488348097485322,0.4731524455610794
10913.437,1.8081058070850993,0.9564065043146,1.019276947587735,0.21461788793360265,0.3681574095549588,0.22632664259851426,1.7352241277694702,1.0056617259979248,1.0504424571990967,0.21125853061676025,0.3642098009586334,0.21052618324756622,0.0037634361197128804,0.08788431368288943,0.031165509611361664,0.4260263773373776,0.421045064926,0.4536858398084406,0.47494193214118174
10913.457,1.8125930779060777,0.9641716039461594,1.0240202917190422,0.23617214846965534,0.40868945428759546,0.24964969111837074,1.7352241277694702,1.0056617259979248,1.0504424571990967,0.21125853061676025,0.3642098009586334,0.21052618324756622,-0.0047858245069934136,0.08766116903680618,0.026422165480054494,0.4718990668240272,0.421045064926,0.44652370302893396,0.4637003711774994
10913.476,1.8170548774758295,0.971984950783509,1.0287692659696854,0.22308997848271991,0.3906673418589514,0.23744871252697927,1.7455942630767822,1.0239814519882202,1.0609687566757202,0.20354445278644562,0.36857709288597107,0.21052618324756622,0.0076789272437829195,0.08804140857690515,0.032199490706034783,0.4497571566978238,0.42104563117,0.4486065408495336,0.4767840618624876
10913.497,1.8214913959997814,0.9798251781007872,1.0334899102845752,0.22182592621292707,0.3920113658910055,0.236032215760801,1.7455942630767822,1.0239814519882202,1.0609687566757202,0.20354445278644562,0.36857709288597107,0.21052618324756622,-0.0009117278484228539,0.08780273379504656,0.027478846391145062,0.45030900818922254,0.42104563117,0.4446919610223817,0.4673599524579716
10913.517,1.8259071808963467,0.987710626161936,1.0382131008439606,0.22078924482344842,0.3942724030488324,0.2361595279641159,1.7506828308105469,1.033195972442627,1.0662319660186768,0.20354445278644562,0.36857709288597107,0.21052618324756622,0.0009895959466028822,0.0879013098421623,0.02801886517471619,0.4517730519827643,0.42104563117,0.44132077623788707,0.4688070092937692
10913.537,1.8303046773923264,0.9956405095011814,1.0429195094806216,0.21987482479418294,0.39649416695361994,0.23532043182791607,1.7559750080108643,1.0427789688110352,1.0717055797576904,0.20354445278644562,0.36857709288597107,0.21052618324756622,0.0032820226333785535,0.0879554570444506,0.02878607027706881,0.45327378873131746,0.42104563117,0.4420609454728713,0.4705589151886983
10913.556,1.834674773958551,1.0035764454010252,1.0475989892662967,0.21850482830645837,0.39679679498352677,0.23397398927864618,1.7559750080108643,1.0427789688110352,1.0717055797576904,0.20354445278644562,0.36857709288597107,0.21052618324756622,-0.005364272269826061,0.08775941878196447,0.024106590491393742,0.45289216250692005,0.42104563117,0.4373264856114742,0.4613373709877826
10913.576,1.8390099974767304,1.0115330716927127,1.0522728630142753,0.2167611759239578,0.39783131461187243,0.23369368741508142,1.7659493684768677,1.0613172054290771,1.0822319984436035,0.19574227929115295,0.3727816939353943,0.2105274349451065,0.007031385263557247,0.08812987633607143,0.029959135429328265,0.4529635973406911,0.421047776937,0.43883402317832193,0.47363381226281503
10913.596,1.8433003877363583,1.0194873373974587,1.0568969604662117,0.2145195129767101,0.39771328522861876,0.23120487259177738,1.7659493684768677,1.0613172054290771,1.0822319984436035,0.19574227929115295,0.3727816939353943,0.2105274349451065,-0.0015970733853682625,0.08792250790682926,0.025335037977391783,0.45179515798329994,0.421047776937,0.4347660433753199,0.46449124026728833
10913.617,1.8475449028929871,1.0274206224564777,1.0615287213126705,0.20211976935711481,0.3777754789893876,0.22056004030083598,1.7706471681594849,1.0702639818191528,1.0872845649719238,0.19574227929115295,0.3727816939353943,0.2105274349451065,-8.39471669914077e-05,0.08802731395138987,0.02575584365925332,0.42837750768287686,0.421047776937,0.43846610902497357,0.4665882111432392
10913.637,1.851742276216608,1.0353728963223885,1.0661621847884941,0.22091438545102507,0.4185407297796499,0.24386649872456986,1.7755407094955444,1.0795835256576538,1.0925477743148804,0.19574227929115295,0.3727816939353943,0.2105274349451065,0.0018573536675779365,0.08807842388643465,0.026385589526386255,0.47317950414138377,0.421047776937,0.4324152164006355,0.46646824436376055
10913.656,1.8558984934085032,1.0433356120053343,1.0707896926754292,0.20781085959022313,0.39813578413860057,0.23137539434170515,1.7755407094955444,1.0795835256576538,1.0925477743148804,0.19574227929115295,0.3727816939353943,0.2105274349451065,-0.006715620038089787,0.08789872084991791,0.021758081639451143,0.449026798276531,0.421047776937,0.4277083479447745,0.45823195783212445
10913.677,1.860021176882603,1.0512960939454996,1.0754274339653718,0.20613417371923431,0.39802409703577696,0.23188706451315555,1.7851306200027466,1.0983237028121948,1.103074073791504,0.18784929811954498,0.3768180310726166,0.21052618324756622,0.005774887553954264,0.08824308573045853,0.027646639826132136,0.44816614359364965,0.421045362949,0.4296396417407622,0.47060610501709577
10913.697,1.8641025933217334,1.0592599186567049,1.0800179734845616,0.20407082195207127,0.3981912355515718,0.22952697595448304,1.7851306200027466,1.0983237028121948,1.103074073791504,0.18784929811954498,0.3768180310726166,0.21052618324756622,-0.0027675388194361578,0.08806186763477365,0.023056100306942273,0.4473723737832265,0.421045362949,0.4259617284752932,0.46155008762078037
10913.717,1.8681332706515006,1.0672184234102813,1.0846124581749532,0.20153386648395796,0.39792523767013416,0.22972423451456497,1.790014624595642,1.1081209182739258,1.1085478067398071,0.18784929811954498,0.3768180310726166,0.21052618324756622,-0.0003385450587457192,0.0881783552518086,0.02393534856485391,0.4459823977191572,0.421045362949,0.42296946090691195,0.4637575442472818
10913.736,1.8720962569800994,1.0751490828110588,1.0892006626775967,0.19814931642561565,0.396532970030221,0.22941022512716858,1.794523000717163,1.1171646118164062,1.113600492477417,0.18784929811954498,0.3768180310726166,0.21052618324756622,0.0013050928980502044,0.08821117558088568,0.02439982979982025,0.4432116615677956,0.421045362949,0.4246976321668204,0.4650251532070105
10913.757,1.875975933865789,1.0830786888720803,1.0937646597607853,0.1939838442978928,0.39648030307847754,0.22819985417520122,1.794523000717163,1.1171646118164062,1.113600492477417,0.18784929811954498,0.3768180310726166,0.21052618324756622,-0.007118016411760825,0.08801002388275422,0.019835832716631696,0.44128449341159565,0.421045362949,0.4209996979644523,0.4559860652619955
10913.776,1.8797715667302894,1.0910075150912446,1.0983270290093243,0.18978164322087515,0.3964413109495642,0.2281184624219723,1.8037161827087402,1.1361024379730225,1.1241267919540405,0.17987537384033203,0.38068875670433044,0.21052618324756622,0.005542875804873379,0.08824539668555274,0.025799762944716198,0.4393771334152952,0.421045213938,0.42411742932095614,0.4683466119922842
10913.796,1.8835014304079363,1.098909820270337,1.1028211054746566,0.18649318387827063,0.3951152589459902,0.2247038232617095,1.8037161827087402,1.1361024379730225,1.1241267919540405,0.17987537384033203,0.38068875670433044,0.21052618324756622,-0.002795743959867432,0.08798386430312692,0.021305686479383912,0.43675720080792124,0.421045213938,0.42192089410678085,0.4592796394895759
10913.817,1.8871782870763787,1.106812429416481,1.1072584924259934,0.18384283341810803,0.39513045729857743,0.2218693475619958,1.8082131147384644,1.1456196308135986,1.1293898820877075,0.17987537384033203,0.38068875670433044,0.21052618324756622,-0.0005944241218320129,0.0879837711319329,0.02213138966171413,0.4356337842541798,0.421045213938,0.4244452397866227,0.461066524748668
10913.838,1.8908037259773325,1.114694777522801,1.1116931800313052,0.18127194506021943,0.39411740534324996,0.22173438028091907,1.812709927558899,1.1551368236541748,1.134653091430664,0.17987537384033203,0.38068875670433044,0.21052618324756622,0.0016474624117632716,0.08792887076673349,0.022959911399358823,0.43363629302929174,0.421045213938,0.4274210819681579,0.462765563537424
10913.856,1.8943837824457956,1.1225711244387897,1.1161623807798493,0.1790028234192505,0.39381734579083366,0.22346003742232567,1.812709927558899,1.1551368236541748,1.134653091430664,0.17987537384033203,0.38068875670433044,0.21052618324756622,-0.0066079882512914585,0.0876782631485341,0.018490710650814757,0.43242023383756945,0.421045213938,0.42505953655667766,0.4536994513118657
10913.877,1.897918715618664,1.1304807152770757,1.1207260249389457,0.17674665863956499,0.3954795419056684,0.2281822079498383,1.821502447128296,1.1742639541625977,1.1451793909072876,0.17182157933712006,0.3843914270401001,0.21052618324756622,0.006179871302628759,0.08785344209523988,0.02445336596834191,0.43298620654495157,0.42104563117,0.4291897140225326,0.46593249001098413
10913.897,1.9014151039743625,1.138424890037364,1.125314462184447,0.17481941778110566,0.39720873800573936,0.2294218622700621,1.821502447128296,1.1742639541625977,1.1451793909072876,0.17182157933712006,0.3843914270401001,0.21052618324756622,-0.0020925018458608224,0.08755622580716282,0.019864928722840514,0.43377083425110696,0.42104563117,0.4275405544423974,0.45652466622505405
10913.916,1.9048779449788569,1.1464178174754363,1.1299319198730557,0.17314205023668502,0.39964637193124114,0.23087288444639137,1.8259698152542114,1.184258222579956,1.1506530046463013,0.17182157933712006,0.3843914270401001,0.21052618324756622,0.0005504384309901952,0.08751049201466835,0.020721084773245524,0.4353168553440383,0.42104563117,0.4302044210974226,0.45828829134320176
10913.937,1.9082994882821032,1.1544432018647206,1.1345081998651247,0.17107716515858015,0.40126921945545874,0.22881399959845541,1.830093502998352,1.193483591079712,1.1557056903839111,0.17182157933712006,0.3843914270401001,0.21052618324756622,0.00233519207866565,0.08737777178559798,0.021197490518786388,0.4359743942782358,0.42104563117,0.43327725216581137,0.4590992259401233
10913.956,1.9116835923845843,1.1624915296453662,1.1390182726559557,0.1692052051203633,0.4024163890234946,0.22550363953662436,1.830093502998352,1.193483591079712,1.1557056903839111,0.17182157933712006,0.3843914270401001,0.21052618324756622,-0.005996631373567374,0.08707175759207561,0.016687417727955456,0.4362939238684874,0.42104563117,0.4306193434443266,0.44979577411996774
10913.976,1.9150293517775276,1.170567640985783,1.1435300573644642,0.16728796964351586,0.4038055670120287,0.22558923542050327,1.8384814262390137,1.2127915620803833,1.1662319898605347,0.16369272768497467,0.38792237639427185,0.21052618324756622,0.006707808832851998,0.08716335077034855,0.022701932496070443,0.43682576135094137,0.421045213938,0.4342985659263789,0.46184244868876373
10913.997,1.9183408171109684,1.1786536816076687,1.1480041295815546,0.16557326668348132,0.4043020311222295,0.22370361086998258,1.8384814262390137,1.2127915620803833,1.1662319898605347,0.16369272768497467,0.38792237639427185,0.21052618324756622,-0.0016350456211546571,0.08683457732623412,0.018227860278980046,0.43663805717626913,0.421045213938,0.4322217668423014,0.4525476547025986
10914.017,1.92163234198888,1.1867666302404432,1.1524853177311498,0.16457624389199432,0.4056474316298682,0.224059407474869,1.8425737619400024,1.222489595413208,1.1714950799942017,0.16369272768497467,0.38792237639427185,0.21052618324756622,0.0005278079792355866,0.08675315982035711,0.019009762263051844,0.4375248048030277,0.421045213938,0.43443530460958535,0.4540059419551191
10914.036,1.9248957893539447,1.194882892192907,1.156969269481057,0.16317236824966652,0.4058130976143397,0.22419758749046237,1.8466660976409912,1.2321877479553223,1.1767582893371582,0.16369272768497467,0.38792237639427185,0.21052618324756622,0.002698468847400985,0.08662710427365067,0.019789019856101264,0.4371721145725982,0.421045213938,0.43724658749586887,0.455386182649186
10914.057,1.9281254583001601,1.2029860688520695,1.1614827998830752,0.15379375933890413,0.38586555518644367,0.2149300191371752,1.8466660976409912,1.2321877479553223,1.1767582893371582,0.16369272768497467,0.38792237639427185,0.21052618324756622,-0.005629716035143034,0.08635202255195626,0.015275489454082969,0.4151976255717384,0.421045213938,0.43746959042846006,0.4466407951413266
10914.077,1.9313253866727391,1.2111080618526242,1.1660227251715232,0.16841728278137488,0.42747331585435566,0.23894343625404918,1.8546456098556519,1.2516679763793945,1.1872845888137817,0.15548989176750183,0.39128294587135315,0.21052618324756622,0.007085017818063578,0.08645633210849826,0.02126186364225857,0.4592543945664258,0.421045660973,0.4380598422312028,0.45756134797909365
10914.097,1.934488888331794,1.2192381001783599,1.1705460523503097,0.15817508294929689,0.40650191627791027,0.2261663589343914,1.8546456098556519,1.2516679763793945,1.1872845888137817,0.15548989176750183,0.39128294587135315,0.21052618324756622,-0.0012441090792584299,0.08616900939915778,0.01673853646347201,0.4360061679507973,0.421045660973,0.43632191745036386,0.4489882703100295
10914.117,1.9376309176564428,1.2273472636443938,1.1750524728808225,0.15710146622900517,0.4054581732928479,0.2253210265207195,1.8585329055786133,1.2614500522613525,1.1925477981567383,0.15548989176750183,0.39128294587135315,0.21052618324756622,0.0009751253755383958,0.08613097489648781,0.017495325275915796,0.4346821144536267,0.421045660973,0.4391227717423708,0.45059049860913225
10914.136,1.9407438584633603,1.2354430867140784,1.1795310696573187,0.15564704034247684,0.40479115347539396,0.22392983881992218,1.8624200820922852,1.2712321281433105,1.1978108882904053,0.15548989176750183,0.39128294587135315,0.21052618324756622,0.0032149395777741167,0.0860530859118994,0.018279818633086586,0.4335572861880781,0.421045660973,0.44252849924321513,0.4521371349545707
10914.157,1.9438174098509666,1.2435312599646102,1.1839955487822351,0.15367756937696272,0.4044086625177623,0.2232239562409491,1.8624200820922852,1.2712321281433105,1.1978108882904053,0.15548989176750183,0.39128294587135315,0.21052618324756622,-0.005050963712561935,0.0858332734414943,0.013815339508170155,0.43250260901306115,0.421045660973,0.4404185794890409,0.44313844866916174
10914.177,1.946858736049283,1.2516156862025771,1.188466981739578,0.15206630992633255,0.4042213119262855,0.22357164788260264,1.8699878454208374,1.2908761501312256,1.2083371877670288,0.14721789956092834,0.39446941018104553,0.21052618324756622,0.007746589500560421,0.08596806503006199,0.01987020602745071,0.4317690719280797,0.421045392752,0.44498171718962337,0.45544222926522454
10914.197,1.9498539221565627,1.2597329969230477,1.1929342484099523,0.14975930536071447,0.4058655360146716,0.22336333351383575,1.8699878454208374,1.2908761501312256,1.2083371877670288,0.14721789956092834,0.39446941018104553,0.21052618324756622,-0.0005191526137320011,0.08572173986491675,0.015402939357076484,0.43248529056038604,0.421045392752,0.4479200519989409,0.44632762057144193
10914.217,1.9528146756640385,1.2678919348971718,1.1974084994417598,0.14803767537055973,0.4079468986972972,0.22371255158548833,1.8736683130264282,1.3007378578186035,1.2136003971099854,0.14721789956092834,0.39446941018104553,0.21052618324756622,0.001712366989034382,0.08567420364742014,0.016191897668225597,0.43383808189327683,0.421045392752,0.4508223791358493,0.44789517232291487
10914.237,1.9557534707166109,1.2760766022002357,1.2018584190052803,0.13994262155891812,0.3897460620725372,0.21190093160811221,1.877348780632019,1.3105995655059814,1.2188634872436523,0.14721789956092834,0.39446941018104553,0.21052618324756622,0.003925251591165271,0.0855787521679115,0.017005068238372,0.41398720527080124,0.421045392752,0.4574147509406688,0.4498771462102627
10914.256,1.9586742382734141,1.2842832457457507,1.2062764524232858,0.15372460825091944,0.43192860765339314,0.23252807462901934,1.877348780632019,1.3105995655059814,1.2188634872436523,0.14721789956092834,0.39446941018104553,0.21052618324756622,-0.004405380314521392,0.08536375911702511,0.012587034820366494,0.4583516923195497,0.421045392752,0.4520813831249608,0.44001352683398165
10914.276,1.9615925957758602,1.2925378257785933,1.2107010493555779,0.1459178751191183,0.4127290016331224,0.22122984660977224,1.8845012187957764,1.330398440361023,1.2293897867202759,0.1388815939426422,0.3974806070327759,0.21052618324756622,0.008268178202518718,0.08548768198083323,0.018688737364698005,0.4376740259875604,0.421045035124,0.455909104045296,0.45261881491190953
10914.297,1.9645131175275585,1.3008458332406196,1.215062203738291,0.14602608758172875,0.4154003730922483,0.2180577191308961,1.8845012187957764,1.330398440361023,1.2293897867202759,0.1388815939426422,0.3974806070327759,0.21052618324756622,-0.00016408385146166743,0.08529497993884262,0.014327582981984888,0.4402503611008892,0.421045035124,0.4536799412007589,0.4437366724699897
10914.317,1.9674275971458886,1.3091873582347966,1.2194227535084694,0.14572398091332034,0.4170762496997437,0.21802748850416154,1.8879733085632324,1.340335488319397,1.2346529960632324,0.1388815939426422,0.3974806070327759,0.21052618324756622,0.0018978099726772064,0.085320503393093,0.015230242554763018,0.44174965127637295,0.421045035124,0.45565531249314706,0.4455820547454137
10914.336,1.9703175912818245,1.3175614135035234,1.2237843129135402,0.14449970680678484,0.4187027634652819,0.21807797026861236,1.891445279121399,1.350272536277771,1.239916205406189,0.1388815939426422,0.3974806070327759,0.21052618324756622,0.003937672753944275,0.08529568518961765,0.01613189249264879,0.4428880118588421,0.421045035124,0.45787949408651046,0.44730122693364505
10914.358,1.9731697414831004,1.3259327021698544,1.2281431221003414,0.12964319096211444,0.3805131211822641,0.19812769030154467,1.891445279121399,1.350272536277771,1.239916205406189,0.1388815939426422,0.3974806070327759,0.21052618324756622,-0.004533500959076706,0.08515141009850698,0.011773083305847587,0.40195103387779585,0.421045035124,0.4647630167765073,0.43928688578634245
10914.379,1.975964898959006,1.334291300601127,1.2325316706092295,0.13975787379222587,0.41792992155450864,0.21942742543961766,1.8983099460601807,1.3706178665161133,1.2506530284881592,0.13048326969146729,0.40031662583351135,0.21052618324756622,0.00849816891219422,0.08530939119484111,0.018121357878929656,0.4406253847507539,0.421045452356,0.4682190297792945,0.45138948740661833
10914.397,1.9787015451926089,1.3426796497790945,1.2368741450147773,0.15203590186658328,0.46601939877521825,0.24124857808559896,1.8983099460601807,1.3706178665161133,1.2506530284881592,0.13048326969146729,0.40031662583351135,0.21052618324756622,4.6591439068308094e-05,0.08510787857038546,0.013778883473381853,0.49010833507960444,0.421045452356,0.45995888078701525,0.4416256618544693
10914.417,1.9813962775170437,1.3511212765654848,1.2412020668436037,0.13473661623105548,0.42208133934868824,0.2163960914562753,1.9014415740966797,1.3802255392074585,1.2557055950164795,0.13048326969146729,0.40031662583351135,0.21052618324756622,0.0016596174133255634,0.08507090203478947,0.014503528172875813,0.4429710199396068,0.421045452356,0.46179645286122517,0.44388302170303406
10914.437,1.9840609304809207,1.3596335860507764,1.2454890298410002,0.13323264819094022,0.4256154742552943,0.21434814986514644,1.9047036170959473,1.3902333974838257,1.260968804359436,0.13048326969146729,0.40031662583351135,0.21052618324756622,0.00363233378330495,0.08497492452897923,0.015479774518435852,0.44587418362881653,0.421045452356,0.4634459244848512,0.44547328747830567
10914.457,1.986705043122993,1.368217185122531,1.249769060304513,0.13220563210072447,0.4291799535783647,0.21400152317097304,1.9047036170959473,1.3902333974838257,1.260968804359436,0.13048326969146729,0.40031662583351135,0.21052618324756622,-0.004983410851735537,0.08475914755051199,0.011199744054922967,0.44897027601840755,0.421045452356,0.4590156555508156,0.4366490823692384
10914.478,1.989336002152452,1.3768440178656642,1.2541024580089366,0.12528376330375585,0.41080155918429095,0.20635227163292438,1.9110164642333984,1.410315990447998,1.2714951038360596,0.12202775478363037,0.40297752618789673,0.2105274349451065,0.007416635458590819,0.08484878600711354,0.017392645827122966,0.4293891809924298,0.421048283577,0.4640577490878733,0.44923592437440774
10914.496,1.9919527963285681,1.3855078825069365,1.258435533561759,0.13772600928076897,0.4559928758945,0.2280566080623209,1.9110164642333984,1.410315990447998,1.2714951038360596,0.12202775478363037,0.40297752618789673,0.2105274349451065,-0.0012645624018774448,0.08464356416507235,0.013059570274300603,0.47625175186816715,0.421048283577,0.45692223198348303,0.43944229892990544
10914.518,1.9945399830808337,1.3942106130458707,1.2627702322399899,0.1293593376104537,0.435136526937213,0.21673493390681345,1.9140671491622925,1.4203903675079346,1.2767583131790161,0.12202775478363037,0.40297752618789673,0.2105274349451065,0.0005499636595667039,0.0846224206847584,0.01398808093902626,0.4538752696906546,0.421048283577,0.4529093863874652,0.44156035221928536
10914.537,1.9971035417311822,1.4029446529710876,1.2670642221749364,0.12207422144144554,0.4159066630928872,0.20447571118169713,1.9171178340911865,1.4304648637771606,1.2820215225219727,0.12202775478363037,0.40297752618789673,0.2105274349451065,0.0023381162917553155,0.08455535844455862,0.01495730034703624,0.433379728919988,0.421048283577,0.4562862947537489,0.4436355818441314
10914.557,1.9996324616907797,1.4116944492885162,1.2713007540071137,0.13310105050349924,0.4605155956484915,0.22297535958554734,1.9171178340911865,1.4304648637771606,1.2820215225219727,0.12202775478363037,0.40297752618789673,0.2105274349451065,-0.006410115417314295,0.08437951557286735,0.010720768514858925,0.4792858485557007,0.421048283577,0.4473127452765669,0.43422465007886124
10914.578,2.0021217005270917,1.4204381935664414,1.2755567223842914,0.11853518268817821,0.41636877516266724,0.20266516082935998,1.9230064153671265,1.4506757259368896,1.2925478219985962,0.11351735889911652,0.40545332431793213,0.21052618324756622,0.005909125510372721,0.08449034823871414,0.016991099614304783,0.4328435942510473,0.421044647694,0.4513177127437238,0.4472983845833348
10914.598,2.0045729233786473,1.4291721228563072,1.2798289627980015,0.12901172902766297,0.45968048893467367,0.22485475861356585,1.9230064153671265,1.4506757259368896,1.2925478219985962,0.11351735889911652,0.40545332431793213,0.21052618324756622,-0.002799985303045524,0.08430694074003316,0.012718859200594679,0.47736941415052003,0.421044647694,0.4433320568641749,0.43772230779656274
10914.617,2.0069764203575247,1.4379025981481974,1.2841494082294718,0.12017484894124271,0.4365237645849813,0.2160222715687974,1.925844430923462,1.4608120918273926,1.2978109121322632,0.11351735889911652,0.40545332431793213,0.21052618324756622,-0.0009643355694871451,0.08429896005927578,0.013661503902791416,0.45269036268448665,0.421044647694,0.4391713413845708,0.4399277415466729
10914.637,2.009338405687334,1.44662949388829,1.288519726783017,0.11809926648789001,0.43634478699510326,0.2185159276724955,1.9286823272705078,1.4709484577178955,1.3030741214752197,0.11351735889911652,0.40545332431793213,0.21052618324756622,0.0008903360701572743,0.08423789105271486,0.014554394692202655,0.4519716257033263,0.421044647694,0.4354807835273413,0.4415212802965547
10914.656,2.0116418075258196,1.4553515749261376,1.2928819106263638,0.11517009192176315,0.4361040518828639,0.2181091921625764,1.9286823272705078,1.4709484577178955,1.3030741214752197,0.11351735889911652,0.40545332431793213,0.21052618324756622,-0.007761564540892767,0.08405531650602982,0.01019221084885591,0.4509676070944075,0.421044647694,0.4304571510550279,0.43275580683621
10914.677,2.013872211597592,1.4640562690501402,1.2972467617692907,0.11152020359633048,0.43523470623021127,0.21824255716142726,1.934144139289856,1.4912787675857544,1.3136004209518433,0.10495691746473312,0.407754123210907,0.21052618324756622,0.004671716985132225,0.08411780430348817,0.016353659182552605,0.44917909245993043,0.421045571566,0.4319127446542943,0.4447880076070002
10914.697,2.0160369708531345,1.4727258815422148,1.3015901482902204,0.108237962774762,0.4334806245942706,0.2171693260417443,1.934144139289856,1.4912787675857544,1.3136004209518433,0.10495691746473312,0.407754123210907,0.21052618324756622,-0.0038960783303770424,0.0838776848490684,0.012010272661622912,0.44665531190200225,0.421045571566,0.4279978228576245,0.4359413757896039
10914.717,2.0181295322784627,1.4813744441350627,1.305929930785494,0.09964578215544802,0.4118363139325791,0.20665630929244,1.9367680549621582,1.5014725923538208,1.3188636302947998,0.10495691746473312,0.407754123210907,0.21052618324756622,-0.0019015587921085882,0.08378549771335643,0.012933699509305896,0.4235598509442929,0.421045571566,0.43190182626636175,0.4379460514066521
10914.739,2.020164853504628,1.4900035777008633,1.3102794313080544,0.09692005839427116,0.4109111222040468,0.2071190725145037,1.9394969940185547,1.5120742321014404,1.3243372440338135,0.10495691746473312,0.407754123210907,0.21052618324756622,0.0005474930576642202,0.08363084114778718,0.014057812725759122,0.4220104064656758,0.421045571566,0.4365444171546441,0.439851818982124
10914.757,2.0221656696076575,1.4986268803892189,1.3146228990590396,0.11115645016811912,0.4790723715745331,0.2413037639432356,1.9394969940185547,1.5120742321014404,1.3243372440338135,0.10495691746473312,0.407754123210907,0.21052618324756622,-0.00793812893580238,0.08337821838302312,0.009714344974773859,0.4916035304664747,0.421045571566,0.4266123454458551,0.42986394641550063
10914.776,2.0241317030659394,1.5072775013503483,1.3189861937470242,0.09830167291194604,0.43253104804703135,0.2181647343944667,1.9444246292114258,1.5321072340011597,1.3346530199050903,0.09634997695684433,0.409872442483902,0.21052618324756622,0.004187069035865961,0.08337986386921331,0.01566682615806614,0.4433829071593442,0.421044826508,0.42876122327870764,0.44204019502256187
10914.8,2.0260598145908277,1.5159318256578618,1.3232812907983713,0.08764143294610885,0.3933783775991561,0.19523168414465186,1.9468334913253784,1.5423541069030762,1.3399162292480469,0.09634997695684433,0.409872442483902,0.21052618324756622,-0.004317801717171471,0.08311019140474257,0.01137172910671902,0.40286161990317704,0.421044826508,0.43548659858003214,0.4337612201019125
10914.817,2.0279427100484817,1.5245877540580788,1.3275657191298662,0.09909976093742914,0.4555751789968221,0.22549622799224034,1.9468334913253784,1.5423541069030762,1.3399162292480469,0.09634997695684433,0.409872442483902,0.21052618324756622,-0.002290895004569929,0.08300060515058424,0.012350510118180669,0.46603244226654106,0.421044826508,0.4294696708094626,0.43438103250731563
10914.837,2.0297662907270855,1.533255170692818,1.3318274889836577,0.09597793045165416,0.45617982287541686,0.22430367651259095,1.9492422342300415,1.5526008605957031,1.3451793193817139,0.09634997695684433,0.409872442483902,0.21052618324756622,-0.0002641810174978526,0.08281491170645368,0.013351830398056208,0.4659344258121825,0.421044826508,0.4238462636493914,0.43583393286088956
10914.856,2.0315469782015962,1.541915942091785,1.3360589681618604,0.08903437372359492,0.43303856993889955,0.2115739589055202,1.9492422342300415,1.5526008605957031,1.3451793193817139,0.09634997695684433,0.409872442483902,0.21052618324756622,-0.008751169614031535,0.08253275346215587,0.00912035121985344,0.44187097451198537,0.421044826508,0.4195904976716476,0.4274156200032003
10914.876,2.033276026061731,1.5505332933087488,1.3402131704958151,0.08645239300484361,0.43086756083878663,0.20771011669320077,1.9538434743881226,1.5731431245803833,1.3557056188583374,0.08770137280225754,0.41181084513664246,0.21052618324756622,0.003857488149020167,0.08249760312089317,0.015492448362522282,0.43922219775867577,0.421045958996,0.42223167758690944,0.43964245664848045
10914.897,2.0349564328764123,1.5591045172538887,1.3443510357472632,0.080019372125246,0.4081535211846923,0.19704120244390194,1.9538434743881226,1.5731431245803833,1.3557056188583374,0.08770137280225754,0.41181084513664246,0.21052618324756622,-0.004530864446864813,0.08219407398197667,0.011354583111074179,0.41569916966641696,0.421045958996,0.42669034158788033,0.43123499121901654
10914.917,2.0366076055350057,1.5676132623828396,1.3485569341224486,0.08690382414375447,0.4478286910348038,0.22136307239665712,1.95612370967865,1.5838502645492554,1.3611793518066406,0.08770137280225754,0.41181084513664246,0.21052618324756622,-0.0019021427703805847,0.082083369719146,0.012622417684192033,0.45596978918826925,0.421045958996,0.4220610522145234,0.4327877064290214
10914.938,2.0382135096224916,1.5760694760626224,1.3527867516459395,0.0802952043725395,0.42281068397990973,0.2114908761699307,1.958228588104248,1.5937336683273315,1.3662320375442505,0.08770137280225754,0.41181084513664246,0.21052618324756622,-5.359923509041034e-05,0.08191219985915522,0.013445285898310955,0.43016949481792005,0.421045958996,0.42532387599924626,0.4344719991671424
10914.957,2.039786374352032,1.5845523185362165,1.3571152934942075,0.0786432364752996,0.42414212367044685,0.21642709240867183,1.958228588104248,1.5937336683273315,1.3662320375442505,0.08770137280225754,0.41181084513664246,0.21052618324756622,-0.00832249571574655,0.08164989740769667,0.009116744050043035,0.43117281301885374,0.421045958996,0.42276103008691474,0.42550348710846236
10914.976,2.041324358764057,1.5930683165220065,1.3614493053372687,0.07689922059957788,0.4257998992802086,0.21670059214833282,1.9623963832855225,1.614368200302124,1.376758337020874,0.07901214808225632,0.41356560587882996,0.21052618324756622,0.004431931378846572,0.08163129514126223,0.015309031683605312,0.4324846260259432,0.42104563117,0.42643469066781686,0.43757400863994295
10914.997,2.0428180654132833,1.6015803633631918,1.3656979772291362,0.07468533246647296,0.4256023420886797,0.21243359460805905,1.9623963832855225,1.614368200302124,1.376758337020874,0.07901214808225632,0.41356560587882996,0.21052618324756622,-0.003859141027230643,0.08134053577624914,0.011060359791737806,0.43189279757982085,0.42104563117,0.42452152838830315,0.42867583648883245
10915.016,2.04426019447281,1.6101029348176232,1.3699347393611563,0.07210645297475429,0.42612857271227206,0.21183810659637936,1.964371681213379,1.6247073411941528,1.382021427154541,0.07901214808225632,0.41356560587882996,0.21052618324756622,-0.001628065055427853,0.0811961368575401,0.012086687793384732,0.4319474991858073,0.42104563117,0.4230435488308476,0.4303661295492135
10915.036,2.045663421145327,1.6185963438409892,1.374193428478145,0.07016133362431962,0.42467045115902674,0.21293445584478604,1.9663469791412354,1.6350464820861816,1.3872846364974976,0.07901214808225632,0.41356560587882996,0.21052618324756622,0.0006396608429301998,0.08100182624163713,0.013091208019352596,0.4301947547836457,0.42104563117,0.4262600445905948,0.4319464222070939
10915.057,2.047039095657304,1.6270481969794557,1.3784544699405525,0.06878372559736297,0.42259265691410197,0.2130520731157284,1.9663469791412354,1.6350464820861816,1.3872846364974976,0.07901214808225632,0.41356560587882996,0.21052618324756622,-0.0075741599092886,0.08073303124595173,0.008830166556945018,0.42794830203687795,0.42104563117,0.42413777448252504,0.4231100585927844
10915.078,2.0484016169764105,1.635477042218887,1.3827527750995705,0.06488196758013762,0.4013735828525865,0.20468119805996315,1.9700794219970703,1.6557642221450806,1.397810935974121,0.07028836756944656,0.41513675451278687,0.21052618324756622,0.005288215229752072,0.0807339499555383,0.015058160874550586,0.40642696784679255,0.421045094728,0.431981945914869,0.43580782085765724
10915.098,2.04977192905126,1.64383755418242,1.387039948559475,0.07212168814909574,0.4400269454437155,0.22564070841326608,1.9700794219970703,1.6557642221450806,1.397810935974121,0.07028836756944656,0.41513675451278687,0.21052618324756622,-0.0028358593494347394,0.08053011232466943,0.010770987414645994,0.4457971246383749,0.421045094728,0.428302231868766,0.42637615188642153
10915.118,2.0511258193759336,1.6521883900226877,1.3913417797845236,0.06769451623219633,0.4175417920042732,0.2150915612477279,1.9718366861343384,1.6661427021026611,1.403074026107788,0.07028836756944656,0.41513675451278687,0.21052618324756622,-0.0004223252789856153,0.08050659052020194,0.011732246323264528,0.42291956225367017,0.421045094728,0.432310797752396,0.42866737706513264
10915.138,2.0524540359589776,1.6605687983618358,1.395646371001851,0.06641082915074738,0.41902041694825887,0.21522956086167214,1.973593831062317,1.6765210628509521,1.4083372354507446,0.07028836756944656,0.41513675451278687,0.21052618324756622,0.0019663533534097777,0.08043345145624152,0.012690864448893668,0.4241820525025609,0.421045094728,0.43640383987680903,0.43047313747825083
10915.157,2.053736856868021,1.6690075913779523,1.399943896549798,0.061086709957887585,0.4018472865042932,0.2046440737232452,1.973593831062317,1.6765210628509521,1.4083372354507446,0.07028836756944656,0.41513675451278687,0.21052618324756622,-0.00622203519985321,0.08025361746887898,0.008393338900946734,0.4063825782997652,0.421045094728,0.4418180845993264,0.42194581649981033
10915.177,2.0549582654773935,1.6775386925161222,1.404248769571386,0.061070430467279675,0.4265550568991845,0.2152436510747015,1.9768893718719482,1.6973127126693726,1.4188635349273682,0.0615336112678051,0.41652435064315796,0.21052618324756622,0.006558249178172146,0.08026676391581064,0.014614765355982273,0.4307769828017586,0.421045035124,0.4461186295522933,0.4339010056562985
10915.196,2.0561362005018102,1.686140784036176,1.4085243950315727,0.061996580231701605,0.4527416589446497,0.22503291895444147,1.9768893718719482,1.6973127126693726,1.4188635349273682,0.0615336112678051,0.41652435064315796,0.21052618324756622,-0.0017780131228462264,0.08001068995209915,0.01033913989579549,0.456810101535691,0.421045035124,0.44134565253309327,0.42465817687877117
10915.217,2.057271245959995,1.6947994328318083,1.4127955412338231,0.056752272908005226,0.4329324397721692,0.2135573101078606,1.978427767753601,1.7077258825302124,1.4241267442703247,0.0615336112678051,0.41652435064315796,0.21052618324756622,0.0003598707021026347,0.0798952917922281,0.011331203036501591,0.43646939760729025,0.421045035124,0.44359628589909206,0.42662187270017005
10915.236,2.058369644978331,1.7034993335713138,1.4170603775196176,0.05491995091559979,0.43499503696577696,0.21324181428506728,1.9799660444259644,1.7181389331817627,1.4293898344039917,0.0615336112678051,0.41652435064315796,0.21052618324756622,0.002460910502009868,0.07972067721633097,0.012329456884374146,0.4382746071394483,0.421045035124,0.4460099717719324,0.4281276618427124
10915.257,2.0594352134670917,1.7122142460249623,1.4213077049406095,0.05327842444171291,0.43574562271254574,0.21236637106427841,1.9799660444259644,1.7181389331817627,1.4293898344039917,0.0615336112678051,0.41652435064315796,0.21052618324756622,-0.005976928891785385,0.07946525698074453,0.00808212946338216,0.4388207998798799,0.421045035124,0.4424816302737469,0.4192973678736929
10915.277,2.060466152876646,1.7209317632900747,1.4255579897119306,0.051546970476586455,0.435875863246105,0.21251423856141405,1.982875943183899,1.7394131422042847,1.440126657485962,0.05275142565369606,0.4177284240722656,0.21052618324756622,0.0070573004423580155,0.07944807434545753,0.014568667774031319,0.43874702143374467,0.4210460186,0.44557948456511254,0.43181639059430144
10915.297,2.0614681557677237,1.7296549050843697,1.4297867252759802,0.047714423383200866,0.41538770447757345,0.20136836018669693,1.982875943183899,1.7394131422042847,1.440126657485962,0.05275142565369606,0.4177284240722656,0.21052618324756622,-0.0013841842182484403,0.0791836037608768,0.01033993220998175,0.4179707360271458,0.4210460186,0.4502753668226229,0.4232831913466172
10915.317,2.062439827175983,1.7383848186131394,1.434024393183379,0.04858357041633263,0.43649567646865767,0.21188339538458412,1.9841419458389282,1.7494386434555054,1.4451793432235718,0.05275142565369606,0.4177284240722656,0.21052618324756622,0.0002750004893505662,0.07907382398903003,0.011154950040192846,0.4390435413385379,0.4210460186,0.45212473859253843,0.42430853287608306
10915.337,2.0633712534269963,1.7471470396720012,1.4382529891208056,0.049022434263250196,0.46116952940812866,0.2225576809144642,1.9854607582092285,1.759881854057312,1.4504424333572388,0.05275142565369606,0.4177284240722656,0.21052618324756622,0.0023268090853340116,0.07891011799501094,0.0121894442364332,0.46360319302345243,0.4210460186,0.44719848868194956,0.425502835406105
10915.356,2.0642591654496663,1.7559504505972048,1.4424978712094803,0.04439560113252655,0.44017054625056884,0.21224410442910135,1.9854607582092285,1.759881854057312,1.4504424333572388,0.05275142565369606,0.4177284240722656,0.21052618324756622,-0.00618291022379883,0.07865377637444027,0.007944562147758516,0.44223307430477915,0.4210460186,0.4432953703214922,0.4170320617568521
10915.377,2.065111926305964,1.7647899795039304,1.4467395599357091,0.04263804281394912,0.44197644532663105,0.21208443630681445,1.987922191619873,1.7812126874923706,1.4611793756484985,0.04394662752747536,0.4187477231025696,0.2105274349451065,0.006745131096194859,0.07862864417677451,0.014439815712789406,0.44385575863070137,0.421047449112,0.4457542501797617,0.4294509481236264
10915.398,2.065943875566444,1.7736612735453121,1.450941923742524,0.039616631450232434,0.4224425733862513,0.20011256222318125,1.987922191619873,1.7812126874923706,1.4611793756484985,0.04394662752747536,0.4187477231025696,0.2105274349451065,-0.0018316293563246178,0.0783648655480216,0.01023745190597447,0.4241488613912565,0.421047449112,0.4494224071579242,0.42092896353265963
10915.417,2.0667463908402848,1.782567012144012,1.4551462368732992,0.04223764599514061,0.468723084181231,0.22127963848032464,1.9889768362045288,1.7912626266479492,1.4662319421768188,0.04394662752747536,0.4187477231025696,0.2105274349451065,-0.0003364926113408797,0.07825346070665136,0.0110857053035196,0.4704659098919859,0.421047449112,0.4430581702691543,0.421578322337619
10915.437,2.067526033012934,1.7915033388043096,1.4593153760599298,0.03898210863161731,0.44681633300512363,0.20845695932697647,1.990207314491272,1.8029875755310059,1.4721267223358154,0.04394662752747536,0.4187477231025696,0.2105274349451065,0.002811226196344401,0.0781163807040483,0.012811346275885649,0.4483794567360363,0.421047449112,0.44408010316127533,0.42479632310171994
10915.457,2.0682798624151424,1.8004468284268393,1.4634778773326058,0.03769147010958979,0.447174481116728,0.20812506362925876,1.990207314491272,1.8029875755310059,1.4721267223358154,0.04394662752747536,0.4187477231025696,0.2105274349451065,-0.005836420996953938,0.07789553469306625,0.008648845003209615,0.44863907170112544,0.421047449112,0.43932671896165504,0.4161717705372486
10915.476,2.0689852620325575,1.8093933499584556,1.4676556213580767,0.035269980869985854,0.4473260765710476,0.20888720126898475,1.9920873641967773,1.8231092691421509,1.4822319746017456,0.03512277826666832,0.41957855224609375,0.21052618324756622,0.005725780126732841,0.0779014028920921,0.014576353243668905,0.4485801809198926,0.421046048403,0.4408977343874935,0.4274839071141418
10915.497,2.0696635805603902,1.818309808299969,1.4718208850686814,0.03391592639398098,0.4458229171064827,0.20826318554462853,1.9920873641967773,1.8231092691421509,1.4822319746017456,0.03512277826666832,0.41957855224609375,0.21052618324756622,-0.0028896384643522545,0.0776708063510033,0.010411089533064244,0.4469923935251833,0.421046048403,0.43695779479558683,0.4188664293476844
10915.517,2.0703065262073985,1.8271791028095055,1.4759976994525337,0.0321472823497126,0.4434647254671477,0.20884071918805705,1.992930293083191,1.8331791162490845,1.4872846603393555,0.03512277826666832,0.41957855224609375,0.21052618324756622,-0.0013511058213183363,0.07759675332658222,0.011286960886821795,0.4445165131409873,0.421046048403,0.43367037065583836,0.42034652589079446
10915.538,2.070904146009015,1.8360093935475574,1.4801646499188899,0.029880990080180542,0.4415145368929612,0.20834752331326115,1.993808388710022,1.8436685800552368,1.492547869682312,0.03512277826666832,0.41957855224609375,0.21052618324756622,0.0006499954324208591,0.07747255280034675,0.01238321976342216,0.4424069135582145,0.421046048403,0.4310755470084899,0.42213536012728203
10915.557,2.071461650694959,1.8447994082078591,1.484316622592641,0.02787523429658373,0.43950073300549236,0.20759863368302428,1.993808388710022,1.8436685800552368,1.492547869682312,0.03512277826666832,0.41957855224609375,0.21052618324756622,-0.007833665966131439,0.07726539682641322,0.008231247089671045,0.44026593968892846,0.421046048403,0.42707528576638054,0.4135943831925779
10915.578,2.0719756901752726,1.8535468143878857,1.4884959840990135,0.02447807049249718,0.41654315145321635,0.19901721460033953,1.9953434467315674,1.8646637201309204,1.5030741691589355,0.026280926540493965,0.4202233850955963,0.21052618324756622,0.0047795351124339976,0.07728675418610767,0.014578185059922033,0.41714553215353367,0.421044379473,0.4331301319292814,0.4263349845257666
10915.597,2.0724550944424944,1.8622268185974125,1.4926352952736242,0.025231803537681164,0.45684232681159903,0.21785848287157442,1.9953434467315674,1.8646637201309204,1.5030741691589355,0.026280926540493965,0.4202233850955963,0.21052618324756622,-0.003591529407784661,0.07706650127189603,0.010438873885311395,0.45741771504369166,0.421044379473,0.42757018912877554,0.41709116522610007
10915.616,2.072877633710487,1.870893834753914,1.4967652936870233,0.021126963399159124,0.4333508078156134,0.20649992066544837,1.9960004091262817,1.8751693964004517,1.5083372592926025,0.026280926540493965,0.4202233850955963,0.21052618324756622,-0.0014222524770610935,0.0769828895603117,0.01157196560557927,0.4337264628462315,0.421044379473,0.4258516213131696,0.4193811276068292
10915.638,2.0732494370755816,1.8795657275368836,1.5008926160617913,0.018590168254333798,0.43359463913901797,0.20636611873389463,1.9966574907302856,1.8856749534606934,1.513600468635559,0.026280926540493965,0.4202233850955963,0.21052618324756622,0.0007446036822426659,0.07683159800306928,0.01270785257376783,0.4338341477662711,0.421044379473,0.42845750414457756,0.4211848418545814
10915.657,2.073574281790753,1.8882456676060537,1.5049556515112297,0.015468795961419646,0.4133304795074934,0.19347787855554652,1.9966574907302856,1.8856749534606934,1.513600468635559,0.026280926540493965,0.4202233850955963,0.21052618324756622,-0.007625739480646741,0.07658099905087477,0.008644817124329407,0.4134526507028162,0.421044379473,0.42822270449018873,0.41284379545842564
10915.677,2.073854522004165,1.896944381238044,1.5090377832667663,0.014749484916234332,0.45782703325703505,0.21484903976245256,1.997750163078308,1.9066977500915527,1.5241267681121826,0.017429647967219353,0.420684814453125,0.21052618324756622,0.0050376673687120635,0.07656124057896709,0.01508898484541632,0.457864535402075,0.421045720577,0.42830965543561117,0.42453124978219564
10915.697,2.074113437586642,1.905625807962251,1.5131032743883004,0.012945779123569284,0.4340713362008761,0.20327455607226758,1.997750163078308,1.9066977500915527,1.5241267681121826,0.017429647967219353,0.420684814453125,0.21052618324756622,-0.003333028139331634,0.07629803193389835,0.011023493723882227,0.4340956031240525,0.421045720577,0.42604599539459137,0.41641061589844186
10915.72,2.0743545875632474,1.9142693466153238,1.5171733120858721,0.010484781591886047,0.37580602840707,0.17695816076992296,1.9981859922409058,1.9172148704528809,1.5293898582458496,0.017429647967219353,0.420684814453125,0.21052618324756622,-0.0011411425624021114,0.07621698509983545,0.01221654615997747,0.375827812524403,0.421045720577,0.4379325213653432,0.4194092047808814
10915.737,2.0745731205431928,1.9228620205320495,1.521288565278066,0.01285488117201191,0.505451406817326,0.24207371716446532,1.9986217021942139,1.927731990814209,1.5346530675888062,0.017429647967219353,0.420684814453125,0.21052618324756622,0.0011053544598615323,0.07609936104389306,0.013364502310740045,0.505468254410865,0.421045720577,0.42825817964543406,0.4191458000760455
10915.757,2.0747526342904568,1.9314621143014012,1.525398421951371,0.00897568736382006,0.4300046884973116,0.20549283367944796,1.9986217021942139,1.927731990814209,1.5346530675888062,0.017429647967219353,0.420684814453125,0.21052618324756622,-0.00718127806267381,0.0758832121648722,0.009254645637435166,0.4299689887137937,0.421045720577,0.42578897557185774,0.411926615379559
10915.777,2.074901957962496,1.940060579206932,1.5295237734808207,0.007110651049275941,0.40945070977469905,0.19644531092018688,1.9992716312408447,1.9487732648849487,1.5451793670654297,0.008569949306547642,0.42095813155174255,0.21052637696266174,0.0055846954604959744,0.075925413323611,0.015655593584608996,0.4093954166756468,0.421045362949,0.4331110267018655,0.4249068902194889
10915.796,2.075014044900081,1.948645923322514,1.5336420465290967,0.005899312504390804,0.451860216604035,0.21675121306450468,1.9992716312408447,1.9487732648849487,1.5451793670654297,0.008569949306547642,0.42095813155174255,0.21052637696266174,-0.0026862537687289507,0.07569487091930575,0.01153732053633294,0.45176750368428154,0.421045362949,0.4287140302014928,0.41556263964832924
10915.816,2.0750822928663797,1.9572603976505496,1.5377401709327627,0.003412398314864739,0.4307237163923801,0.20490622017882584,1.9994858503341675,1.9592971801757812,1.5504425764083862,0.008569949306547642,0.42095813155174255,0.21052637696266174,-0.000462802890688611,0.07562245975942282,0.012702405475623513,0.43060119011340964,0.421045362949,0.43149478966551497,0.41793933118835735
10915.836,2.075121311106555,1.9658679942963648,1.5417900448789057,0.001950912008898367,0.43037983232051,0.20249369732114564,1.9997000694274902,1.9698212146759033,1.5557056665420532,0.008569949306547642,0.42095813155174255,0.21052637696266174,0.0017641744092568366,0.07550416767592906,0.013915621663147526,0.43025537265055813,0.421045362949,0.4347670756248369,0.4199609861765083
10915.857,2.0751227021542937,1.9744725358789723,1.5458291569195184,6.955238693721338e-05,0.43022707912098324,0.2019556020262263,1.9997000694274902,1.9698212146759033,1.5557056665420532,0.008569949306547642,0.42095813155174255,0.21052637696266174,-0.006532765605085651,0.07528300797607265,0.009876509622534835,0.43009472934851184,0.421045362949,0.43227361619057453,0.4115022326367593
10915.877,2.0750835158951286,1.9831113304178185,1.549857691937374,-0.0019593129582123653,0.4319397269328814,0.20142675088838913,1.9999070167541504,1.9908714294433594,1.5662319660186768,-0.0002944793086498976,0.4210451543331146,0.21052637696266174,0.00618441972421677,0.07532249406820263,0.016374274081302653,0.4318040211552018,0.42104524374,0.43601311874612897,0.42412874151796875
10915.897,2.0750131007326145,1.991770139058952,1.5538664544342673,-0.003520758125631106,0.43294043204722193,0.20043812484028448,1.9999070167541504,1.9908714294433594,1.5662319660186768,-0.0002944793086498976,0.4210451543331146,0.21052637696266174,-0.0021700564990495053,0.07508010644867381,0.012365511584409461,0.4328187855723462,0.42104524374,0.4341248097441954,0.4156346670346499
10915.917,2.0749055298364465,2.000452484902869,1.5579204074011825,-0.005378544808770496,0.4341172922258638,0.2026976483597729,1.9998996257781982,2.0013976097106934,1.5714951753616333,-0.0002944793086498976,0.4210451543331146,0.21052637696266174,-2.0696826090071626e-05,0.0750118555705623,0.013574767960450762,0.43401205492614514,0.42104524374,0.4364981082530376,0.4177202590055836
10915.936,2.074763791601162,2.009155530415852,1.5619806698285712,-0.007086911764076682,0.4351522756396437,0.20301312136500171,1.999892234802246,2.0119235515594482,1.5767583847045898,-0.0002944793086498976,0.4210451543331146,0.21052637696266174,0.0021078801727685294,0.07489304907481012,0.014777714876018644,0.43507289167001495,0.42104524374,0.4391458925440718,0.4196662927083089
10915.957,2.0745887620052956,2.017869693923725,1.5660369550971893,-0.008751479793120897,0.4357081753841348,0.202814263426479,1.999892234802246,2.0119235515594482,1.5767583847045898,-0.0002944793086498976,0.4210451543331146,0.21052637696266174,-0.006301582214876252,0.07466738141117124,0.010721429607400523,0.4356615892576724,0.42104524374,0.4360188048566514,0.4111590765702426
10915.977,2.0743745995832876,2.026599027986509,1.5701089979777882,-0.01019821057149867,0.41568257440562645,0.19390680383213188,1.999646782875061,2.0333945751190186,1.58749520778656,-0.009156404994428158,0.42094624042510986,0.21052637696266174,0.006744182949511182,0.07473246983174041,0.017386209808771813,0.41567546669360494,0.421045809984,0.4426243809923022,0.4246189699567453
10915.997,2.0741304163712027,2.0353186047126686,1.574167378495079,-0.012851748005544976,0.4589250908888076,0.21359897461207814,1.999646782875061,2.0333945751190186,1.58749520778656,-0.009156404994428158,0.42094624042510986,0.21052637696266174,-0.0016729309575616326,0.07448969627187389,0.01332782929148113,0.45896580710621404,0.421045809984,0.4371540886298504,0.4152100140945062
10916.018,2.0738567208440783,2.044008692105459,1.578235845199396,-0.013033120338855333,0.4138136853583555,0.19373650972348128,1.999427080154419,2.043497323989868,1.5925477743148804,-0.009156404994428158,0.42094624042510986,0.21052637696266174,4.236160956569304e-05,0.07443138528897256,0.01431192911548429,0.4138991930994728,0.421045809984,0.44234040632506827,0.4177160597946401
10916.036,2.0735685971033613,2.052660559271113,1.582317831910145,-0.015164407405975869,0.45536142976567856,0.21484140582625602,1.999198079109192,2.054020881652832,1.597810983657837,-0.009156404994428158,0.42094624042510986,0.21052637696266174,0.00221707344095383,0.07434990927405825,0.015493151747691947,0.4555059195373305,0.421045809984,0.4383401052183283,0.41894194214137176
10916.057,2.0732785985453335,2.061268910804035,1.5863964010411444,-0.014499927901073706,0.4304175766367076,0.20392845654552194,1.999198079109192,2.054020881652832,1.597810983657837,-0.009156404994428158,0.42094624042510986,0.21052637696266174,-0.006091532490612799,0.07418457062234064,0.011414582616692481,0.4305913947667703,0.421045809984,0.4359502360481668,0.41106902712193005
10916.077,2.072990570994739,2.0698543042366246,1.5904910454685004,-0.013715597648128814,0.40882825871769385,0.19498306798027581,1.998518705368042,2.075061321258545,1.6083372831344604,-0.01801728829741478,0.420660138130188,0.21052637696266174,0.006672614827176453,0.07435487884164373,0.017846237665960052,0.40901908010544324,0.421045809984,0.4435076042647681,0.42448178685394383
10916.096,2.072694238549665,2.0784240414992676,1.5946056626716107,-0.015596444477375503,0.45103880329147206,0.2165588001610488,1.998518705368042,2.075061321258545,1.6083372831344604,-0.01801728829741478,0.420660138130188,0.21052637696266174,-0.0015958638203424896,0.07423456626708591,0.013731620462849703,0.45128227178461616,0.421045809984,0.4393399341358516,0.4152904431455341
10916.116,2.0723569517741947,2.0869894671403384,1.5987485438758466,-0.016864338773157555,0.4282712820441901,0.20714406020727313,1.9980683326721191,2.0855777263641357,1.613600492477417,-0.01801728829741478,0.420660138130188,0.21052637696266174,0.0006650719132602807,0.07429905530666352,0.014851948601570353,0.4285753173745819,0.421045809984,0.4425898811223843,0.41804205206210976
10916.137,2.071969682118855,2.095549951062993,1.6029241265071914,-0.019363482766564855,0.42802419612338294,0.20877913156268105,1.9976178407669067,2.0960941314697266,1.618863582611084,-0.01801728829741478,0.420660138130188,0.21052637696266174,0.0029322497242639895,0.07429599152238898,0.01593945610389258,0.4284253118753515,0.421045809984,0.44631515641923203,0.420182007827958
10916.156,2.0715177251737646,2.1041072795877716,1.6071222381457395,-0.02259784725401971,0.4278664262295926,0.2099055819228236,1.9976178407669067,2.0960941314697266,1.618863582611084,-0.01801728829741478,0.420660138130188,0.21052637696266174,-0.0053239714425348,0.07414215255971303,0.011741344465344472,0.4284048638998162,0.421045809984,0.4443835030473979,0.4116656026186809
10916.177,2.0710048274874886,2.1126908187090727,1.6113203153607654,-0.024423699347849357,0.4087399581801404,0.1999084388219755,1.9964957237243652,2.1171154975891113,1.6293898820877075,-0.026868555694818497,0.4201880991458893,0.21052637696266174,0.007439626015977575,0.07426867638188885,0.018069566726942154,0.4093938638676025,0.421046257019,0.45204409273804275,0.42479226068073683
10916.198,2.070454116636013,2.121305381382974,1.6154960781624306,-0.027535542573174508,0.4307281336856667,0.2087881400787029,1.9964957237243652,2.1171154975891113,1.6293898820877075,-0.026868555694818497,0.4201880991458893,0.21052637696266174,-0.0008808776795127728,0.07407174267420401,0.013893803925276949,0.43152831539580894,0.421046257019,0.45456385490651924,0.41566916018282807
10916.216,2.0698583101997357,2.1299778208315443,1.6196728797015307,-0.03135823348790179,0.456444181498102,0.2198316599499462,1.9958239793777466,2.127620220184326,1.634653091430664,-0.026868555694818497,0.4201880991458893,0.21052637696266174,0.0012623171748976825,0.07406110299220126,0.01498021172913333,0.4574311584866284,0.421046257019,0.45011698485100926,0.4172389334069764
10916.237,2.0692037995496086,2.1387385264562804,1.6238509750410766,-0.03272553250563591,0.43803528122724245,0.2089047669727315,1.995152235031128,2.138124942779541,1.639916181564331,-0.026868555694818497,0.4201880991458893,0.21052637696266174,0.0033142165253511784,0.07397990714637429,0.016065206523254494,0.4391543631111113,0.421046257019,0.4524068457737349,0.4194633931749556
10916.257,2.068520643106486,2.147561626462135,1.6280274646811912,-0.03415782215848333,0.44115500032323,0.20882448202016596,1.995152235031128,2.138124942779541,1.639916181564331,-0.026868555694818497,0.4201880991458893,0.21052637696266174,-0.005224567787397668,0.07378806267867806,0.01188871688313986,0.442386541293967,0.421046257019,0.4483325932001483,0.41081979940249924
10916.278,2.067818636524965,2.1564269770330915,1.6322179174216107,-0.03510032907528815,0.4432675285381438,0.2095226370164023,1.993587851524353,2.159118175506592,1.6504426002502441,-0.035706643015146255,0.41953009366989136,0.21052637696266174,0.0072426302839625045,0.07392561327172535,0.01822468282863343,0.4445862159458986,0.421046853065,0.45053190569468793,0.4232654399985902
10916.297,2.0671172510393525,2.165292916335704,1.6363981800247742,-0.03506927427986474,0.4432969651209589,0.20901313015361314,1.993587851524353,2.159118175506592,1.6504426002502441,-0.035706643015146255,0.41953009366989136,0.21052637696266174,-0.0013412530135712098,0.07377601953003902,0.014044420225469922,0.4446423796483312,0.421046853065,0.44711324238089584,0.4147876468485034
10916.316,2.0664472695294083,2.1741109108099503,1.6405871626380208,-0.03349907549648077,0.440899723702683,0.20944913065775958,1.9926594495773315,2.1700258255004883,1.6559162139892578,-0.035706643015146255,0.41953009366989136,0.21052637696266174,0.001070393533301973,0.07389306160222041,0.015329051351236966,0.44216243195464144,0.421046853065,0.4445285678807341,0.4175530404167992
10916.337,2.0657924452118586,2.1828755225856953,1.6447873638698294,-0.03274121587974848,0.4382305888175385,0.2100100616049428,1.991802453994751,2.1800947189331055,1.6609688997268677,-0.035706643015146255,0.41953009366989136,0.21052637696266174,0.0026964071507493783,0.07399311493469715,0.0161815358570383,0.43945189795706063,0.421046853065,0.4466528497979228,0.4194776998102675
10916.358,2.065141541343017,2.191583239508415,1.6489973956550878,-0.03254519344135802,0.4353858461264792,0.21050158925832882,1.991802453994751,2.1800947189331055,1.6609688997268677,-0.035706643015146255,0.41953009366989136,0.21052637696266174,-0.005724058684994706,0.07401245158928778,0.011971504071779826,0.43659771925347846,0.421046853065,0.4434894122056502,0.4114316789478363
10916.377,2.0644583061367823,2.2002753818587424,1.65321443790608,-0.03416176031100043,0.43460711750688585,0.21085211254500633,1.989751935005188,2.2014687061309814,1.671705722808838,-0.04453176632523537,0.4186811149120331,0.21052512526512146,0.007339463288535634,0.07435454383631479,0.018491284902757865,0.43594422649410053,0.421042710543,0.44722397439889106,0.4249169917634984
10916.396,2.0636916804845025,2.2089962944285912,1.6574049061007132,-0.03833128261315363,0.43604562848292505,0.2095234097270866,1.989751935005188,2.2014687061309814,1.671705722808838,-0.04453176632523537,0.4186811149120331,0.21052512526512146,-0.0011035601223337108,0.07431374504208837,0.014300816708124664,0.43772692046891104,0.421042710543,0.444955943696807,0.41664664995120626
10916.417,2.0628269042613807,2.2177666296450655,1.661606469552765,-0.043238811159076476,0.438516760854026,0.21007817261711115,1.9886832237243652,2.211517095565796,1.6767582893371582,-0.04453176632523537,0.4186811149120331,0.21052512526512146,0.0004999646568873313,0.07440491969705244,0.015151819784393172,0.44063102093707407,0.421042710543,0.44248573842130057,0.41843122168825597
10916.436,2.0618598204238587,2.2266215326885583,1.665800091409299,-0.04835419187504333,0.44274515216497534,0.20968109282211989,1.9875699281692505,2.2219841480255127,1.6820213794708252,-0.04453176632523537,0.4186811149120331,0.21052512526512146,0.0024307347068932847,0.07439479119198505,0.01622128806152623,0.445335531630976,0.421042710543,0.4437437962119831,0.4203132011574955
10916.458,2.060810494223438,2.235523793002198,1.6699832325611967,-0.0524663100198813,0.445113015672259,0.20915705759032321,1.9875699281692505,2.2219841480255127,1.6820213794708252,-0.04453176632523537,0.4186811149120331,0.21052512526512146,-0.006220498198273744,0.07422134399347523,0.012038146909628455,0.4481207321302014,0.421042710543,0.43887245089076915,0.4117170249647299
10916.478,2.059706915564017,2.2444540472104872,1.6741730913355939,-0.0551789329698628,0.4465127104047242,0.20949293871528463,1.9851232767105103,2.2428925037384033,1.6925476789474487,-0.053334083408117294,0.4176536798477173,0.21052637696266174,0.006143282760674648,0.07434660503054531,0.018374587611854842,0.4498230134151425,0.421045273542,0.44024517233241584,0.42406593469091
10916.498,2.0585637859679116,2.253398160847704,1.6783279700912546,-0.057156479809215587,0.447205681891741,0.20774393779739328,1.9851232767105103,2.2428925037384033,1.6925476789474487,-0.053334083408117294,0.4176536798477173,0.21052637696266174,-0.00256300868133141,0.0741438346579408,0.014219708856194169,0.45075693289717,0.421045273542,0.43528426061221026,0.41547359983774457
10916.517,2.057377865846788,2.262329296770651,1.6824822198714753,-0.05929600605489215,0.44655679613760974,0.20771248900650208,1.9837899208068848,2.2533340454101562,1.6978108882904053,-0.053334083408117294,0.4176536798477173,0.21052637696266174,-0.0007375478237744027,0.07413201889495472,0.015328668418929992,0.4503833416347744,0.421045273542,0.43160119012883424,0.4174687687847984
10916.538,2.056170861416586,2.271227287295315,1.6866694685575525,-0.06035022150877974,0.44489952622349993,0.20936243429929144,1.9824565649032593,2.26377534866333,1.7030739784240723,-0.053334083408117294,0.4176536798477173,0.21052637696266174,0.0011204385412277584,0.0740815329033143,0.016404509866519756,0.44889345754733945,0.421045273542,0.42791247886587497,0.4193586726757295
10916.556,2.0550093715048248,2.2800285567336633,1.6908959399051902,-0.058074495586788684,0.44006347190780115,0.21132356737726976,1.9824565649032593,2.26377534866333,1.7030739784240723,-0.053334083408117294,0.4176536798477173,0.21052637696266174,-0.007443499617133472,0.07397750220027333,0.012178038518882106,0.4438515347496643,0.421045273542,0.4236124398124095,0.4110399894487662
10916.578,2.0538490929564697,2.2887457069024766,1.695072717859731,-0.05801392742176492,0.4358575084707896,0.20883889774147252,1.9795702695846558,2.284627676010132,1.7136003971099854,-0.062115054577589035,0.41643771529197693,0.21052637696266174,0.005121089539633487,0.0742164147736772,0.018527679250254447,0.4396872283237781,0.421044707298,0.42645398287752073,0.42392167131442304
10916.597,2.0526754414299537,2.2973656106868763,1.6992585604793737,-0.05588816792762645,0.41047160876842276,0.19932583902453366,1.9795702695846558,2.284627676010132,1.7136003971099854,-0.062115054577589035,0.41643771529197693,0.21052637696266174,-0.003267529922668766,0.07413463683437062,0.014341836630611615,0.414249139187332,0.421044707298,0.4306935844210696,0.41610392798009554
10916.617,2.051429259221654,2.3059578903965683,1.7034119334418052,-0.06558853727812468,0.45222524787298507,0.2185985769673979,1.9780173301696777,2.2950387001037598,1.7188634872436523,-0.062115054577589035,0.41643771529197693,0.21052637696266174,-0.0011162573999388727,0.07421114480453765,0.015451553801847151,0.45692704332555517,0.421044707298,0.4258634727222714,0.41759171430091646
10916.637,2.0500451270821025,2.3145941152707037,1.7074840863603469,-0.0692066069760681,0.4318112436973445,0.2036076459226398,1.9764645099639893,2.3054497241973877,1.7241266965866089,-0.062115054577589035,0.41643771529197693,0.21052637696266174,0.0009671812593385846,0.07414035111864326,0.01664261022626201,0.43721390507198804,0.421044707298,0.42806315283699536,0.4200404732359768
10916.658,2.0485744651598266,2.323252524479062,1.7115780763635529,-0.07003152011230993,0.41230520042115953,0.19495190492551304,1.9764645099639893,2.3054497241973877,1.7241266965866089,-0.062115054577589035,0.41643771529197693,0.21052637696266174,-0.007508405114321234,0.07389458159333526,0.012548620223056028,0.4180527274874594,0.421044707298,0.42713572078244133,0.41174298636455353
10916.676,2.0470337199459996,2.331941681711437,1.715628573297358,-0.0810918533583203,0.45732406485624144,0.21318404914502462,1.9731398820877075,2.3262367248535156,1.7346529960632324,-0.07086861878633499,0.4150407314300537,0.21052637696266174,0.00501960744981119,0.0739435551432855,0.01902442276587446,0.46423963990443207,0.421047717333,0.4224941294558743,0.42329052207326334
10916.697,2.0454638308903874,2.340616493548169,1.7196458736213103,-0.07849445277889526,0.4337405918271168,0.20086501619323108,1.9731398820877075,2.3262367248535156,1.7346529960632324,-0.07086861878633499,0.4150407314300537,0.21052637696266174,-0.003495084477811045,0.07365674241111506,0.01500712244192215,0.4405852045766317,0.421047717333,0.4190433963370593,0.4152949021553029
10916.717,2.0438780926171507,2.3492455700715866,1.7236872400409524,-0.07928691366010504,0.4314538261614734,0.20206832097769653,1.9713681936264038,2.3366127014160156,1.739916205406189,-0.07086861878633499,0.4150407314300537,0.21052637696266174,-0.0014425410642501628,0.07358800104225673,0.016228965365236547,0.4384959651150179,0.421047717333,0.41658798252223167,0.41742212496889775
10916.737,2.0422640072883236,2.3578210689419743,1.727717086331618,-0.08070426643959437,0.42877494351002404,0.20149231452888217,1.9695255756378174,2.3474037647247314,1.7453898191452026,-0.07086861878633499,0.4150407314300537,0.21052637696266174,0.0010780749024500089,0.07347269847116447,0.017672732813584613,0.4361189282480792,0.421047717333,0.41883892330710437,0.41988605672374035
10916.757,2.04063246164542,2.3663350052190637,1.7317076046719992,-0.08157728215081199,0.4256968138838952,0.19952591703285263,1.9695255756378174,2.3474037647247314,1.7453898191452026,-0.07086861878633499,0.4150407314300537,0.21052637696266174,-0.007294093539206632,0.07322142653481807,0.013682214473203391,0.4332676615562667,0.421047717333,0.415802690607965,0.4114816574825696
10916.777,2.038980805181262,2.3747971046357335,1.7356811213779069,-0.08258282320609694,0.42310497082425225,0.19867583529104435,1.9658349752426147,2.367701292037964,1.7557055950164795,-0.07958994805812836,0.41345515847206116,0.21052637696266174,0.0050064866254181314,0.07331847028890945,0.020024473638572626,0.43092154935115584,0.421045988798,0.41956537761723295,0.42398827649819404
10916.797,2.037308281345104,2.3832118454248894,1.739602374014446,-0.07964399219557758,0.4007019423285417,0.1867263160199775,1.9658349752426147,2.367701292037964,1.7557055950164795,-0.07958994805812836,0.41345515847206116,0.21052637696266174,-0.0032821797079615952,0.07306324690262156,0.01610322100203354,0.4083870167091472,0.421045988798,0.4250777615791126,0.41608781231259756
10916.818,2.035605062068201,2.3916028390914654,1.7435251694494402,-0.08516096385102984,0.41954968335780146,0.19613977176327235,1.963845133781433,2.378037691116333,1.760968804359436,-0.07958994805812836,0.41345515847206116,0.21052637696266174,-0.001029824250774412,0.07302355790648553,0.017443634909995787,0.42794326207401,0.421045988798,0.4280378229152897,0.4180726363772125
10916.837,2.0338600211241227,2.3999929942117433,1.7474599990720665,-0.09184426021353018,0.44158711158815994,0.20709629592515993,1.961855411529541,2.388374090194702,1.766231894493103,-0.07958994805812836,0.41345515847206116,0.21052637696266174,0.0012164717165461317,0.07292587284351268,0.018771895421036522,0.4508553125487129,0.421045988798,0.4244238898957829,0.4197415335741133
10916.856,2.0320717271081237,2.40838738445267,1.7513929902567913,-0.08941470079799844,0.4197195120371733,0.19664955923194694,1.961855411529541,2.388374090194702,1.766231894493103,-0.07958994805812836,0.41345515847206116,0.21052637696266174,-0.007075798575979923,0.07266908555224345,0.014838904236311734,0.42895384797510344,0.421045988798,0.4220184973861093,0.4118768472095222
10916.877,2.0302418890519847,2.4167891134091466,1.7553659645123378,-0.09149190280495345,0.42008644781466126,0.19864871277299123,1.9576587677001953,2.4090027809143066,1.7767583131790161,-0.0882754996418953,0.411685973405838,0.21052637696266174,0.005666624158675113,0.07277929547290973,0.021392348666678274,0.42974232931719325,0.421043813229,0.4260622972711038,0.42478642456399784
10916.898,2.0283803018647735,2.425170708282348,1.7593355012880478,-0.08864700891211569,0.3991235653783707,0.1890255607423315,1.9576587677001953,2.4090027809143066,1.7767583131790161,-0.0882754996418953,0.411685973405838,0.21052637696266174,-0.0026264928414447743,0.07249854347036011,0.01742281189096828,0.40866531837947173,0.421043813229,0.43165327179805213,0.4167553289638856
10916.917,2.0264925746699367,2.433527089236895,1.7633448247359018,-0.09935406289443972,0.4398095239602451,0.2110170235888785,1.9554518461227417,2.419294834136963,1.782021403312683,-0.0882754996418953,0.411685973405838,0.21052637696266174,-0.0003748205292770819,0.07245137477865154,0.01867657857678129,0.4506942140327863,0.421043813229,0.427742901913048,0.4180144358340315
10916.937,2.024577288608699,2.441858812869738,1.7674072351757328,-0.09576430305979455,0.41658618163306027,0.2031205219871174,1.953244924545288,2.4295871257781982,1.7872846126556396,-0.0882754996418953,0.411685973405838,0.21052637696266174,0.0018992752078450942,0.07235532613866465,0.01987737747990681,0.4272675759896821,0.421043813229,0.4313637249192797,0.4206604945315665
10916.957,2.0226419994278544,2.4501588020569613,1.7715016373604344,-0.09215662765645796,0.39523758033191597,0.19497153259889272,1.953244924545288,2.4295871257781982,1.7872846126556396,-0.0882754996418953,0.411685973405838,0.21052637696266174,-0.006323686967630061,0.07210519294967711,0.015782975295205226,0.4056760587178013,0.421043813229,0.43240173363779577,0.4124963663668021
10916.977,2.020676596123759,2.458450407166993,1.7756508405989913,-0.103442279161639,0.43640026894368833,0.21837911781610453,1.9486149549484253,2.450122833251953,1.7978109121322632,-0.09692168980836868,0.40974071621894836,0.21052637696266174,0.0065056697661550495,0.07224890917575687,0.02216007153327193,0.4483181134141588,0.421047836542,0.43391310539389666,0.42424325046191996
10916.997,2.0186755270647065,2.466735096895694,1.7797997487360508,-0.0952890028173779,0.39450903472219095,0.19756705415678408,1.9486149549484253,2.450122833251953,1.7978109121322632,-0.09692168980836868,0.40974071621894836,0.21052637696266174,-0.0017142248029791106,0.0719827236352908,0.018011163396212337,0.40569484782980925,0.421047836542,0.4401164530511792,0.4166519977963906
10917.017,2.0166406721445083,2.4750062254600205,1.783957101640814,-0.10709762737754451,0.4353225560118463,0.21880804761643216,1.9461919069290161,2.4603662490844727,1.8030741214752197,-0.09692168980836868,0.40974071621894836,0.21052637696266174,0.0005948178153168254,0.07195139762666682,0.019117019834405724,0.4481264828950082,0.421047836542,0.4367178053929703,0.41772641524771337
10917.036,2.014545824091407,2.48329344745988,1.7881256150253786,-0.10474240265276955,0.4143610999839324,0.20842566922367986,1.9437689781188965,2.4706099033355713,1.8083372116088867,-0.09692168980836868,0.40974071621894836,0.21052637696266174,0.0028758944357686056,0.07184680541655349,0.02021159658350813,0.42719881903590207,0.421047836542,0.44052899065152856,0.42015618285467726
10917.057,2.0124142789457835,2.4916009579063045,1.7922919592298496,-0.10657725727885548,0.4153755223121596,0.20831721021900487,1.9437689781188965,2.4706099033355713,1.8083372116088867,-0.09692168980836868,0.40974071621894836,0.21052637696266174,-0.0053976274997119995,0.07157979683527797,0.01604525237903709,0.4286417315091156,0.421047836542,0.43836711586075433,0.41136475952313156
10917.077,2.010247944176869,2.499919104690875,1.796478612828202,-0.10831673845322211,0.41590733925726436,0.209332679932087,1.938707709312439,2.49104380607605,1.8188635110855103,-0.10552623122930527,0.40760672092437744,0.21052637696266174,0.007358422652837924,0.07171213109385538,0.022384898257308272,0.42959880669033446,0.421045154333,0.4425188270659911,0.4240316721970028
10917.097,2.008065046805058,2.5082317288084255,1.8006419273707484,-0.109144868588167,0.415631205868459,0.2081657271227747,1.938707709312439,2.49104380607605,1.8188635110855103,-0.10552623122930527,0.40760672092437744,0.21052637696266174,-0.000934420454253404,0.07144922540051657,0.018221583714761902,0.4295669315147634,0.421045154333,0.4452217846684046,0.41529392197974235
10917.116,2.005862801066026,2.516544067656915,1.804801783882139,-0.11011228694918784,0.4156169424153962,0.2079928255649962,1.9359639883041382,2.5016415119171143,1.8243372440338135,-0.10552623122930527,0.40760672092437744,0.21052637696266174,0.0017114405400605014,0.07144929085986193,0.0195354601516744,0.42982184204597473,0.421045154333,0.4484198931849523,0.41785043507260683
10917.137,2.003603047545492,2.52487596728228,1.8089752809750093,-0.11298767602423274,0.4165949812591545,0.20867485463895416,1.9334313869476318,2.5114240646362305,1.8293898105621338,-0.10552623122930527,0.40760672092437744,0.21052637696266174,0.0034836921318639608,0.07136441357560826,0.02041452958712453,0.43149174931048784,0.421045154333,0.4517370871679515,0.4193129751138782
10917.157,2.0012991905686635,2.5332361413677202,1.8131235199289542,-0.11519284883891336,0.41800870426289727,0.20741194769271734,1.9334313869476318,2.5114240646362305,1.8293898105621338,-0.10552623122930527,0.40760672092437744,0.21052637696266174,-0.0048890491646148004,0.07111893318905514,0.016266290633179636,0.4334373557068142,0.421045154333,0.44909460554642044,0.4105862654190453
10917.176,1.998929405193708,2.5416469558089343,1.8172687962686385,-0.11848926875595805,0.42054072208977117,0.207263816998542,1.927941083908081,2.5317466259002686,1.8399162292480469,-0.11408428847789764,0.4052940309047699,0.21052637696266174,0.007718921064212899,0.0712585191317942,0.02264743297940841,0.436741161939971,0.421044498682,0.45252351232058957,0.423173285437658
10917.197,1.9965017091316244,2.55009371340348,1.821390210375305,-0.12138480310153574,0.42233787971805603,0.20607070532882962,1.927941083908081,2.5317466259002686,1.8399162292480469,-0.11408428847789764,0.4052940309047699,0.21052637696266174,-0.0007724037559420117,0.07096885474157986,0.018526018872741856,0.43924721487966645,0.421044498682,0.44988824511334463,0.41435380568871527
10917.217,1.9940430909643512,2.558555025937176,1.8254812527414859,-0.12293090836097761,0.4230656266755808,0.2045521183045777,1.9250890016555786,2.541879177093506,1.8451793193817139,-0.11408428847789764,0.4052940309047699,0.21052637696266174,0.0012343970840590843,0.07093114006484026,0.019698066640227996,0.44038995764883426,0.421044498682,0.4514952430927099,0.4164040308213509
10917.236,1.9915499368186518,2.5670404018819006,1.8295636566997548,-0.1246577072822487,0.42426879722696603,0.2041201979089933,1.9222368001937866,2.552011489868164,1.8504425287246704,-0.11408428847789764,0.4052940309047699,0.21052637696266174,0.003207935805724125,0.07085116973600517,0.020878872024915562,0.4420418016435476,0.421044498682,0.453264495911913,0.418336050881991
10917.257,1.98903916219825,2.575530955322883,1.8336463506823213,-0.12553873102876917,0.42452767207846825,0.2041346991424323,1.9193742275238037,2.562140703201294,1.8557056188583374,-0.11834544688463211,0.40407881140708923,0.21052631735801697,0.0051709583582386625,0.07075141811110182,0.02205926817601611,0.44256577442805783,0.421052634716,0.45535249794251664,0.4202434666917962
10917.276,1.9865039986072488,2.584031791342625,1.8377483586614716,-0.12675817954729032,0.4250418009778249,0.20510039895303706,1.9193742275238037,2.562140703201294,1.8557056188583374,-0.11834544688463211,0.40407881140708923,0.21052631735801697,-0.0034073519929786952,0.07052670315648689,0.017957260196865832,0.44342444571612716,0.421052634716,0.4515914102201118,0.41165993232135123
10917.297,1.9839241628854212,2.5925642983738726,1.8418585803977927,-0.1289917860885658,0.4266253515530585,0.20551108681157115,1.9193742275238037,2.562140703201294,1.8557056188583374,-0.11834544688463211,0.40407881140708923,0.21052631735801697,-0.012029167435603075,0.07033909602219927,0.013847038460544692,0.445586189813135,0.421052634716,0.4457934670027276,0.40313126090084594
10917.317,1.9813095329700927,2.6011039912751093,1.8459648793645322,-0.13073149576356938,0.42698464505251404,0.20531494833249492,1.913255214691162,2.5822842121124268,1.866231918334961,-0.12258979678153992,0.40280506014823914,0.21052637696266174,0.0003792130898912713,0.07060758119051086,0.020267038970428697,0.4464421764003708,0.42104652524,0.442370302224136,0.41599741951958746
10917.337,1.9786648601501329,2.609640682792612,1.8500707382095176,-0.1259368009575371,0.4065091199038975,0.19551708786742067,1.910190463066101,2.5923542976379395,1.8714951276779175,-0.12258979678153992,0.40280506014823914,0.21052637696266174,0.002258895766348277,0.07058653949340568,0.021424389468399863,0.42547472850687107,0.42104652524,0.44645816271015953,0.4186412691620716
10917.357,1.9760014759062665,2.6181558429605736,1.854125334683681,-0.1331692121904113,0.42575800838878713,0.20272982370374468,1.9071153402328491,2.602421283721924,1.876758337020874,-0.12682552635669708,0.4014979302883148,0.21052631735801697,0.0041501341109206145,0.07053830469548031,0.02263300233719301,0.4460110053078391,0.421052604914,0.4478521729057958,0.4201233549663106
10917.377,1.9733378695112331,2.626615904879653,1.858162123247354,-0.14018981026319682,0.4452664167882043,0.21246255598018354,1.9071153402328491,2.602421283721924,1.876758337020874,-0.12682552635669708,0.4014979302883148,0.21052631735801697,-0.004433237277472746,0.07036440495189379,0.018596213773520054,0.4667413169513441,0.421052604914,0.44061227441447254,0.4112926417235022
10917.397,1.970655402011022,2.635030117022216,1.8622123033246987,-0.13412337500762542,0.42071060711895536,0.20250900386281467,1.9071153402328491,2.602421283721924,1.876758337020874,-0.12682552635669708,0.4014979302883148,0.21052631735801697,-0.012978361915553592,0.07022989094373691,0.014546033696175353,0.4415074365546647,0.421052604914,0.4354623903324004,0.4036316672351441
10917.419,1.9679528365823773,2.6433932485395206,1.866276232369977,-0.11750284472762612,0.3636144138080505,0.17669256719194296,1.900573492050171,2.6224312782287598,1.8872846364974976,-0.1310429573059082,0.40013474225997925,0.21052637696266174,-0.0004327338533487157,0.0705633971001337,0.021008404127520475,0.38207298563596226,0.421046406031,0.4463122202131941,0.4184545654491192
10917.437,1.9652335570915627,2.6517016087287146,1.8703254959569708,-0.15995761710838602,0.4887270699576089,0.23819197570796177,1.8972975015640259,2.632434606552124,1.8925477266311646,-0.1310429573059082,0.40013474225997925,0.21052637696266174,0.0016367681933495241,0.07059635970356085,0.02222223067419371,0.5141655064886733,0.421046406031,0.4355453420970698,0.4170183985808732
10917.458,1.9624592343433314,2.659998645410112,1.8743791431076704,-0.1321106070546056,0.39509698481639416,0.19303081669409347,1.8940110206604004,2.642434597015381,1.897810935974121,-0.13524937629699707,0.39873918890953064,0.21052631735801697,0.00370111218627156,0.07056879991172632,0.023431792866450696,0.41652310798882575,0.421052664518,0.4412546349896499,0.42207926351828484
10917.476,1.9596373176943498,2.668291640308581,1.8784314950622876,-0.14852192889194685,0.43647341570354126,0.21328168181934284,1.8940110206604004,2.642434597015381,1.897810935974121,-0.13524937629699707,0.39873918890953064,0.21052631735801697,-0.004771099768499612,0.0703749540479679,0.019379440911833523,0.4609552840670773,0.421052664518,0.43508174560300955,0.41241859193978214
10917.496,1.9567495117475642,2.676602184591393,1.8824734813607165,-0.14439029734926126,0.4155272141693427,0.20209931493541394,1.8940110206604004,2.642434597015381,1.897810935974121,-0.13524937629699707,0.39873918890953064,0.21052631735801697,-0.013282315554070948,0.07019346407024438,0.015337454613404633,0.439785429293734,0.421052664518,0.429839177141931,0.4045787987165908
10917.518,1.953797620033658,2.684935391299496,1.8865469392724612,-0.14056627208648542,0.39681936704042503,0.19397418626764473,1.8870495557785034,2.6623024940490723,1.9083372354507446,-0.13943642377853394,0.3972855508327484,0.21052637696266174,-0.0007867267281689398,0.07047647253384405,0.02179029617828343,0.42085208320360856,0.421044319868,0.4339608656551574,0.4181678350817093
10917.537,1.9508182554713944,2.69325270671266,1.8905841535507086,-0.1568086611698444,0.43775344279273776,0.2124849620104191,1.8835636377334595,2.672234535217285,1.9136004447937012,-0.13943642377853394,0.3972855508327484,0.21052637696266174,0.0011899129074421436,0.07045233315765667,0.023016291242992537,0.46485545821421487,0.421044319868,0.4284054482397535,0.4190437757874317
10917.556,1.947800598039775,2.70155260477914,1.8946085369899064,-0.15088287157767724,0.41499490331493677,0.20121917195549552,1.8800674676895142,2.6821630001068115,1.9188635349273682,-0.1436132788658142,0.39580368995666504,0.21052631735801697,0.0031696133777017396,0.07038243578784771,0.024254997937461775,0.4414356972915899,0.421052664518,0.43023865141727474,0.42183480963733805
10917.577,1.9447543454668548,2.7098345481236636,1.8986225070614224,-0.14505964633767718,0.3943782545232593,0.19114143198768324,1.8800674676895142,2.6821630001068115,1.9188635349273682,-0.1436132788658142,0.39580368995666504,0.21052631735801697,-0.005369634276719399,0.07015179081081135,0.020241027865945727,0.4200825882280629,0.421052664518,0.4292980087205874,0.4139452731332296
10917.597,1.941677613641145,2.7180976436534254,1.9026495325083244,-0.16193325398273492,0.4348997647189753,0.2119487077290828,1.8800674676895142,2.6821630001068115,1.9188635349273682,-0.1436132788658142,0.39580368995666504,0.21052631735801697,-0.013901737095788864,0.06995606047172065,0.016214002419043805,0.4639288758731982,0.421052664518,0.42097796340886046,0.4045349608056922
10917.617,1.938567938533947,2.726349172965236,1.906700277561815,-0.1480797670049219,0.3929299672170859,0.1928926215889077,1.872689127922058,2.7018802165985107,1.9293898344039917,-0.14777040481567383,0.39426493644714355,0.21052637696266174,-0.001386299472197372,0.07026254825358384,0.022689556842176772,0.41978064302593965,0.42104741931,0.4251245800857741,0.418770801569451
10917.636,1.9354415937527942,2.734571099546788,1.9107203335121798,-0.16454446216391527,0.43273297797112803,0.2115818921218767,1.868994951248169,2.7117366790771484,1.9346530437469482,-0.14777040481567383,0.39426493644714355,0.21052637696266174,0.0006265020312515544,0.07025791452588533,0.023932710234768395,0.46283366498242345,0.42104741931,0.4197253512645213,0.41970569203170033
10917.657,1.9323008355924514,2.742737744912227,1.9147385401388783,-0.15703790801371575,0.4083322682630362,0.20091033133053932,1.8652904033660889,2.7215895652770996,1.9399162530899048,-0.1519135683774948,0.3926927149295807,0.21052631735801697,0.0026863997113964096,0.07021699783979765,0.025177712951026443,0.43737068043234495,0.421052604914,0.4220259612599815,0.42269937849160244
10917.677,1.9291651995982837,2.750836420892883,1.9187562042328177,-0.15678179971922013,0.40493379906078136,0.200883204710852,1.8652904033660889,2.7215895652770996,1.9399162530899048,-0.1519135683774948,0.3926927149295807,0.21052631735801697,-0.005714030496018888,0.0700194116842283,0.02116004885708711,0.4341258039337289,0.421052604914,0.41908764977186996,0.41442710558817103
10917.697,1.9260157426453692,2.7588707568896575,1.922812773104338,-0.15747284764228592,0.4017167998299675,0.20282844357159238,1.8652904033660889,2.7215895652770996,1.9399162530899048,-0.1519135683774948,0.3926927149295807,0.21052631735801697,-0.014057516503625907,0.06985585378754065,0.017103479985566716,0.4313785404257756,0.421052604914,0.41485528303368296,0.4061521228164982
10917.718,1.9228673294641312,2.7668340025335847,1.9269323588620482,-0.1574206590584659,0.39816228218766603,0.2059792878810088,1.8574987649917603,2.7411468029022217,1.9504425525665283,-0.15603630244731903,0.3910652995109558,0.21052637696266174,-0.0012842549121618273,0.0702227323265095,0.023510193704480153,0.42806355411086416,0.421045601368,0.41766038506261094,0.4195971090465018
10917.736,1.9196996875079102,2.774747974883305,1.9310463088074719,-0.15838209780759235,0.3956986174773694,0.20569749726669453,1.85359787940979,2.7509233951568604,1.9557056427001953,-0.15603630244731903,0.3910652995109558,0.21052637696266174,0.0010061782940501245,0.07025700846337678,0.024659333892723456,0.42612920654579395,0.421045601368,0.4211975291132715,0.42198154804611054
10917.757,1.9164748763987645,2.7826352014607076,1.935162175329985,-0.1612405554684323,0.3943613288973997,0.20579332613988313,1.849686861038208,2.7606959342956543,1.9609688520431519,-0.16014650464057922,0.38940778374671936,0.21052631735801697,0.0033014137463818864,0.07022158576119393,0.025806676713166832,0.4259306572492041,0.421052634716,0.4252234972786084,0.4241410710816005
10917.776,1.9132040680800664,2.790503117887256,1.9392678607660603,-0.16354041593133437,0.39339582131883766,0.20528427179928194,1.849686861038208,2.7606959342956543,1.9609688520431519,-0.16014650464057922,0.38940778374671936,0.21052631735801697,-0.00492823332558821,0.06999011573322567,0.021700991277091575,0.425896308920253,0.421052634716,0.4235939798295012,0.41555649228499003
10917.798,1.9098799092123628,2.7983512671101165,1.943380581033228,-0.16620794338154912,0.39240746113445296,0.2056360133539015,1.849686861038208,2.7606959342956543,1.9609688520431519,-0.16014650464057922,0.38940778374671936,0.21052631735801697,-0.01316010050794486,0.06977061625415693,0.017588271009923773,0.4259878908670782,0.421052634716,0.4202936899485709,0.4069877487415511
10917.817,1.906531773850287,2.806182470589344,1.947530238699731,-0.16740676810014082,0.3915601739528336,0.20748288332062073,1.8414852619171143,2.7800848484039307,1.9714951515197754,-0.16423307359218597,0.3876940608024597,0.21052637696266174,-0.0003377638747191214,0.07008580822085092,0.023964912820044315,0.4256870101710407,0.421045362949,0.423617432970001,0.42023399900287267
10917.836,1.903187577827858,2.81397651725163,1.9516796673699779,-0.16720980113300626,0.3897023331412203,0.2074714335266814,1.8373794555664062,2.7897772789001465,1.976758360862732,-0.16423307359218597,0.3876940608024597,0.21052637696266174,0.001998515020167478,0.07008793070197067,0.025078693492754045,0.4239336288444593,0.421045362949,0.42765612260668995,0.42250220600193433
10917.858,1.8998236893189888,2.8217449597272353,1.9558220526793373,-0.16819442543978622,0.38842212377179586,0.20711926546344891,1.833263635635376,2.7994654178619385,1.982021450996399,-0.16830849647521973,0.3859502077102661,0.21052631735801697,0.004350394048248437,0.07005492704812347,0.02619939831706164,0.4231562260462995,0.421052634716,0.43227636248042806,0.42466998601235484
10917.877,1.8964068622759025,2.829522335444085,1.9599659346508873,-0.17084135215058707,0.3888687858339896,0.20719409857297855,1.833263635635376,2.7994654178619385,1.982021450996399,-0.16830849647521973,0.3859502077102661,0.21052631735801697,-0.00385157628774848,0.06982586000341484,0.022055516345511617,0.4246115751148608,0.421052634716,0.4310377922579639,0.4159862482832666
10917.897,1.8929465063675843,2.8373117515955943,1.9641262135594477,-0.17301779541213183,0.3894708075669747,0.20801394542348003,1.833263635635376,2.7994654178619385,1.982021450996399,-0.16830849647521973,0.3859502077102661,0.21052631735801697,-0.012081886374256837,0.0696305827747858,0.017895237436951206,0.426041881616502,0.421052634716,0.42794185136182644,0.40737238301342016
10917.917,1.8894584154129415,2.8451196707701527,1.9683105604663353,-0.17440454774419833,0.390395958754903,0.20921734535884273,1.8246556520462036,2.8186771869659424,1.9925477504730225,-0.17235837876796722,0.3841486871242523,0.21052512526512146,0.0007062766518630241,0.06998645771142,0.024237190006687115,0.42747209682197745,0.421043485403,0.4312216661025933,0.4206032210871914
10917.936,1.8859913742779415,2.8529085878782316,1.9724954744038412,-0.17335205674621407,0.3894458553954463,0.20924569687072575,1.820346713066101,2.8282809257507324,1.9978108406066895,-0.17235837876796722,0.3841486871242523,0.21052512526512146,0.002998682704933392,0.07004820618344698,0.025315366202848244,0.42622285294356466,0.421043485403,0.43513874070621983,0.422936276211131
10917.957,1.882579460655457,2.860659859785006,1.976678036802725,-0.17059568112050666,0.38756359533025386,0.20912811993962596,1.8160278797149658,2.8378801345825195,2.0030739307403564,-0.17639580368995667,0.38232165575027466,0.21052633225917816,0.0053475154194711425,0.07013866896953526,0.02639589393763142,0.42343196778535314,0.421052634716,0.4399220302717339,0.4254177743238646
10917.977,1.87914703091167,2.8684018198429864,1.9808534275287881,-0.17162148718559786,0.3870980028905728,0.20876953629859799,1.8160278797149658,2.8378801345825195,2.0030739307403564,-0.17639580368995667,0.38232165575027466,0.21052633225917816,-0.0028281905122936983,0.07005427793759332,0.02222050321156832,0.42342574073365635,0.421052634716,0.4390608821491,0.41709481419972577
10917.997,1.8756208493635282,2.8761701099523282,1.9850505560824407,-0.17630907741927532,0.38841450549394185,0.20985642769713653,1.8160278797149658,2.8378801345825195,2.0030739307403564,-0.17639580368995667,0.38232165575027466,0.21052633225917816,-0.01106467656023663,0.06996439936119218,0.018023374657915703,0.4265268453010359,0.421052634716,0.4361101491325012,0.40863913259872087
10918.016,1.8719859757817277,2.883985122068574,1.9892620659895381,-0.18174367908606245,0.39075060580375526,0.21057549535027356,1.807017207145691,2.8569066524505615,2.0136003494262695,-0.18040864169597626,0.3804391026496887,0.21052762866020203,0.00165868495807504,0.07036642082091675,0.02433828343673139,0.43088728444995883,0.421047717333,0.43911438110769685,0.42183078634034143
10918.038,1.8682306677437093,2.8918489740015234,1.9934492405775706,-0.18776540189682042,0.39319259663889106,0.20935872939705097,1.8025070428848267,2.866417646408081,2.0188636779785156,-0.18040864169597626,0.3804391026496887,0.21052762866020203,0.0037651340731290305,0.0703716637089637,0.025414437400945067,0.43561107932498977,0.421047717333,0.4418802367071434,0.4237647211161033
10918.057,1.8643979656027978,2.8997319401896036,1.997633215360686,-0.19163510704139053,0.3941483093954043,0.20919873915120288,1.7979869842529297,2.8759241104125977,2.0241267681121826,-0.18440504372119904,0.3785235583782196,0.21052631735801697,0.0058219319692800545,0.07030886367086653,0.026493552751496674,0.43812094834922244,0.421052604914,0.4447071696598915,0.42558476570073855
10918.076,1.8605300348652443,2.9076159250751625,2.0018071018241694,-0.19339653689104477,0.3941992443051962,0.20869432318859976,1.7979869842529297,2.8759241104125977,2.0241267681121826,-0.18440504372119904,0.3785235583782196,0.21052631735801697,-0.0026635852022629247,0.07006361117135763,0.022319666288013185,0.43894634107941904,0.421052604914,0.44170640342946826,0.41684756194041617
10918.097,1.8566134651510993,2.915506984391347,2.005995067683196,-0.19582848570297556,0.3945529658006017,0.2093982929467531,1.7979869842529297,2.8759241104125977,2.0241267681121826,-0.18440504372119904,0.3785235583782196,0.21052631735801697,-0.011176832031177194,0.06984945669558089,0.018131700428986708,0.4403346670445999,0.421052604914,0.4367969828853361,0.408156213841387
10918.117,1.8526497600379148,2.923405087467147,2.0101953881895613,-0.18874786252683778,0.3761001464552138,0.20001526220177918,1.7885780334472656,2.894756555557251,2.0346529483795166,-0.18837527930736542,0.37655267119407654,0.21052512526512146,0.0013287010222799746,0.07017235269315567,0.024457560189955263,0.42066596632864733,0.421042948961,0.44138095492446555,0.4217583161020685
10918.136,1.8486567093379942,2.931297872419159,2.014359592759809,-0.21016056315114146,0.41540973431132233,0.2191686615892978,1.7836803197860718,2.9045469760894775,2.0401265621185303,-0.18837527930736542,0.37655267119407654,0.21052512526512146,0.0037231443560736856,0.07016893792660947,0.025766969358721248,0.4654024198529574,0.421042948961,0.4362253012565667,0.4227256603553394
10918.156,1.844632954208224,2.9391740629204683,2.018499816272055,-0.20118775648411635,0.3938095250568734,0.20701117560778526,1.7791495323181152,2.913579225540161,2.0451793670654297,-0.192332461476326,0.3745577931404114,0.21052633225917816,0.005275241204430094,0.07010952911835477,0.026679550793374585,0.4420905639380739,0.421052634716,0.43837940150421983,0.42506151718243773
10918.178,1.8405935894809904,2.9470167420476034,2.0226045751172776,-0.20196823637564296,0.3921339563838599,0.2052379422753136,1.7791495323181152,2.913579225540161,2.0451793670654297,-0.192332461476326,0.3745577931404114,0.21052633225917816,-0.003256317602030573,0.0698772929247753,0.02257479194815204,0.4409648133691817,0.421052634716,0.4347999788475349,0.41651885370187597
10918.197,1.8365280095102106,2.95482478659723,2.0267033488898485,-0.20327899853455442,0.39040222747280184,0.20493868862406867,1.7791495323181152,2.913579225540161,2.0451793670654297,-0.192332461476326,0.3745577931404114,0.21052633225917816,-0.011770407620433743,0.06967742429399229,0.0184760181755812,0.44002638923717907,0.421052634716,0.4300580438670219,0.4080510479748092
10918.217,1.832434371120363,2.9626049799826077,2.030805187674811,-0.20468191948790992,0.3890096692604003,0.2050919392436598,1.769345998764038,2.9322097301483154,2.0557055473327637,-0.19626349210739136,0.3725093603134155,0.21052762866020203,0.0007728444300296525,0.07002440039405065,0.024900359657952453,0.43944133123321605,0.421049386263,0.4316770102776992,0.4212469753633644
10918.237,1.8283315718164477,2.970335509427488,2.0348657994974477,-0.2051399651912886,0.3865264722355828,0.20303059112739358,1.7644394636154175,2.9415223598480225,2.0609688758850098,-0.19626349210739136,0.3725093603134155,0.21052762866020203,0.0028316988977033775,0.07003128272717528,0.02610307638756204,0.43746561069833795,0.421049386263,0.4339869689526619,0.4235605228011946
10918.257,1.8242150497153176,2.978015886795444,2.038930730213906,-0.20582610507073282,0.3840188684243281,0.20324653583695837,1.7595232725143433,2.9508299827575684,2.0662319660186768,-0.2001747488975525,0.3704259991645813,0.21052631735801697,0.00492934829090742,0.06999857813701647,0.02730123580477084,0.4355762140773114,0.421052664518,0.43698326658798187,0.42578392608927745
10918.276,1.8200730871608444,2.9856594043364186,2.042988792976269,-0.2070981277191389,0.38217587704039835,0.20290313811372002,1.7595232725143433,2.9508299827575684,2.0662319660186768,-0.2001747488975525,0.3704259991645813,0.21052631735801697,-0.0034776763450161743,0.06976585431629312,0.02324317304240786,0.4345520945782206,0.421052664518,0.43442647191855627,0.4172995119042655
10918.297,1.815892433518194,2.99328476771342,2.0470677801080264,-0.1990787448820397,0.36311254175089885,0.19423748245871927,1.7595232725143433,2.9508299827575684,2.0662319660186768,-0.2001747488975525,0.3704259991645813,0.21052631735801697,-0.011886513960706533,0.06956005940040297,0.01916418591065039,0.41397332282256616,0.421052664518,0.43299192021168764,0.4093238015063373
10918.316,1.8116714435780932,3.0009107192962547,2.0511753983138417,-0.22215736526574575,0.4013658727758576,0.21619043188236595,1.749329924583435,2.969249725341797,2.07675838470459,-0.20405840873718262,0.368289053440094,0.21052512526512146,0.0007313778471548203,0.06991672629056818,0.025582986390748186,0.4586015423003967,0.421042352915,0.4281639750563264,0.4212619781586843
10918.336,1.8073929437107716,3.0085497593999486,2.0552382263117623,-0.2139249933808638,0.3819520052110948,0.20314139991007554,1.744228482246399,2.978456974029541,2.082021474838257,-0.20405840873718262,0.368289053440094,0.21052512526512146,0.002786449611074191,0.06991109083685212,0.026783248526494496,0.4376306805462683,0.421042352915,0.43043706852113917,0.42418411893607844
10918.356,1.8030922799196516,3.0161734186930773,2.059291890612788,-0.21503318955130832,0.38118296464811424,0.20268321504685613,1.7391175031661987,2.987658977508545,2.087284564971924,-0.20792819559574127,0.3661300241947174,0.21052633225917816,0.004843842203105537,0.06987404818265294,0.027992674359135883,0.43751439526885527,0.421052634716,0.43313968241930967,0.42633944367387616
10918.377,1.7987862657540463,3.0237522189055905,2.0633439773122877,-0.2050482935939994,0.36089524820391194,0.19295650949410473,1.7391175031661987,2.987658977508545,2.087284564971924,-0.20792819559574127,0.3661300241947174,0.21052633225917816,-0.003587173033066278,0.0696434885178878,0.023940587659636137,0.4149576379007095,0.421052634716,0.437512072349161,0.4185519685943796
10918.396,1.7944482711656533,3.0312857516723413,2.067412688096217,-0.22831550464946598,0.39650172456096894,0.2141426728357564,1.7391175031661987,2.987658977508545,2.087284564971924,-0.20792819559574127,0.3661300241947174,0.21052633225917816,-0.011994117117354944,0.06943292062072233,0.019871876875706906,0.45738590562419523,0.421052634716,0.430407889846089,0.4088663839378663
10918.417,1.7900769944648371,3.038787187684207,2.0715245743031296,-0.2185638350559156,0.3750718006192107,0.2055943103598469,1.7285385131835938,3.0058603286743164,2.097810983657837,-0.2117689996957779,0.3639167249202728,0.21052762866020203,0.0006579072593597482,0.06979061456024897,0.026286409354707274,0.4339501717725251,0.421048074961,0.43276566419539997,0.4227429227834373
10918.437,1.7856833271396706,3.0462511035864885,2.0755898892831572,-0.2196833662535323,0.3731957951059324,0.2032657489969432,1.723244309425354,3.014958143234253,2.103074073791504,-0.2117689996957779,0.3639167249202728,0.21052762866020203,0.002807254946384622,0.06978538256971391,0.027484184508346665,0.4328934550901955,0.421048074961,0.43570373178810434,0.4250247560339695
10918.457,1.7812308506360985,3.0537079178496906,2.0796233280710794,-0.21202269063982387,0.35508639347498805,0.19206851370472353,1.7179406881332397,3.02405047416687,2.10833740234375,-0.21558962762355804,0.3616717457771301,0.21052631735801697,0.004931668066210249,0.06972006372288157,0.028714074272670587,0.4133903486071603,0.421052664518,0.44210856905720475,0.42790544331475683
10918.476,1.776727834868147,3.061176231964681,2.083634496878283,-0.23700082988928178,0.3930691639420396,0.21111414774496745,1.7179406881332397,3.02405047416687,2.10833740234375,-0.21558962762355804,0.3616717457771301,0.21052631735801697,-0.003505684656278738,0.06944033905723646,0.02470290546546705,0.4587879601775945,0.421052664518,0.4364371919624248,0.41772840183720117
10918.497,1.77216855140751,3.068664138436472,2.0876475051417342,-0.22796417304760438,0.3743953236154391,0.2006504131864343,1.7179406881332397,3.02405047416687,2.10833740234375,-0.21558962762355804,0.3616717457771301,0.21052631735801697,-0.011989772070405698,0.06919021289570829,0.02068989720201575,0.43813897746937003,0.421052664518,0.43165226750538044,0.40989627858319827
10918.516,1.7675242820768005,3.0761923873888843,2.091683823212246,-0.23221346653041153,0.37641244761239473,0.20181590352118767,1.7069809436798096,3.042025089263916,2.118863582611084,-0.21938036382198334,0.35937467217445374,0.21052512526512146,0.0004934422487483832,0.06951731151418447,0.027179759398837877,0.442052884221381,0.421043813229,0.42883236956194554,0.42297153943874927
10918.537,1.762827076658481,3.0837214538313518,2.095698082358594,-0.23486027091084433,0.3764533221151541,0.20071295731300268,1.7014964818954468,3.0510094165802,2.124126672744751,-0.21938036382198334,0.35937467217445374,0.21052512526512146,0.002426357955067876,0.06946676919349376,0.028428590386157193,0.443467663297859,0.421043813229,0.43020292172324587,0.42504690735548745
10918.556,1.7581032360138817,3.091217988501143,2.0997175432318835,-0.2361920322248093,0.3748267334813822,0.2009730436601006,1.696002721786499,3.059988021850586,2.129389762878418,-0.22315537929534912,0.3570531904697418,0.21052633225917816,0.004373608182046733,0.06937331068768599,0.029672219646534437,0.4427904180141121,0.421052604914,0.43205755678811714,0.42709316088898064
10918.577,1.7533714757204535,3.098647438462602,2.103721727062239,-0.22532191874732588,0.3537833315178998,0.1906754205038215,1.696002721786499,3.059988021850586,2.129389762878418,-0.22315537929534912,0.3570531904697418,0.21052633225917816,-0.0041518069234991635,0.06905423173119818,0.025668035816178936,0.4191982281236888,0.421052604914,0.4314677892380888,0.41924618824389387
10918.597,1.7486248789148027,3.1060254771877207,2.107757017421036,-0.2498208845048763,0.38831782763307165,0.21238370309197724,1.696002721786499,3.059988021850586,2.129389762878418,-0.22315537929534912,0.3570531904697418,0.21052633225917816,-0.01264083905507209,0.06876589200132811,0.02163274545738192,0.4614588975699191,0.421052604914,0.42367843101147495,0.4093241292947968
10918.616,1.743878245999442,3.1133754028108025,2.111804155044492,-0.2373316457628548,0.36749628114606775,0.2023568811683879,1.6846669912338257,3.077727794647217,2.139916181564331,-0.22689898312091827,0.3546804189682007,0.21052762866020203,-6.297098513975002e-05,0.069113824184155,0.028112026519838906,0.4372400024855994,0.421047925949,0.4214094923891016,0.42329256563214235
10918.637,1.7391306816383278,3.1206834170800706,2.1158205517030217,-0.23737821805052456,0.3654007134554282,0.2008198329220964,1.6789945363998413,3.086594820022583,2.145179510116577,-0.22689898312091827,0.3546804189682007,0.21052762866020203,0.0020272497851676445,0.06909615526062673,0.029358958413555403,0.4355256129951556,0.421047925949,0.423802352900583,0.4256181472700487
10918.657,1.7344074239241454,3.1279347953159533,2.119834242782362,-0.23616288570396865,0.3625689117862225,0.2006845539626427,1.6733129024505615,3.095456123352051,2.150442600250244,-0.230622336268425,0.35227641463279724,0.21052631735801697,0.004178017626943264,0.0690648163346138,0.03060835746788193,0.4325266361874876,0.421052664518,0.4270483746237423,0.42798754393625404
10918.677,1.7297230280795437,3.1351125655694028,2.1238415968544597,-0.22306646880307637,0.3417985835167779,0.19082638439630673,1.6733129024505615,3.095456123352051,2.150442600250244,-0.230622336268425,0.35227641463279724,0.21052631735801697,-0.004113645246113733,0.06883177758568243,0.026601003395784417,0.40801884564965335,0.421052664518,0.4323071592616458,0.4204162616168198
10918.697,1.7250506739812326,3.142215766261211,2.1278673472449086,-0.24591337359230897,0.3738526679853326,0.21188159949471064,1.6733129024505615,3.095456123352051,2.150442600250244,-0.230622336268425,0.35227641463279724,0.21052631735801697,-0.012336046261263472,0.06863733073621142,0.022575253005335583,0.4473438503291078,0.421052664518,0.4264517366944034,0.41077760688302295
10918.717,1.7203449863803024,3.1493009898294764,2.1319253000972638,-0.2352843800413719,0.35426117840552934,0.20289764261333207,1.6616064310073853,3.1129531860351562,2.160968780517578,-0.23431245982646942,0.3498212397098541,0.21052512526512146,0.00048322978016093754,0.06907349141998842,0.02904348042031435,0.42514174589012854,0.421043038368,0.4299873242907451,0.42509521710972115
10918.736,1.7156144219634073,3.1563739173404506,2.1359571544418667,-0.2365282208395932,0.3536463755409914,0.2015927172257476,1.6557486057281494,3.1216986179351807,2.166231870651245,-0.23431245982646942,0.3498212397098541,0.21052512526512146,0.0027778598646596604,0.06912724381118555,0.030274716209378383,0.425328318246061,0.421043038368,0.4339600404981458,0.4275773381603317
10918.757,1.7108339406274446,3.163445979815851,2.1399953539594474,-0.22764196839195106,0.33676487979987246,0.1922952151336821,1.6498817205429077,3.1304380893707275,2.171495199203491,-0.2379869818687439,0.3473435342311859,0.21052633225917816,0.005047025085203688,0.06913191377837317,0.03149984524404381,0.4063575041806735,0.421052664518,0.441405209227637,0.4307310529471736
10918.777,1.7060070338767805,3.1705310349591334,2.1440654468751634,-0.25404772371605033,0.37289763911555635,0.214215416614008,1.6498817205429077,3.1304380893707275,2.171495199203491,-0.2379869818687439,0.3473435342311859,0.21052633225917816,-0.0032420528770402864,0.06889836119910797,0.027429752328327783,0.4510741418010208,0.421052664518,0.43679264586658234,0.42043802190570845
10918.797,1.7011408633402094,3.177622070765528,2.148160896240375,-0.24330852682324527,0.35455179031199574,0.20477246825611362,1.6498817205429077,3.1304380893707275,2.171495199203491,-0.2379869818687439,0.3473435342311859,0.21052633225917816,-0.011557505661466051,0.06870408927759852,0.023334302963116116,0.4298824467022574,0.421052664518,0.4332333783735912,0.4127240717906034
10918.817,1.6962099548932208,3.1847347617869866,2.152281834734337,-0.24654542234404966,0.35563455106516256,0.20604692469360247,1.6378092765808105,3.1476850509643555,2.182021379470825,-0.2416285127401352,0.34481462836265564,0.21052762866020203,0.001116998176063276,0.06915253151161484,0.0297395447364881,0.43260416512101707,0.421048045158,0.435984016070907,0.4261443231645604
10918.837,1.6912665406438558,3.1918352795965172,2.1563967971251023,-0.24717071248533246,0.35502589050107464,0.20574811955248432,1.6317685842514038,3.1563055515289307,2.1872847080230713,-0.2416285127401352,0.34481462836265564,0.21052762866020203,0.003274737239726381,0.06922170532026442,0.03088791089796894,0.43248283170413576,0.421048045158,0.43890298328219807,0.4285106842800711
10918.856,1.6863250093364823,3.198900218630733,2.160497066377178,-0.24707656536328257,0.3532469517030844,0.20501346259930084,1.6317685842514038,3.1563055515289307,2.1872847080230713,-0.2416285127401352,0.34481462836265564,0.21052762866020203,-0.00506123121021489,0.06902965393375449,0.026787641645893423,0.43098838783083526,0.421048045158,0.43650262716877136,0.42009017812976696
10918.877,1.6813798879198494,3.205920594542793,2.1645896561776747,-0.23548197221343675,0.3343036148498048,0.19488522858914709,1.619507074356079,3.173417091369629,2.1978108882904053,-0.24882972240447998,0.33964791893959045,0.21052512526512146,0.0076787072959494,0.06946769199482666,0.03322123211273054,0.40883323445060027,0.42104268074,0.44414872589133464,0.43462366842147016
10918.897,1.676444470189569,3.212891410841759,2.16870562124271,-0.25975882790630517,0.366885068362142,0.21662974026235,1.619507074356079,3.173417091369629,2.1978108882904053,-0.24882972240447998,0.33964791893959045,0.21052512526512146,-0.0005751355546330245,0.06928028695943117,0.02910526704769545,0.44945808386900477,0.42104268074,0.44026939310929464,0.42445327995953996
10918.917,1.6714669230780441,3.2198480869236734,2.172845528412666,-0.24887735559345192,0.34783380411975245,0.2069953585121269,1.6130374670028687,3.182248115539551,2.203284740447998,-0.24882972240447998,0.33964791893959045,0.21052512526512146,0.0021014790566269356,0.06945029136801557,0.030439212035331842,0.427623908725152,0.42104268074,0.44379261010187104,0.4283157473713475
10918.936,1.6664345394137057,3.226816183074527,2.1769851412478745,-0.25161918321143,0.3484048075350744,0.2069806417558946,1.6070655584335327,3.190399646759033,2.2083373069763184,-0.24882972240447998,0.33964791893959045,0.21052512526512146,0.0038968189307920544,0.06953887274080907,0.031352165728443904,0.4296852894928993,0.42104268074,0.44739059128414604,0.430217556409753
10918.956,1.6613679628579137,3.233782618593926,2.1811354027372527,-0.253328827784071,0.3483217759623477,0.20751307446438286,1.600836157798767,3.1988842487335205,2.2136003971099854,-0.25239673256874084,0.33701813220977783,0.21052633225917816,0.006095923418024816,0.06960485155729992,0.03246499437273265,0.43062781655307336,0.421052634716,0.451301322450502,0.4324982974976217
10918.977,1.6562488280928092,3.2407665489425725,2.185286753562166,-0.25595673824963827,0.34919651742470414,0.20756754124113713,1.600836157798767,3.1988842487335205,2.2136003971099854,-0.25239673256874084,0.33701813220977783,0.21052633225917816,-0.0022729146305952436,0.06942279855349681,0.02831364354781929,0.43288694243896747,0.421052634716,0.4492059848018129,0.42387336075081916
10918.997,1.6510812139424687,3.247761240945649,2.1894313043873996,-0.25838070753488496,0.3497346001779913,0.20722754127600254,1.600836157798767,3.1988842487335205,2.2136003971099854,-0.25239673256874084,0.33701813220977783,0.21052633225917816,-0.010680362812359612,0.06927810537813911,0.024169092722585717,0.43475965984580645,0.421052634716,0.44515573326491853,0.4153776483954724
10919.017,1.6458696320453468,3.254755466745917,2.1935620239999722,-0.260579094850407,0.34971129000576573,0.20653598062412218,1.5880483388900757,3.2156078815460205,2.2241268157958984,-0.2559288442134857,0.3343410789966583,0.21052762866020203,0.0019278824764022776,0.06980056330924646,0.030564791795926194,0.43605100721021034,0.421050518751,0.4474747943009637,0.42895777116441614
10919.038,1.6406183806236234,3.261738093086681,2.197649430206761,-0.25005959150301077,0.33250601621671744,0.19463839079353334,1.5816501379013062,3.223966598510742,2.2293899059295654,-0.2559288442134857,0.3343410789966583,0.21052762866020203,0.004000433187493498,0.06991377537059978,0.03174047572280436,0.41597385796642017,0.421050518751,0.45330831866640287,0.4322880685948292
10919.056,1.6353337664994143,3.2686945747949196,2.2017257388933955,-0.27813758548128154,0.3661306162186089,0.21454256245181538,1.575243353843689,3.23231840133667,2.2346532344818115,-0.25943541526794434,0.3316302001476288,0.21052631735801697,0.0060740456186683355,0.06997992325247553,0.03292749558841601,0.4597151123135874,0.421052634716,0.45315689195961156,0.432769264767912
10919.078,1.6300141244881785,3.275631876205163,2.205826143295961,-0.2533162862635423,0.3303476862205982,0.19525735251407517,1.575243353843689,3.23231840133667,2.2346532344818115,-0.25943541526794434,0.3316302001476288,0.21052631735801697,-0.002379582297767191,0.069787047582363,0.028827091185850584,0.416215335042066,0.421052634716,0.45760461498907107,0.426084978008787
10919.097,1.6246366831516896,3.2825750710098895,2.209970359693234,-0.28302322823278836,0.36543130550745434,0.218116652485387,1.575243353843689,3.23231840133667,2.2346532344818115,-0.25943541526794434,0.3316302001476288,0.21052631735801697,-0.010870699867273157,0.06962227884210181,0.024682874788577447,0.46212367381751135,0.421052634716,0.45008685900613604,0.41599169647158035
10919.116,1.6191915087913793,3.2895559393378164,2.214147072596767,-0.2722587180095739,0.3490434163887252,0.2088356451720831,1.5621066093444824,3.2487688064575195,2.2451794147491455,-0.26290592551231384,0.32887136936187744,0.21052512526512146,0.0016106868554301157,0.0701404422662922,0.0310323421523786,0.4425886987325748,0.421041458845,0.45143422137511324,0.4300730045767356
10919.137,1.6136742751760251,3.2965843805233526,2.218310147307861,-0.2627254102469499,0.33468767549151635,0.19824165290318876,1.5555338859558105,3.256990432739258,2.2504425048828125,-0.26290592551231384,0.32887136936187744,0.21052512526512146,0.0034910166681033777,0.07025523725979929,0.0321323575749517,0.4254195516695986,0.421041458845,0.4557788326430004,0.43312476438781594
10919.157,1.6080918608542234,3.303662335851953,2.222443365964466,-0.29381128009122753,0.37252396465861654,0.21753782402918734,1.5555338859558105,3.256990432739258,2.2504425048828125,-0.26290592551231384,0.32887136936187744,0.21052512526512146,-0.0052319328117126085,0.07009446586312452,0.02799913891834649,0.47438416268129735,0.421041458845,0.44771509104956236,0.42271693909305463
10919.176,1.6024474332791667,3.3107742014706774,2.22657169013386,-0.28222137877234144,0.3555932809607964,0.20641620848397413,1.5422168970108032,3.27329421043396,2.2609689235687256,-0.2697749435901642,0.3232712745666504,0.21052762866020203,0.00702129487602406,0.07059156214131393,0.03439723343486545,0.4539257240906079,0.421049684286,0.4485771899329375,0.43677690132710695
10919.196,1.5967692704857361,3.3178806380863435,2.230706257350285,-0.2839081396653322,0.35532183077555024,0.20672836081673868,1.5422168970108032,3.27329421043396,2.2609689235687256,-0.2697749435901642,0.3232712745666504,0.21052762866020203,-0.0017822958046551027,0.07043248117320944,0.030262666218440426,0.4547697697160358,0.421049684286,0.44354421075591405,0.42829818038542417
10919.217,1.5910577800853685,3.3249614564205525,2.2348973423927916,-0.28557452001215,0.3540409167027239,0.2095542521207472,1.5354725122451782,3.2813761234283447,2.2662320137023926,-0.2697749435901642,0.3232712745666504,0.21052762866020203,-6.213334281741228e-05,0.07063568073116472,0.03133467130960099,0.4548112949137544,0.421049684286,0.4388562468424761,0.4307238957398848
10919.237,1.5853795147134937,3.3319693721044508,2.239096419521847,-0.2703935891520706,0.33371027068055203,0.1999560537757675,1.5287281274795532,3.2894577980041504,2.2714953422546387,-0.2697749435901642,0.3232712745666504,0.21052762866020203,0.001737862476396089,0.07080673302750479,0.03239892273279166,0.42947134142647836,0.421049684286,0.44225262434831997,0.4341842407164342
10919.257,1.579706426406088,3.3388934627794304,2.2432958302074897,-0.2985835951229542,0.36442582499446463,0.2210216150311162,1.5219753980636597,3.297532558441162,2.2767584323883057,-0.2731647193431854,0.3204159140586853,0.21052631735801697,0.0036078789825830584,0.07092657647455353,0.03346260218081598,0.47107894282766766,0.421052634716,0.43633988704046894,0.4346080594445073
10919.276,1.5740043254330334,3.34576360113254,2.247515730988234,-0.28510504864651076,0.34350691764798036,0.21099503903260394,1.5219753980636597,3.297532558441162,2.2767584323883057,-0.2731647193431854,0.3204159140586853,0.21052631735801697,-0.0050199026761459445,0.070767530262311,0.02924270140007179,0.44635258809739176,0.421052634716,0.4318457037238616,0.4271603195835768
10919.297,1.5682939704257697,3.3525709102191286,2.251738261736397,-0.28551775035695226,0.3403654543219982,0.21112653740354878,1.5219753980636597,3.297532558441162,2.2767584323883057,-0.2731647193431854,0.3204159140586853,0.21052631735801697,-0.013604996573239169,0.07063663624735647,0.025020170651908646,0.444197791660328,0.421052634716,0.425629666755522,0.4187521245790897
10919.316,1.562521160272944,3.359328787726025,2.2559662686584634,-0.2886405076349797,0.3378938753374436,0.21140034609870428,1.5081578493118286,3.31341552734375,2.2872846126556396,-0.27651602029800415,0.31751561164855957,0.21052512526512146,-0.0011498126410179957,0.07114826061455101,0.03131834399717626,0.4442881630886433,0.421043068171,0.4223822813157995,0.4320895632543009
10919.336,1.5567540929687884,3.3660095188706936,2.260155503009286,-0.28835336522771443,0.33403655725651943,0.20946171755560453,1.5012450218200684,3.3213534355163574,2.2925477027893066,-0.27651602029800415,0.31751561164855957,0.21052512526512146,0.0008471112399154254,0.07123696486298592,0.032392199780020725,0.4411656542006056,0.421043068171,0.4198060896914857,0.4344684289543822
10919.357,1.551048890197424,3.372580528593726,2.2642732338235794,-0.2852601385619952,0.32855048614444154,0.20588654071017853,1.494323968887329,3.329284191131592,2.2978110313415527,-0.27984926104545593,0.3145945072174072,0.21052633225917816,0.002963310294437034,0.07129872598700715,0.03353779751797337,0.435007106687432,0.421052634716,0.4225242252296452,0.4370611838897206
10919.377,1.545381346329574,3.379052888606094,2.2683351212983136,-0.2833771933863123,0.3236180006113558,0.2030943737322788,1.494323968887329,3.329284191131592,2.2978110313415527,-0.27984926104545593,0.3145945072174072,0.21052633225917816,-0.005348140973760289,0.071099763907577,0.02947591004323913,0.4300516714000965,0.421052634716,0.42025857637843994,0.428840022519286
10919.397,1.5397100578985432,3.3854561465457897,2.272388453700797,-0.28356442154535133,0.3201628969777885,0.20266662011973513,1.494323968887329,3.329284191131592,2.2978110313415527,-0.27984926104545593,0.3145945072174072,0.21052633225917816,-0.013611260543879428,0.07092192352999968,0.02542257764075595,0.4275676845619971,0.421052634716,0.416675940672408,0.4205560742720119
10919.418,1.5340088381921693,3.391815893475036,2.276447388817528,-0.2714866526997115,0.30284509188586667,0.19328262461710002,1.4801751375198364,3.3448727130889893,2.3083372116088867,-0.28313928842544556,0.3116218149662018,0.21052512526512146,-0.0008199094832708753,0.07142168621136366,0.03188982279135866,0.4065896143641162,0.421041578054,0.422918679104088,0.43524602109486343
10919.437,1.5282471495922318,3.3981434559806933,2.2804995876122067,-0.3032467684140429,0.3330296055568326,0.2132736207699477,1.4730966091156006,3.352663040161133,2.3136003017425537,-0.28313928842544556,0.3116218149662018,0.21052512526512146,0.0014371633753846244,0.07147016789834153,0.033100714130346987,0.4502195959952453,0.421041578054,0.4193839144225144,0.4357739686927171
10919.457,1.5224120604435538,3.4044548684151117,2.284570509950486,-0.2917544574275331,0.31557062171402933,0.20354611690951221,1.4660100936889648,3.3604464530944824,2.3188633918762207,-0.28640976548194885,0.3086337149143219,0.21052633225917816,0.003660077876351725,0.07144596771517478,0.034292881925734875,0.4295477885104996,0.421052634716,0.42301248730940166,0.43891135475955767
10919.477,1.5165257960163236,3.4107678452182126,2.288654063790324,-0.29431322135508425,0.3156488401481573,0.20417769198744573,1.4660100936889648,3.3604464530944824,2.3188633918762207,-0.28640976548194885,0.3086337149143219,0.21052633225917816,-0.004675062206469405,0.07114929711713379,0.030209328085896825,0.4313431105487717,0.421052634716,0.42070231778530875,0.4301156254302497
10919.497,1.510575042011797,3.417103783006006,2.2927797358098703,-0.297537700246902,0.31679688941155637,0.2062836009915781,1.4660100936889648,3.3604464530944824,2.3188633918762207,-0.28640976548194885,0.3086337149143219,0.21052633225917816,-0.013069284875848394,0.07088921952281474,0.026083656066350436,0.4343900144517573,0.421052634716,0.41627077600365336,0.4213126678099929
10919.516,1.5045584185754008,3.42346678654037,2.296948469352566,-0.3008311718132377,0.3181501767112681,0.2084366771302437,1.4515360593795776,3.3757338523864746,2.329389810562134,-0.2896411716938019,0.30559974908828735,0.21052762866020203,-0.0004848730805396134,0.07134121162222286,0.03244134120956765,0.43764310019955294,0.421050131321,0.4139248855831805,0.4345760198635569
10919.537,1.4985371352199426,3.4298185486365127,2.301080264084541,-0.30106416776634154,0.31758810480019933,0.2065897365942407,1.4442949295043945,3.383373737335205,2.33465313911438,-0.2896411716938019,0.30559974908828735,0.21052762866020203,0.0015832663641969086,0.07139209091574436,0.033572875029838745,0.4374326251842681,0.421050131321,0.41602862217248954,0.43684587060827096
10919.556,1.492510864226852,3.436134460076213,2.305230743086983,-0.30131354964794793,0.31579557197812935,0.20752395011756067,1.4370460510253906,3.3910062313079834,2.339916229248047,-0.29284340143203735,0.3025360703468323,0.21052631735801697,0.003676095630447712,0.07141000529440182,0.03468548616106393,0.4363171449574784,0.421052634716,0.4187110832634958,0.43905742495370914
10919.577,1.4864951965135935,3.442394480097488,2.3093669583080114,-0.30078338568371893,0.31300100108538587,0.2068107610657187,1.4370460510253906,3.3910062313079834,2.339916229248047,-0.29284340143203735,0.3025360703468323,0.21052631735801697,-0.004707364266944583,0.07116045829548731,0.030549270940035456,0.4339397380418193,0.421052634716,0.4160316186405492,0.4304999834571175
10919.597,1.4804737462466533,3.4486156328215443,2.3135474284503452,-0.3010725133404398,0.3110576361960153,0.2090235071121276,1.4370460510253906,3.3910062313079834,2.339916229248047,-0.29284340143203735,0.3025360703468323,0.21052631735801697,-0.01306481662593277,0.07095152162929488,0.026368800797701653,0.4327488398598842,0.421052634716,0.41183345205403765,0.42191865035890763
10919.617,1.4744119719390405,3.4548275752521,2.317767798040246,-0.28865591940133173,0.2958067823983992,0.2009699804653284,1.4222536087036133,3.4059853553771973,2.350442409515381,-0.296005517244339,0.2994292080402374,0.21052512526512146,-0.0004005532929315034,0.0714555585995004,0.03267461147513506,0.4131667061479417,0.421042889357,0.4171964270942382,0.4362729028784426
10919.637,1.4683334790809048,3.461010191357438,2.321953274906824,-0.31992067674006197,0.3254008476453687,0.22028825613300212,1.4148534536361694,3.413471221923828,2.355705499649048,-0.296005517244339,0.2994292080402374,0.21052512526512146,0.0017530847707211417,0.0715331631494504,0.033752224742223724,0.4561764095985794,0.421042889357,0.4129288420502466,0.4366330157133081
10919.657,1.4622404291183693,3.4671747589305264,2.3261702111047904,-0.3046524981201285,0.30822837864770136,0.2108468098937106,1.4074456691741943,3.4209492206573486,2.360968828201294,-0.2991471588611603,0.2963043749332428,0.21052633225917816,0.003912247600147245,0.07158184423930361,0.03479861709650356,0.43325281127632365,0.421052604914,0.4160909046398317,0.43984329958605894
10919.676,1.456153510359603,3.4733142952075076,2.3303868654417155,-0.30434593795934756,0.3069768138702768,0.21083271686082736,1.4074456691741943,3.4209492206573486,2.360968828201294,-0.2991471588611603,0.2963043749332428,0.21052633225917816,-0.004429442637045561,0.07137881242716093,0.030581962759578474,0.4321745228564549,0.421052604914,0.4137186018870571,0.43122837024831573
10919.697,1.450061781495113,3.4794205140340386,2.3346578233124875,-0.30458644321785977,0.30531094131988884,0.2135478935339402,1.4074456691741943,3.4209492206573486,2.360968828201294,-0.2991471588611603,0.2963043749332428,0.21052633225917816,-0.012748019200357712,0.07122157808529243,0.026311004888806444,0.43117359679499434,0.421052604914,0.40981034002062444,0.42264120653310944
10919.717,1.4439629457297225,3.485504377836409,2.338967954494289,-0.3049417882628631,0.30419319011187806,0.21550655908537994,1.3923410177230835,3.4356138706207275,2.371495008468628,-0.3022462725639343,0.2931351363658905,0.21052762866020203,-1.2344109133484438e-05,0.0717905704740083,0.03252705397433875,0.4306504478677624,0.421047538519,0.4125523758386404,0.4362296990396083
10919.739,1.4378743785039185,3.4915375048155193,2.3432426648209477,-0.2767530557306275,0.2742330445171665,0.19430501485672436,1.3847848176956177,3.4429421424865723,2.376758337020874,-0.3022462725639343,0.2931351363658905,0.21052762866020203,0.002246374290477561,0.0719372261714823,0.03351567219992635,0.38955025168762547,0.421047538519,0.4224150750785041,0.44044907543798506
10919.756,1.4317866717025356,3.497498815587225,2.3475042444361964,-0.33820593340961597,0.3311839317608983,0.23675442306899253,1.3847848176956177,3.4429421424865723,2.376758337020874,-0.3022462725639343,0.2931351363658905,0.21052762866020203,-0.005965924453863458,0.07176358829733862,0.029254092584677593,0.47326909082171503,0.421047538519,0.4148234420792406,0.42829856310901204
10919.776,1.4256897138653328,3.503385724691472,2.3517628628713814,-0.3048478918534841,0.29434545520591654,0.21293092175459893,1.3695199489593506,3.4574384689331055,2.387284517288208,-0.308347225189209,0.2867048680782318,0.21052512526512146,0.00690833826567408,0.07223896222763085,0.03552165441682664,0.4236566077443481,0.42104357481,0.41995112098765763,0.4437448653021502
10919.797,1.4195990571931518,3.5091998917657636,2.3560277158343443,-0.30453283360240296,0.2907083537082405,0.213242648143494,1.3695199489593506,3.4574384689331055,2.387284517288208,-0.308347225189209,0.2867048680782318,0.21052512526512146,-0.0012015858211104208,0.07201193072448836,0.03125680145386367,0.42089744385221395,0.42104357481,0.4238272188424821,0.4350827087869453
10919.817,1.4134975504683696,3.514948082454885,2.360343135080411,-0.30507533623245425,0.2874095344497999,0.2157709622986312,1.3618112802505493,3.4646060466766357,2.392547845840454,-0.308347225189209,0.2867048680782318,0.21052512526512146,0.001249811849178148,0.07214034284413766,0.03220471076004294,0.4189982875849032,0.42104357481,0.42846545966473726,0.43749110561059773
10919.836,1.407372824332273,3.5206432558766316,2.364680763589829,-0.30623630682599773,0.2847586711070092,0.21688142548588515,1.354102611541748,3.471773624420166,2.397810935974121,-0.308347225189209,0.2867048680782318,0.21052512526512146,0.0037244722129670116,0.07219476959014007,0.033130172384292056,0.41801038817323144,0.42104357481,0.4337410846064529,0.4396578274883188
10919.856,1.4012258260620127,3.5263059676889226,2.368990550915253,-0.3073499135063021,0.28313559060836696,0.21548936626650061,1.3463865518569946,3.478933334350586,2.403074026107788,-0.3113543391227722,0.28344979882240295,0.21052633225917816,0.006204086780680268,0.0722012582436029,0.03408347519253496,0.4177212106991519,0.421052634716,0.43955714856840694,0.44171955073119484
10919.877,1.3950098903355388,3.5319528395598088,2.373315098125815,-0.3107967863169131,0.28234359353814675,0.21622736052336755,1.3463865518569946,3.478933334350586,2.403074026107788,-0.3113543391227722,0.28344979882240295,0.21052633225917816,-0.001877665623269964,0.0719150286743812,0.029758927981973216,0.4196965583526687,0.421052634716,0.44346246188354094,0.4326055992437032
10919.896,1.3887155237501592,3.537597954280704,2.3776315399050407,-0.31471832926211185,0.2822557360386065,0.2158220889565818,1.3463865518569946,3.478933334350586,2.403074026107788,-0.3113543391227722,0.28344979882240295,0.21052633225917816,-0.010017621260084392,0.07164444680062118,0.02544248620274736,0.4225194599509776,0.421052634716,0.44132770637722424,0.4235211749230231
10919.917,1.3823326667099565,3.5432556197074296,2.381932482103675,-0.3191428520321944,0.28288327135582947,0.2150471099465852,1.33067786693573,3.4929490089416504,2.413600444793701,-0.31431862711906433,0.2801532745361328,0.21052762866020203,0.0028084405481803854,0.07204919214080323,0.03166796269002603,0.42621559559862376,0.421048760414,0.4452659462025554,0.43664251307633983
10919.937,1.3758702015886521,3.548921465188021,2.3862328142608353,-0.32312325605816333,0.2832922740233837,0.21501660785331622,1.3228199481964111,3.499952793121338,2.418863534927368,-0.31431862711906433,0.2801532745361328,0.21052762866020203,0.005051398858583807,0.07201905024732572,0.03263072066653283,0.42945298941777427,0.421048760414,0.4492006405921465,0.43839385726067576
10919.956,1.3693551313921848,3.554590322398688,2.390520983662774,-0.3257535098162572,0.28344286052715806,0.21440847009224723,1.3149547576904297,3.506948709487915,2.4241268634796143,-0.3172522783279419,0.27683261036872864,0.21052631735801697,0.00725267756288954,0.07194805492714368,0.03360587981684038,0.431539904803229,0.421052604914,0.45328494870634933,0.44009275113433105
10919.977,1.362769575861934,3.560268016877303,2.3947983410202465,-0.32927777650535023,0.283884723924553,0.21386786786896114,1.3149547576904297,3.506948709487915,2.4241268634796143,-0.3172522783279419,0.27683261036872864,0.21052631735801697,-0.0011293846631357449,0.07160956547515648,0.02932852245936779,0.4344871241452021,0.421052604914,0.45125937193869875,0.43088165855054145
10919.997,1.3561250229474973,3.56596773814306,2.3990710584327903,-0.33222764574480285,0.2849860633075607,0.21363587064196032,1.3149547576904297,3.506948709487915,2.4241268634796143,-0.3172522783279419,0.27683261036872864,0.21052631735801697,-0.009572742543234685,0.0713203973974843,0.02505580504682392,0.43746673480620846,0.421052604914,0.44711227102425094,0.4218157153367649
10920.017,1.3494303540749437,3.5716832855840015,2.4033614706124684,-0.33473344362037066,0.2857773720408312,0.21452060897922104,1.2989548444747925,3.520630359649658,2.4346530437469482,-0.3201417624950409,0.2734702229499817,0.21052512526512146,0.002977089359482099,0.07173085287934447,0.03129157313447983,0.4399116098728911,0.421042412519,0.4491549002536164,0.43480767778024765
10920.037,1.3426762824644283,3.5774117255402045,2.407629552193175,-0.3216224576337864,0.27278285504896765,0.2032419800274601,1.2909512519836426,3.5274672508239746,2.4399161338806152,-0.3201417624950409,0.2734702229499817,0.21052512526512146,0.0049534759199091685,0.07173139068238685,0.03228658168744003,0.4215276908953697,0.421042412519,0.4544252532973399,0.4375266580169702
10920.057,1.3359004474754363,3.5831342615050894,2.4119114027204307,-0.35662289415309956,0.30118610341130514,0.22536055406331695,1.2829407453536987,3.5342955589294434,2.4451792240142822,-0.32300955057144165,0.27009284496307373,0.21052633225917816,0.006918023946867816,0.07170836675567335,0.03326782129385153,0.46660236155447243,0.421052634716,0.45351655025502874,0.4373756074516021
10920.076,1.329096638153918,3.588833370762534,2.4161974180782617,-0.3401904660994326,0.28495546289193496,0.21430076790636376,1.2829407453536987,3.5342955589294434,2.4451792240142822,-0.32300955057144165,0.27009284496307373,0.21052633225917816,-0.0016465281117505476,0.0714284838485612,0.02898180593602051,0.44359153688756175,0.421052634716,0.4502750798808185,0.42946298775632863
10920.097,1.322247970128322,3.5945198382387504,2.420492992736628,-0.34243340127232125,0.2843233738046069,0.21477873291362,1.2829407453536987,3.5342955589294434,2.4451792240142822,-0.32300955057144165,0.27009284496307373,0.21052633225917816,-0.010237854664330064,0.07118432460647674,0.024686231277654347,0.4449083592356766,0.421052634716,0.44494620332199136,0.4205453633106664
10920.117,1.3153724046458375,3.6001944701490327,2.4248063865369733,-0.34377827411672507,0.2837315955079207,0.21566969001256514,1.2666560411453247,3.547637701034546,2.4557056427001953,-0.3258330523967743,0.2666730582714081,0.21052762866020203,0.0022003193851557468,0.07162860215773359,0.030899256163221978,0.44558341129256157,0.421048343182,0.44603539931686353,0.4335693749618048
10920.137,1.3084696695198075,3.6058605502773386,2.4290825587656184,-0.34513675629396706,0.283304006409113,0.2138086114275865,1.2585102319717407,3.554304599761963,2.4609687328338623,-0.3258330523967743,0.2666730582714081,0.21052762866020203,0.004101528122139493,0.07167383693319589,0.0318861740682439,0.4463788562430784,0.421048343182,0.4473971790271993,0.4355248233014647
10920.157,1.3015685202194438,3.6115146737924615,2.433371820799625,-0.3286261571786203,0.269243976925724,0.20425057305939198,1.2503576278686523,3.5609629154205322,2.4662320613861084,-0.32862380146980286,0.2632332146167755,0.21052631735801697,0.006012633173024785,0.07170693140962675,0.03286024058648351,0.42473703025445364,0.421052634716,0.4524203108469657,0.4384245514869192
10920.177,1.2946588880229815,3.6171447646722354,2.437664191196148,-0.36366485244093016,0.2963205726160505,0.2259142313931891,1.2503576278686523,3.5609629154205322,2.4662320613861084,-0.32862380146980286,0.2632332146167755,0.21052631735801697,-0.002590773695286923,0.07150027781947749,0.02856787018996032,0.4690075391070836,0.421052634716,0.4452576334568719,0.42784120508741386
10920.197,1.2877451744165969,3.622756038371982,2.441977573646221,-0.3456856803116843,0.28056368498119866,0.21566912249892908,1.2503576278686523,3.5609629154205322,2.4662320613861084,-0.32862380146980286,0.2632332146167755,0.21052631735801697,-0.011185185883019848,0.07135201677408977,0.024254487739887587,0.4451421687853964,0.421052634716,0.43971202977800117,0.4200936529099958
10920.217,1.280828024443116,3.628346758743663,2.4463043615488003,-0.345857498666491,0.2795360185779573,0.2163393951242505,1.2337958812713623,3.5739593505859375,2.4767582416534424,-0.3313688337802887,0.25975412130355835,0.21052512526512146,0.0012735816884179713,0.07189151999454667,0.030453880104642117,0.44464595417776215,0.421043366194,0.4367513195467193,0.43338053325377424
10920.236,1.273883540655137,3.6339102313135174,2.4505855786472455,-0.34722418939137445,0.2781736284866453,0.21406085491758753,1.2255116701126099,3.5804531574249268,2.4820213317871094,-0.3313688337802887,0.25975412130355835,0.21052512526512146,0.003206666980363343,0.07202231525985743,0.03143575313986391,0.4448563777791027,0.421043366194,0.43808579309363327,0.4355734661983637
10920.256,1.26697553992787,3.639425822509182,2.454860606354689,-0.3454000363872271,0.2757795598022803,0.21375138538695992,1.2172207832336426,3.5869383811950684,2.4872846603393555,-0.33409228920936584,0.256257027387619,0.21052633225917816,0.005198710547824385,0.07213487865134455,0.0324240539846663,0.44195340411220624,0.421052634716,0.4403018698656252,0.4378835671068647
10920.276,1.2600892636518615,3.644877114964096,2.4591206475492218,-0.3443138137929075,0.2725646227397695,0.21300205972198083,1.2172207832336426,3.5869383811950684,2.4872846603393555,-0.33409228920936584,0.256257027387619,0.21052633225917816,-0.003276102789595149,0.0719991016238224,0.028164012790133697,0.4391031394737561,0.421052634716,0.43720854808401255,0.4294517954889743
10920.296,1.253179763229071,3.6502777946427685,2.4633860163706545,-0.3454750211319776,0.27003398392772093,0.21326844106697937,1.2172207832336426,3.5869383811950684,2.4872846603393555,-0.33409228920936584,0.256257027387619,0.21052633225917816,-0.011737766271363092,0.07188292134554057,0.023898643968701005,0.438439753762051,0.421052634716,0.43250586399766155,0.4209611148679798
10920.316,1.246249358705914,3.65562727789409,2.4676693064796584,-0.34652022615028993,0.2674741625602342,0.21416450544552362,1.20038902759552,3.599583387374878,2.4978108406066895,-0.3367680311203003,0.2527233064174652,0.21052762866020203,0.0008597644370220495,0.07241096905301864,0.030141534127031022,0.4376826944971657,0.421048432589,0.4344562338439624,0.43439109746879595
10920.337,1.239274374664333,3.6609366517805317,2.471898295264222,-0.34874920210315224,0.26546869434044035,0.21144943924278867,1.1916329860687256,3.606154203414917,2.5032846927642822,-0.3367680311203003,0.2527233064174652,0.21052762866020203,0.0033453860976308814,0.07252328555785863,0.03138639750006034,0.43821209364524094,0.421048432589,0.43683613782858705,0.4370515710993149
10920.356,1.232253960246053,3.6662091298694426,2.476111749053296,-0.3510207209063461,0.26362390443978806,0.21067268944909623,1.1835441589355469,3.612210750579834,2.5083372592926025,-0.33941277861595154,0.24916721880435944,0.21052631735801697,0.0049754774088246675,0.07255145990376544,0.032225510239306754,0.43889118379701875,0.421052664518,0.4394510422618387,0.4386995657921905
10920.377,1.2252116066735934,3.6714389127740983,2.4803253022037035,-0.3521176786152903,0.2614891452270772,0.2106776575157875,1.1835441589355469,3.612210750579834,2.5083372592926025,-0.33941277861595154,0.24916721880435944,0.21052631735801697,-0.0034884977276390255,0.07233243934444057,0.02801195708889903,0.4384814748414243,0.421052664518,0.4364140179148039,0.4300214607175293
10920.397,1.2181523889398906,3.6766282017579277,2.484565315204835,-0.3529608866774342,0.25946444918580747,0.2120006500519488,1.1835441589355469,3.612210750579834,2.5083372592926025,-0.33941277861595154,0.24916721880435944,0.21052631735801697,-0.011940785434838144,0.07214398965620633,0.023771944087767505,0.4379504314427166,0.421052664518,0.4317485560927216,0.42138409223483686
10920.417,1.2110612608273903,3.6817873572275936,2.4888325444404815,-0.35455640564952473,0.25795777350112764,0.2133614617970722,1.166450023651123,3.6244983673095703,2.5188636779785156,-0.3420107066631317,0.24557289481163025,0.21052512526512146,0.0006433647034625803,0.07260700331292352,0.030031133538034105,0.43834203909438374,0.42104318738,0.4335682702232365,0.43462876929067074
10920.438,1.2039482981781116,3.6869147035667247,2.4930639167613444,-0.35564813245617405,0.2563673169509557,0.21156861603852706,1.1578997373580933,3.6306376457214355,2.5241267681121826,-0.3420107066631317,0.24557289481163025,0.21052512526512146,0.0027073155421871234,0.07266531246662312,0.031062851350838194,0.43829165206233545,0.42104318738,0.4359243281965749,0.4367694619820204
10920.457,1.1968243534362901,3.6920038605491383,2.4972716579398817,-0.35619723708329654,0.2544578491151274,0.21038705892227186,1.1493431329727173,3.636768102645874,2.5293898582458496,-0.344582736492157,0.24196705222129822,0.21052633225917816,0.004783932812939644,0.07268128531265605,0.0321182003059679,0.43762402850222115,0.421052634716,0.43854292426819685,0.4388708927848921
10920.476,1.1896900443404266,3.6970578037276134,2.501458877443265,-0.3567154547853909,0.2526971589182378,0.20936097516460062,1.1493431329727173,3.636768102645874,2.5293898582458496,-0.344582736492157,0.24196705222129822,0.21052633225917816,-0.003652340659913496,0.07245261707587392,0.027930980802584493,0.43702815704651377,0.421052634716,0.4356790476870646,0.4302121522923829
10920.496,1.182532639722823,3.702078248445365,2.5056583204292293,-0.35787023090491166,0.25102223590492795,0.20997214931272346,1.1493431329727173,3.636768102645874,2.5293898582458496,-0.344582736492157,0.24196705222129822,0.21052633225917816,-0.012088093284982858,0.07225535622637003,0.023731537816620296,0.4370022285516332,0.421052634716,0.4311191144383786,0.42158880334293236
10920.517,1.175339745986562,3.707075276565063,2.5098828643714817,-0.34251874933532267,0.23795371997836598,0.20116875914874055,1.1319940090179443,3.648693323135376,2.5399162769317627,-0.34710702300071716,0.23832279443740845,0.21052762866020203,0.000504804438231532,0.07271210746566126,0.030033412560281025,0.41693687173556515,0.421047538519,0.43615714346800627,0.4357172235248019
10920.537,1.1681112947041057,3.712054710355323,2.5140898719602394,-0.3804448043351435,0.2620754626420634,0.2214214520371653,1.1233164072036743,3.654651403427124,2.5451793670654297,-0.34710702300071716,0.23832279443740845,0.21052762866020203,0.0025583692473168523,0.07276796231353276,0.031089495105190323,0.461839710100333,0.421047538519,0.43132449638756476,0.4360338896383138
10920.556,1.160842389409943,3.717018807426549,2.5182898383690784,-0.36344526470019556,0.24820485355587796,0.20999832043736708,1.1146326065063477,3.660600423812866,2.550442695617676,-0.34960007667541504,0.23465955257415771,0.21052631735801697,0.004587719647968065,0.07278276495166801,0.0321528572485974,0.4399833448717808,0.421052634716,0.43371540900391603,0.4390096593598859
10920.577,1.1535445726543134,3.7219672738907317,2.522483227807486,-0.36489083780670595,0.2474233232262306,0.20966947193487445,1.1146326065063477,3.660600423812866,2.550442695617676,-0.34960007667541504,0.23465955257415771,0.21052631735801697,-0.0039220700018398336,0.07255789939682873,0.027959467810189764,0.4407477448713219,0.421052634716,0.4302806124214697,0.4302949075473977
10920.597,1.1462136245824244,3.7268978480775115,2.5266903664744493,-0.36654740358645177,0.24652870933360777,0.21035693334357422,1.1146326065063477,3.660600423812866,2.550442695617676,-0.34960007667541504,0.23465955257415771,0.21052631735801697,-0.012449255314269596,0.07237213005686641,0.023752329143226447,0.4416240133080927,0.421052634716,0.4250053845096628,0.4216579123286289
10920.617,1.1388517422612567,3.731809924045266,2.530915144662607,-0.36809411605034703,0.24560379838235583,0.21123890940327392,1.0970364809036255,3.6721575260162354,2.5609688758850098,-0.3520433008670807,0.23096030950546265,0.21052512526512146,5.1522762188317694e-05,0.07284862399816389,0.030053731222402735,0.44239945792879853,0.421042919159,0.4221434379348993,0.43492207731229177
10920.636,1.1314960358518786,3.7366945140820835,2.5351051588276463,-0.36778532046087725,0.24422950183555586,0.20950070824739103,1.0882353782653809,3.677931547164917,2.5662319660186768,-0.3520433008670807,0.23096030950546265,0.21052512526512146,0.002051337765077897,0.07294081703064328,0.031126807191030448,0.4413998370003844,0.421042919159,0.42382856917633055,0.4372183371995414
10920.657,1.1241776731574438,3.7415067530662225,2.53930096939218,-0.36591813471375606,0.240611949201696,0.20979052822211502,1.0794284343719482,3.6836965084075928,2.5714950561523438,-0.3544624149799347,0.22724811732769012,0.21052633225917816,0.004123762343631147,0.0729898167109986,0.032194086760163554,0.43784544901098776,0.421052634716,0.42643054951688186,0.43953647592525336
10920.676,1.1169110301547942,3.746232452298003,2.543520141305085,-0.3633321501575923,0.23628496160536075,0.21095859565982047,1.0794284343719482,3.6836965084075928,2.5714950561523438,-0.3544624149799347,0.22724811732769012,0.21052633225917816,-0.004234443197359796,0.07278570433603772,0.02797491484725878,0.43330622540839336,0.421052634716,0.4239806192200513,0.4310644277105661
10920.696,1.1097095643179387,3.7508770658950565,2.5477888700648093,-0.3600732918349177,0.23223067984760498,0.2134364379815553,1.0794284343719482,3.6836965084075928,2.5714950561523438,-0.3544624149799347,0.22724811732769012,0.21052633225917816,-0.012491154053310357,0.07262331034556913,0.023706186087534498,0.42837254608019826,0.421052634716,0.4205588620691267,0.4226120324746808
10920.716,1.1025640094283564,3.7554482873534307,2.5521241530141276,-0.3572777444713134,0.2285610729137203,0.21676414746118838,1.061592698097229,3.694880962371826,2.582021474838257,-0.3568321466445923,0.22350282967090607,0.21052762866020203,0.00038629499856174254,0.0731224998464464,0.029897321824129186,0.42404373032636544,0.421049505472,0.42434574393367597,0.43621051425129065
10920.737,1.0954631523410634,3.759981607602901,2.5564613888881285,-0.33813605179483736,0.21587239284404028,0.20653504163067882,1.0526717901229858,3.7004685401916504,2.587284564971924,-0.3568321466445923,0.22350282967090607,0.21052762866020203,0.0028029821324525167,0.07324649591850753,0.030823176083795367,0.40111182645995286,0.421049505472,0.4322127474532696,0.439435819014034
10920.757,1.088418645590008,3.7644956856670815,2.560795794138281,-0.37076351320889817,0.23758305600658125,0.22812659211049957,1.0437452793121338,3.7060468196868896,2.59254789352417,-0.3591676950454712,0.21973590552806854,0.21052631735801697,0.0052777555494872355,0.07337659630513937,0.031752099385888854,0.4403273402752537,0.421052604914,0.43470650663149396,0.4400866669658229
10920.776,1.0813728595483658,3.7689908929780294,2.565119234013115,-0.35228930207441966,0.22476036554248793,0.2161719937369687,1.0437452793121338,3.7060468196868896,2.59254789352417,-0.3591676950454712,0.21973590552806854,0.21052631735801697,-0.002762378407109675,0.0732813784153272,0.02742865951105511,0.4178661472135829,0.421052604914,0.43853100400858286,0.432497402917278
10920.797,1.0742419972532369,3.7734648482968596,2.569456466167188,-0.3565431147486643,0.22369776593662785,0.21686160769893306,1.0437452793121338,3.7060468196868896,2.59254789352417,-0.3591676950454712,0.21973590552806854,0.21052631735801697,-0.010862091542358378,0.07319327396803171,0.023091427356981775,0.4208788235815442,0.421052604914,0.43650434361322554,0.42383360857850916
10920.817,1.0669866097505605,3.7779310268293074,2.573811098042193,-0.3627693751259016,0.22330892661751542,0.21773159374549514,1.025678277015686,3.716853141784668,2.603074073791504,-0.36145368218421936,0.2159351110458374,0.21052512526512146,0.001981464586668473,0.07370861681617058,0.029262975749310804,0.42593670679526185,0.421042442322,0.44055547153960345,0.43712401735701184
10920.838,1.0595849067769367,3.7823893211913893,2.5781442392231964,-0.35246204638281886,0.21229973153962536,0.20634005624983176,1.0166419744491577,3.7222514152526855,2.608337163925171,-0.36145368218421936,0.2159351110458374,0.21052512526512146,0.004184802558748861,0.07377771069330406,0.030192924701974544,0.4113681623416981,0.421042442322,0.4469029221961617,0.4397986620201375
10920.857,1.0520682022370809,3.7868347122213706,2.582477960679327,-0.3956160284086187,0.23396794894351794,0.22809060295145528,1.0076000690460205,3.727640390396118,2.613600492477417,-0.363713800907135,0.21212640404701233,0.21052633225917816,0.006297956170589959,0.07376800359182,0.03112253179808988,0.4594786158835297,0.421052664518,0.4469266698072829,0.4396566221200823
10920.876,1.044480908903286,3.7912736307275896,2.586810982272996,-0.3793646666814603,0.22194592530610666,0.21665107967872074,1.0076000690460205,3.727640390396118,2.613600492477417,-0.363713800907135,0.21212640404701233,0.21052633225917816,-0.0021700169205889352,0.07351650597127442,0.026789510204420885,0.43937756605283534,0.421052664518,0.44406141083910383,0.43156534688408066
10920.896,1.0368321829162728,3.795706122834992,2.591160034812623,-0.3824362993423158,0.22162460536528114,0.21745262697659384,1.0076000690460205,3.727640390396118,2.613600492477417,-0.363713800907135,0.21212640404701233,0.21052633225917816,-0.01068770813620503,0.07330234176722494,0.022440457664794078,0.44187189383101605,0.421052664518,0.4391307133348073,0.42261107443271295
10920.917,1.0291290308851102,3.800129148512177,2.5955293333388334,-0.3668167634092825,0.21062027035395942,0.20806183459312996,0.9893093705177307,3.7380642890930176,2.624126672744751,-0.3659230172634125,0.20828458666801453,0.21052762866020203,0.0017969469966522197,0.0737185397846748,0.028597339405917577,0.4228534502957974,0.421048849821,0.4436002920438531,0.4362892987944116
10920.937,1.0213984595067358,3.804537127793594,2.59987462277967,-0.4068721778041934,0.2319989095454381,0.22869944425174762,0.9801613092422485,3.7432713508605957,2.629390001296997,-0.3659230172634125,0.20828458666801453,0.21052762866020203,0.0037438109059649907,0.07375623271995535,0.029515378517327218,0.46823857330296964,0.421048849821,0.4381684369799827,0.43640364080860156
10920.957,1.01365642992414,3.8089173605940845,2.60420790649752,-0.38710147912134263,0.2190116400197329,0.2166641858877718,0.9710079431533813,3.748469114303589,2.634653091430664,-0.3680986762046814,0.20442280173301697,0.21052631735801697,0.005694277216288502,0.07375946793745225,0.030445184933144187,0.44464976984878274,0.421052634716,0.44015458786430545,0.4391628188414012
10920.976,1.005922276454762,3.8132528601558646,2.6085333555219137,-0.3867076734604591,0.2167749780842754,0.2162724512149693,0.9710079431533813,3.748469114303589,2.634653091430664,-0.3680986762046814,0.20442280173301697,0.21052631735801697,-0.002850997072135073,0.07353785564066188,0.026119735908750386,0.44321314217610036,0.421052634716,0.4366174772057841,0.4303720211453874
10920.996,0.9981883784016802,3.817535038673184,2.6128743308950817,-0.38669490268081785,0.21410892588077407,0.2170487686734038,0.9710079431533813,3.748469114303589,2.634653091430664,-0.3680986762046814,0.20442280173301697,0.21052631735801697,-0.011369659493678394,0.07334581659720903,0.021778760535582364,0.44189571510243836,0.421052634716,0.4315496656241341,0.42161882629813185
10921.017,0.9904432580603891,3.8217664286219604,2.617233986214443,-0.3872560170560993,0.2115694974341946,0.2179827659633141,0.9525020122528076,3.75850510597229,2.645179510116577,-0.37022268772125244,0.2005310207605362,0.21052512526512146,0.0011713740620250823,0.0737574468079246,0.027945523902134006,0.44115026439118027,0.421043395996,0.43311489477669796,0.43460745294561987
10921.036,0.9826932434745789,3.825956976403619,2.621574130961137,-0.38750072928205476,0.20952738907835725,0.21700723732995084,0.9432464838027954,3.7635185718536377,2.650442600250244,-0.37022268772125244,0.2005310207605362,0.21052512526512146,0.003206884856759143,0.07378561581274534,0.028868469289107246,0.44039036453316355,0.421043395996,0.4351966468654818,0.4365403629022831
10921.056,0.97491585887156,3.830117552167783,2.6259089099584156,-0.38886923014245733,0.20802878820366244,0.21673894985920622,0.9432464838027954,3.7635185718536377,2.650442600250244,-0.37022268772125244,0.2005310207605362,0.21052512526512146,-0.0052909862588436385,0.07355527826430089,0.024533690291828503,0.440884216117193,0.421043395996,0.4314945558676104,0.42763597745025705
10921.076,0.9671144024036169,3.83425328549859,2.6302161378083775,-0.3900728234241153,0.2067866665546418,0.2153613925129785,0.924631655216217,3.7733492851257324,2.660968780517578,-0.3743666112422943,0.192694291472435,0.21052762866020203,0.007242915599138578,0.0739027823808368,0.03075264270920064,0.44136834151880555,0.421048045158,0.4342549867231887,0.44050254999307326
10921.097,0.9592864471639917,3.838358873242295,2.6345254551812856,-0.3913977619727169,0.20527938718076127,0.21546586864070047,0.924631655216217,3.7733492851257324,2.660968780517578,-0.3743666112422943,0.192694291472435,0.21052762866020203,-0.0012754024428589736,0.07365849917448354,0.026443325336292567,0.4418360174498728,0.421048045158,0.43122968573329407,0.43159881089582974
10921.117,0.9514498867103811,3.842425731412464,2.638847817792108,-0.39182802267197653,0.20334290850401407,0.21611813053640344,0.9152724742889404,3.7781665325164795,2.666232109069824,-0.3743666112422943,0.192694291472435,0.21052762866020203,0.0007387656350318489,0.07373943339625814,0.027384291277716244,0.44132175341805124,0.421048045158,0.4285558132615946,0.4336679334588087
10921.137,0.9436187592158282,3.846452970279434,2.6431747000149617,-0.39155637471910054,0.20136194334410393,0.21634411113796326,0.9059133529663086,3.7829840183258057,2.671495199203491,-0.3743666112422943,0.192694291472435,0.21052762866020203,0.0027776845019154076,0.07377187805214869,0.028320499188529524,0.4401779727094862,0.421048045158,0.4305815570040454,0.435644285490411
10921.157,0.9358034279896956,3.850428111792298,2.6475015346447193,-0.3907665612980973,0.19875707563886932,0.21634173148315677,0.8965492248535156,3.7877917289733887,2.6767585277557373,-0.3763771951198578,0.18874728679656982,0.21052631735801697,0.004855247795118336,0.07376066353647755,0.029256993111018037,0.4382878167028377,0.421052634716,0.4332906943942674,0.43755609036823684
10921.177,0.9279872318267249,3.8543573933055164,2.6518161541059975,-0.3721998173052097,0.18710864349709092,0.2054580695962084,0.8965492248535156,3.7877917289733887,2.6767585277557373,-0.3763771951198578,0.18874728679656982,0.21052631735801697,-0.003572304563910063,0.07352941309794148,0.024942373649739835,0.4164645416209556,0.421052634716,0.4373600686554207,0.4294281484444986
10921.197,0.9201427319453628,3.858245999338892,2.656130691235052,-0.4128684148034751,0.20466347543830118,0.2270809015264013,0.8965492248535156,3.7877917289733887,2.6767585277557373,-0.3763771951198578,0.18874728679656982,0.21052631735801697,-0.012007658899792824,0.07332307902273798,0.02062783652068534,0.46066484126232554,0.421052634716,0.42992430559357564,0.4192956448406172
10921.217,0.9122574674943741,3.862098962324672,2.660421477211203,-0.37548878336896546,0.18347442788870091,0.20432314171524438,0.8776373267173767,3.7970399856567383,2.6872847080230713,-0.37833482027053833,0.1847691833972931,0.21052512526512146,0.0005786995644024052,0.07369457035163458,0.026863230811868366,0.4177685525412564,0.421042621136,0.4348840978809469,0.43364546675814486
10921.238,0.9043471109843961,3.8659199897410224,2.6646761430516466,-0.41633455315163265,0.20110670612123957,0.2239297810732375,0.8681789636611938,3.801659345626831,2.6925477981567383,-0.37833482027053833,0.1847691833972931,0.21052512526512146,0.0026339788888096113,0.07369279081414219,0.02787165510509171,0.4621941069801951,0.421042621136,0.4300442040319054,0.43396672074318754
10921.257,0.8964166508310529,3.8697039859958697,2.6689207017990184,-0.3965230076945683,0.18919981275544664,0.21222793738326157,0.8681789636611938,3.801659345626831,2.6925477981567383,-0.37833482027053833,0.1847691833972931,0.21052512526512146,-0.005836905599668846,0.07343957102730916,0.023627096357719868,0.43918266012562296,0.421042621136,0.4262899133167526,0.4260086244721617
10921.277,0.8884725938261792,3.873446572358171,2.6731423853958725,-0.3972028502350185,0.18712931811098,0.2110841798380946,0.849166989326477,3.8106977939605713,2.7030739784240723,-0.38214120268821716,0.176765576004982,0.21052512526512146,0.006739847554336365,0.07373543375082559,0.02993159302819981,0.4389014626773784,0.421043902636,0.42929045604695565,0.43892263955152044
10921.297,0.8805346371837979,3.8771348068048366,2.677362852912458,-0.3968978321104007,0.1844117223292522,0.21102337582467168,0.849166989326477,3.8106977939605713,2.7030739784240723,-0.38214120268821716,0.176765576004982,0.21052512526512146,-0.0016982205685903348,0.07345013311540266,0.025711125511614252,0.43746025878413775,0.421043902636,0.4267878005552298,0.43011449705037075
10921.317,0.8725767288689418,3.8807691180699013,2.6816453164573275,-0.39789541573411974,0.181715563249271,0.214123177238801,0.8396134376525879,3.8151168823242188,2.7083373069763184,-0.38214120268821716,0.176765576004982,0.21052512526512146,0.00039452235435913363,0.07346181986809709,0.02669199051899085,0.4372081884346682,0.421043902636,0.4286440639881811,0.43208721464859123
10921.337,0.8646040495654609,3.884360711602577,2.685922478182488,-0.3986339652015987,0.17957967664619154,0.21385808627280525,0.8296777606010437,3.8197128772735596,2.713810920715332,-0.38214120268821716,0.176765576004982,0.21052512526512146,0.0029134328289507246,0.07342138689380114,0.02788844253284406,0.4369864587217197,0.421043902636,0.4312584979303247,0.43434819787980583
10921.357,0.8566429233240205,3.8879166545313857,2.6901900201166997,-0.3980563120633317,0.1777971464365584,0.2133770967059299,0.8205018639564514,3.8239452838897705,2.7188634872436523,-0.38398846983909607,0.17273731529712677,0.21052633225917816,0.004614920952680054,0.07332949569291726,0.028673467126952623,0.4357455591406823,0.421052634716,0.43411197597473783,0.43572941035430324
10921.376,0.8486720498299054,3.891435274555601,2.6944661340067526,-0.3985436746970542,0.17593100120692046,0.2138056944979776,0.8205018639564514,3.8239452838897705,2.7188634872436523,-0.38398846983909607,0.17273731529712677,0.21052633225917816,-0.003780207725931465,0.07303539033761391,0.024397353236899733,0.43543254028553535,0.421052634716,0.431463259923626,0.42677632017708395
10921.397,0.840668856420247,3.894931421818266,2.69870857443742,-0.38110444806735083,0.16648320297896657,0.2020209728827724,0.8205018639564514,3.8239452838897705,2.7188634872436523,-0.38398846983909607,0.17273731529712677,0.21052633225917816,-0.012199630973090524,0.0727798623738638,0.02015491280623216,0.4156811728038738,0.421052634716,0.4298077442088774,0.4184689737248445
10921.417,0.8326362970475644,3.898395005567,2.7029446690796783,-0.42276628280806483,0.18229388152754636,0.2229523496111472,0.8012171983718872,3.8323895931243896,2.7293899059295654,-0.38578206300735474,0.1686832755804062,0.21052762866020203,0.000411005275649641,0.07310065189842312,0.026445236849887088,0.46016470776446605,0.421048521996,0.42479866400763094,0.43005888686771476
10921.437,0.8245708342845588,3.9018209466578684,2.707166920044136,-0.403273138141476,0.17129705453967878,0.21111254821827224,0.791572630405426,3.836606740951538,2.7346529960632324,-0.38578206300735474,0.1686832755804062,0.21052762866020203,0.0024850857505906813,0.07304518077168806,0.027486076019096473,0.4379110000486486,0.421048521996,0.4270632589513968,0.43272249965295356
10921.456,0.8165080063068616,3.905208702731871,2.7113660216856506,-0.40314139887606004,0.16938780369642992,0.20995508207114724,0.7819238305091858,3.8408138751983643,2.7399163246154785,-0.38753968477249146,0.16461563110351562,0.21052631735801697,0.004574974978937819,0.0729508645090427,0.028550302929827964,0.4370513489977806,0.421052634716,0.4298670677828891,0.43457216660203263
10921.476,0.8084738655410046,3.9085474097889805,2.715588763108475,-0.4017070382840794,0.16693535285183572,0.21113707113661215,0.7819238305091858,3.8408138751983643,2.7399163246154785,-0.38753968477249146,0.16461563110351562,0.21052631735801697,-0.0038127694282991224,0.0726512137380763,0.024327561507003548,0.4347877669778135,0.421052634716,0.4272928587640739,0.4257526838410459
10921.496,0.8004654104916612,3.911844484056738,2.7198289465260723,-0.40042275249485004,0.16485371339927518,0.21200917089452212,0.7819238305091858,3.8408138751983643,2.7399163246154785,-0.38753968477249146,0.16461563110351562,0.21052631735801697,-0.012161066610655656,0.07239645047879785,0.020087378089406194,0.4328192503379358,0.421052634716,0.4233116410157212,0.416995050562385
10921.517,0.7924528326257334,3.9151016901301166,2.7240856887283313,-0.3815513269373092,0.15510505110852932,0.2027020096252017,0.7624658942222595,3.8488500118255615,2.7504425048828125,-0.38924309611320496,0.16052208840847015,0.21052512526512146,0.0005472225366513796,0.07272002406819847,0.026356816154481155,0.41166951833991644,0.421043366194,0.4291323616995466,0.4307552822440792
10921.537,0.7844368767707263,3.9183204897046986,2.728318046028792,-0.42189241341625844,0.16941050392329468,0.2227556473899433,0.7527347803115845,3.852863073348999,2.7557055950164795,-0.38924309611320496,0.16052208840847015,0.21052512526512146,0.0027447376578128672,0.07267848850284327,0.02738754898768736,0.4544105718343613,0.421043366194,0.42532189076963284,0.4311550456608998
10921.558,0.7764194674085058,3.9215116771554244,2.7325076523804794,-0.3817813981893361,0.15196130717278455,0.1995050643599792,0.7429996132850647,3.8568661212921143,2.7609686851501465,-0.39091911911964417,0.15642106533050537,0.21052633225917816,0.00494815785627041,0.07260475381363027,0.02846103276966705,0.4107244181230114,0.421052604914,0.4322083310509306,0.43471435686745996
10921.576,0.7684033164866026,3.9246685854975416,2.7366847590863563,-0.42190268013538496,0.16615307065162013,0.21984772138029537,0.7429996132850647,3.8568661212921143,2.7609686851501465,-0.39091911911964417,0.15642106533050537,0.21052633225917816,-0.0033601766636109608,0.07232725282678315,0.02428392606379015,0.45324043549893556,0.421052604914,0.42738097970607436,0.4244310294530895
10921.597,0.7603969089548136,3.9277889204770586,2.740878778468749,-0.4003203765807144,0.15601674897244575,0.2097009691150532,0.7429996132850647,3.8568661212921143,2.7609686851501465,-0.39091911911964417,0.15642106533050537,0.21052633225917816,-0.011646135207167636,0.07209075443900542,0.02008990668139754,0.4294664553342796,0.421052604914,0.4237919426759974,0.4164820997137541
10921.618,0.7523683888084862,3.9308871308470197,2.7450871651506987,-0.38231048314679006,0.1475338271365042,0.20039936580102238,0.7233765721321106,3.8644909858703613,2.7714951038360596,-0.3925406336784363,0.15229438245296478,0.21052762866020203,0.0011005084309378271,0.07244144106208436,0.026407938685360843,0.4096265485081601,0.421048372984,0.4297259182460555,0.4303746440822168
10921.636,0.7443563898336729,3.933952909326706,2.749285523380348,-0.4216841565639539,0.16135676208677877,0.2209662226104081,0.713563084602356,3.868298292160034,2.7767581939697266,-0.3925406336784363,0.15229438245296478,0.21052762866020203,0.003352763312923359,0.0724397361987108,0.027472670589378634,0.45133870627297623,0.421048372984,0.43023627088652094,0.4309716674293893
10921.657,0.736375268529706,3.9369872865218496,2.7534811882710324,-0.38005339544832656,0.1444941521578029,0.19979356623428363,0.7037457227706909,3.8720955848693848,2.7820215225219727,-0.394125372171402,0.14815708994865417,0.21052631735801697,0.005645055180158429,0.0724137663141832,0.02854033425094027,0.406469593282013,0.421052634716,0.4378912839671971,0.4347165233340539
10921.677,0.7284177984995108,3.9399934848786384,2.7576788702898067,-0.4188142121104047,0.15822096614484196,0.2209306325643638,0.7037457227706909,3.8720955848693848,2.7820215225219727,-0.394125372171402,0.14815708994865417,0.21052631735801697,-0.002555216284620375,0.07219630888192306,0.024342652232165918,0.44758898959933385,0.421052634716,0.433967258064378,0.4245973346738715
10921.697,0.7205041305155413,3.9429683053808846,2.7619011641493274,-0.3956833991898396,0.1487410251090622,0.21111469297142507,0.7037457227706909,3.8720955848693848,2.7820215225219727,-0.394125372171402,0.14815708994865417,0.21052631735801697,-0.010702978680390265,0.07203633104351542,0.020120358372645253,0.42263091491856203,0.421052634716,0.43169575496202917,0.41683465379673634
10921.717,0.7125840391305547,3.945919542867813,2.7661477236560286,-0.3960045692406869,0.1475618743431926,0.21232797533042352,0.6839667558670044,3.879305601119995,2.7925477027893066,-0.39565473794937134,0.14399492740631104,0.21052512526512146,0.002197500541778346,0.07246749014514589,0.026399979133278073,0.4225296461472146,0.421043008566,0.43603970814200343,0.4302737724090686
10921.737,0.7046425517533924,3.948836859751122,2.7703785165783623,-0.39707436884944625,0.14586584416226528,0.21153964611206993,0.6740753650665283,3.8829054832458496,2.7978107929229736,-0.39565473794937134,0.14399492740631104,0.21052512526512146,0.004568764329476928,0.07252879222992249,0.027432276344611317,0.4229411012693531,0.421043008566,0.4408044465796425,0.43251401918210075
10921.757,0.6966948951896523,3.9517303301676834,2.7745747116878894,-0.39738282821447174,0.1446735208380759,0.2098097554908558,0.664180338382721,3.886495351791382,2.8030741214752197,-0.39715686440467834,0.13982753455638885,0.21052633225917816,0.006940637507332512,0.07255774499734338,0.028499409787330343,0.4228314670330666,0.421052634716,0.4460631635649422,0.4347441116065237
10921.776,0.6887044803988345,3.954605258221398,2.7787464960901564,-0.39952073953217215,0.14374640268259167,0.20858922010880018,0.664180338382721,3.886495351791382,2.8030741214752197,-0.39715686440467834,0.13982753455638885,0.21052633225917816,-0.001247307567064853,0.07237981154552145,0.02432762538506328,0.42452895342274655,0.421052634716,0.4494340310357748,0.4261350734793432
10921.796,0.6806520993178368,3.957467910587391,2.7829472213782926,-0.402619054041097,0.143132618296533,0.21003626440222525,0.664180338382721,3.886495351791382,2.8030741214752197,-0.39715686440467834,0.13982753455638885,0.21052633225917816,-0.009488091799723885,0.07223848783271017,0.02012690009692708,0.42724210240052746,0.421052634716,0.4467653831832529,0.4175540696993407
10921.817,0.6725290384238404,3.9603364297880357,2.7871853373099214,-0.38681242354534906,0.1365961524193132,0.20181504437459932,0.6438551545143127,3.893423080444336,2.8138108253479004,-0.39860299229621887,0.1356360912322998,0.21052762866020203,0.0036706231402593367,0.07270567009945829,0.02662548803797904,0.4101765226284659,0.421048104763,0.45346528247437207,0.4320260515992625
10921.837,0.6643506270284648,3.9631895903359453,2.7914441314270815,-0.40892056975985225,0.14265802739236746,0.21293970585335822,0.6342886686325073,3.8966784477233887,2.8188636302948,-0.39860299229621887,0.1356360912322998,0.21052762866020203,0.0054220479062600906,0.07278773818941173,0.027419498867718328,0.4330450228263978,0.421048104763,0.4569938191800761,0.4329973647090906
10921.857,0.6561057429155365,3.966012820433315,2.795701014193451,-0.43394126909617403,0.14859105775448672,0.22404646138512796,0.6243201494216919,3.9000589847564697,2.824126720428467,-0.40001243352890015,0.13143593072891235,0.21052631735801697,0.007542343901219099,0.07282407186308663,0.028425706235015724,0.45861812389781753,0.421052664518,0.45736463987210435,0.43409196349538404
10921.876,0.6478041676688768,3.968807655607339,2.7999488403415507,-0.4150787623239218,0.13974175869814484,0.21239130740034387,0.6243201494216919,3.9000589847564697,2.824126720428467,-0.40001243352890015,0.13143593072891235,0.21052631735801697,-0.0009065398432628394,0.07264335511461363,0.024177880086916126,0.437907938181734,0.421052664518,0.4550582399372843,0.426234319904816
10921.897,0.6394489868645038,3.9715669737749355,2.804193133600296,-0.4177590402095327,0.13796590837681086,0.21221466293262792,0.6243201494216919,3.9000589847564697,2.824126720428467,-0.40001243352890015,0.13143593072891235,0.21052631735801697,-0.009395746881815,0.07248444078813683,0.019933586828170924,0.439876699014515,0.421052664518,0.450646678860836,0.41758158115491173
10921.917,0.6310088863544541,3.9743142378559106,2.8084487551945134,-0.4220050255316562,0.1373632040582519,0.21278107972558533,0.6042552590370178,3.9064300060272217,2.834652900695801,-0.4013654589653015,0.12721265852451324,0.21052512526512146,0.003083475324440074,0.0729007385801751,0.026204145501287357,0.4437226518644625,0.421043097973,0.4522119989288012,0.4305619429670562
10921.937,0.6225283219624171,3.977062550838057,2.8127100275183476,-0.4240282195925907,0.13741564910432025,0.21306361618706027,0.5942211151123047,3.9096105098724365,2.839916229248047,-0.4013654589653015,0.12721265852451324,0.21052512526512146,0.0050040013957205545,0.07297969416292746,0.02720620172969923,0.4456852266594171,0.421043097973,0.4538903535576267,0.43259085994259827
10921.957,0.6140046584429788,3.9798045155973334,2.816956750883018,-0.42618317596261435,0.13709823796082493,0.2123361682288719,0.5942211151123047,3.9096105098724365,2.839916229248047,-0.4013654589653015,0.12721265852451324,0.21052512526512146,-0.0036391537338657798,0.07283778954996373,0.022959478365029096,0.4476516823756746,0.421043097973,0.4493357248416921,0.4239716091679947
10921.976,0.6054297296626813,3.982546116845996,2.821204037621194,-0.4287464390055179,0.1370800624301448,0.21236433690417472,0.574087917804718,3.915759325027466,2.850442409515381,-0.4039590656757355,0.11873950064182281,0.21052762866020203,0.008713397579056238,0.07325886591110302,0.029238371894186876,0.4501002298956907,0.421048671007,0.4510592418449236,0.4369130610619081
10921.996,0.5968438996877051,3.9852644777817448,2.8254659888994302,-0.42929149877848055,0.1359180467968259,0.2130975639265423,0.574087917804718,3.915759325027466,2.850442409515381,-0.4039590656757355,0.11873950064182281,0.21052762866020203,2.0064865317557384e-05,0.0731354945854314,0.024976420615950623,0.4502739175198679,0.421048671007,0.44709782387721136,0.4283849157021262
10922.017,0.5882184389121199,3.9879465123996143,2.8297374579477985,-0.41073622739629756,0.12771593418036944,0.2034032880113355,0.5639889240264893,3.9187278747558594,2.855705738067627,-0.4039590656757355,0.11873950064182281,0.21052762866020203,0.0018228282908734454,0.07331416292826667,0.025968280119828435,0.430111196849212,0.421048671007,0.4504937761221631,0.4313744412212487
10922.037,0.5795978129557423,3.990585795976491,2.8340149610973935,-0.4537171555932601,0.1389096619391887,0.22513174471276556,0.5538899302482605,3.921696424484253,2.860968828201294,-0.4039590656757355,0.11873950064182281,0.21052762866020203,0.0036450854521769133,0.0734394586713681,0.026953867103900464,0.4744791079423394,0.421048671007,0.44387445483697674,0.43195354079861736
10922.058,0.5710042032915716,3.9931675589013915,2.8383015027524046,-0.40921950780517374,0.1229410916581711,0.20412103118478012,0.543787956237793,3.924654483795166,2.866231918334961,-0.4051903486251831,0.11448179185390472,0.21052631735801697,0.005511758674617059,0.07351452972383349,0.027930415582556378,0.4272601291519789,0.421052604914,0.44825647429677856,0.43572329463776704
10922.076,0.5624066041276904,3.99569574475002,2.8425614804622743,-0.452505219189421,0.13306241309681097,0.22420935316975663,0.543787956237793,3.924654483795166,2.866231918334961,-0.4051903486251831,0.11448179185390472,0.21052631735801697,-0.003135969609785145,0.0733735681421459,0.023670437872686634,0.4716235570486587,0.421052604914,0.4410552487503275,0.4256377278219806
10922.097,0.5538345908497476,3.9981786402847925,2.8468576498801936,-0.4081911084610196,0.1182331206998549,0.20457949608515894,0.543787956237793,3.924654483795166,2.866231918334961,-0.4051903486251831,0.11448179185390472,0.21052631735801697,-0.011744344285126143,0.07327214226327519,0.019374268454767307,0.4249346631085649,0.421052604914,0.43815153288744724,0.41846453591447474
10922.117,0.5452656160848413,4.000607583068659,2.851144426643373,-0.42844873823596624,0.12144713919065825,0.2143388381542998,0.5234726667404175,3.930175304412842,2.876758337020874,-0.40636447072029114,0.11020635813474655,0.21052512526512146,0.0007096487103139884,0.07372336750642372,0.025613910377500826,0.44528366227400185,0.421043366194,0.4350438790881041,0.43104943641333093
10922.137,0.5367130820771923,4.002986763304009,2.8553545008483527,-0.45013336881811516,0.12522001238533673,0.22158285289094473,0.5133135318756104,3.9329304695129395,2.882021427154541,-0.40636447072029114,0.11020635813474655,0.21052512526512146,0.002667412734198262,0.07381265581648228,0.026666926306188277,0.4671740028861068,0.421043366194,0.4295519971017771,0.43247004630031416
10922.157,0.5281771721984723,4.0053062385860905,2.859547881775741,-0.42679549392668364,0.11597376410152889,0.2096690463648329,0.5031515955924988,3.9356753826141357,2.887284517288208,-0.40751051902770996,0.10592678189277649,0.21052633225917816,0.004657100310870632,0.07384474933631396,0.027736635512467078,0.44220993996667785,0.421052604914,0.43167450030646354,0.4354646828480702
10922.176,0.5196575880800736,4.007558004588908,2.86371831856105,-0.42597920594937955,0.11258830014867456,0.20852183927986534,0.5031515955924988,3.9356753826141357,2.887284517288208,-0.40751051902770996,0.10592678189277649,0.21052633225917816,-0.003845441869610614,0.07365304954172217,0.02356619872715804,0.44052328240299016,0.421052604914,0.4283191418902635,0.42695925833943166
10922.196,0.5111446886348431,4.009749045088499,2.867885539501077,-0.4256449722522332,0.10955202497716213,0.20836104699680053,0.5031515955924988,3.9356753826141357,2.887284517288208,-0.40751051902770996,0.10592678189277649,0.21052633225917816,-0.012326735137904507,0.07347685764640095,0.019398977787131066,0.43941271497576295,0.421052604914,0.42341252474555685,0.41846768235662446
10922.216,0.5026105546972705,4.011880932912305,2.872106584465831,-0.4267066968693174,0.10659439118796885,0.2110522482330907,0.4827243685722351,3.940767288208008,2.897810935974121,-0.40859898924827576,0.10162810981273651,0.21052762866020203,0.00023543222239526956,0.07384142085169586,0.025704351508290202,0.43968520892848706,0.421047985554,0.4209988376235692,0.4315251669280035
10922.236,0.49408873629546757,4.013968820715364,2.876328523688473,-0.4260909200808435,0.10439439015067223,0.21109696112749896,0.47250938415527344,3.943308115005493,2.903074026107788,-0.40859898924827576,0.10162810981273651,0.21052762866020203,0.002299872200941175,0.07384655955470679,0.02674550241931506,0.43855612969363783,0.421047985554,0.42315947043496904,0.4335854526064292
10922.258,0.48556497539326116,4.015997381426843,2.880537177805564,-0.4261880451397794,0.10142803558092475,0.21043270586909177,0.4622918367385864,3.945838212966919,2.908337354660034,-0.40965011715888977,0.09732472151517868,0.21052631735801697,0.00437649031662149,0.07378884898367895,0.027800176854470227,0.4379266009290363,0.421052634716,0.42582537683363986,0.4354973338934821
10922.276,0.4770328023405829,4.017967042878908,2.8847412862694757,-0.4266086526246022,0.09848307260112293,0.210205423190998,0.4622918367385864,3.945838212966919,2.908337354660034,-0.40965011715888977,0.09732472151517868,0.21052631735801697,-0.004065970834940107,0.07350736053295148,0.0235960683905585,0.4376318942980725,0.421052634716,0.4228275899085224,0.4266740324060398
10922.296,0.4684829466749483,4.0198845973793675,2.888937988804644,-0.42749278327239865,0.09587772502088195,0.20983512675382618,0.4622918367385864,3.945838212966919,2.908337354660034,-0.40965011715888977,0.09732472151517868,0.21052631735801697,-0.012515205368031836,0.07324320119571656,0.01939936585539037,0.4378878979596035,0.421052634716,0.41809102182526714,0.4178841480987917
10922.317,0.4598911694286665,4.021751092445143,2.8931325037877462,-0.42958886230471277,0.09332475328674446,0.2097257491505429,0.44176214933395386,3.9504990577697754,2.918863534927368,-0.41064319014549255,0.09300203621387482,0.21052512526512146,5.0610441429257275e-05,0.07352218205111655,0.02573103113962194,0.43934679719016156,0.421043008566,0.415557101716985,0.4307394579085583
10922.337,0.4512583088210689,4.023581939335709,2.8972524408227565,-0.41108860038486456,0.08718318526992558,0.196187477868642,0.4314960837364197,3.952824115753174,2.924126625061035,-0.41064319014549255,0.09300203621387482,0.21052512526512146,0.0020577677253372784,0.0734369166728972,0.026874184238278698,0.41996912091341665,0.421043008566,0.42026391849393185,0.4333627178585267
10922.357,0.44263303602136717,4.025374117477562,2.9013497027617046,-0.4539617262945271,0.0943251653595433,0.2156453652051524,0.4212276339530945,3.955138683319092,2.929389715194702,-0.41160812973976135,0.08867963403463364,0.21052633225917816,0.004078921769342058,0.07331145781071892,0.028040012432997585,0.46336763298305406,0.421052634716,0.4155356563621716,0.4336206801705725
10922.376,0.43404267692081966,4.027128277081271,2.9054658256418,-0.4295179550179999,0.08770798018353297,0.20580614400026861,0.4212276339530945,3.955138683319092,2.929389715194702,-0.41160812973976135,0.08867963403463364,0.21052633225917816,-0.004381708706084049,0.07298991413286682,0.023923889552902367,0.43811770192810207,0.421052634716,0.4123904273794796,0.42575789136588904
10922.397,0.4254986950837996,4.028842421808599,2.909590261938533,-0.40685627794093043,0.08162593939406701,0.19640172840988912,0.4212276339530945,3.955138683319092,2.929389715194702,-0.41160812973976135,0.08867963403463364,0.21052633225917816,-0.012789828714957941,0.07271109483396523,0.019799453256168942,0.41472374641741555,0.421052634716,0.4107502654535443,0.41766020146209815
10922.418,0.4170580937208437,4.030531345408279,2.9138066962848534,-0.42203006817696814,0.08444617998983611,0.2108217173305844,0.40019163489341736,3.9594507217407227,2.940126657485962,-0.41251468658447266,0.08434049040079117,0.21052762866020203,0.0003792635913889113,0.07305332746339653,0.026319961201108466,0.43019824827516295,0.421048313379,0.41367276337691056,0.4308206559435134
10922.437,0.4086983767745675,4.032173078146019,2.9179581827399144,-0.439985102430197,0.08640698619578549,0.2184992871057917,0.3902912735939026,3.961474895477295,2.9451794624328613,-0.41251468658447266,0.08434049040079117,0.21052762866020203,0.002269634227343758,0.07301988250221962,0.027221279692946965,0.4481914434509602,0.421048313379,0.41061074450433405,0.43186053499984667
10922.456,0.4004073155860128,4.033770164100156,2.9221296265909222,-0.414553059418687,0.07985429770512864,0.20857219254584092,0.3799763023853302,3.9635727405548096,2.9504425525665283,-0.41338372230529785,0.07999514043331146,0.21052631735801697,0.004658595493011361,0.07296164787642714,0.028312925975606085,0.42199451839951513,0.421052634716,0.41554175623678835,0.43486748682602094
10922.477,0.3921738667325364,4.035332777362511,2.9263343463949822,-0.39206899301073056,0.07441015534794637,0.20022475256818134,0.3799763023853302,3.9635727405548096,2.9504425525665283,-0.41338372230529785,0.07999514043331146,0.21052631735801697,-0.003411868323132809,0.07270930210910062,0.024108206171546076,0.39891452459665006,0.421052634716,0.4224059460396736,0.426855567102317
10922.497,0.3839519621102866,4.036845683705119,2.9305514577963763,-0.4327318222597995,0.07962664961759654,0.2219532316708462,0.3799763023853302,3.9635727405548096,2.9504425525665283,-0.41338372230529785,0.07999514043331146,0.21052631735801697,-0.011461624421106166,0.07248007473634795,0.01989109477015205,0.4398109871098775,0.421052634716,0.4175866944903579,0.41693969508183504
10922.517,0.37567186020658,4.038335995277333,2.9348982686104623,-0.41400509517629286,0.0745155786090634,0.21734054069955866,0.35926857590675354,3.967365264892578,2.9609687328338623,-0.41419413685798645,0.07563573122024536,0.21052512526512146,0.0014891117734991376,0.07282647082821236,0.02607046422339998,0.42048537242089806,0.421043395996,0.4220842995460244,0.43056472595043804
10922.536,0.36732572178572354,4.039797564609815,2.9392101459741533,-0.41730692103371425,0.07307846662252618,0.21559386817984333,0.3489137291908264,3.9692561626434326,2.9662320613861084,-0.41419413685798645,0.07563573122024536,0.21052512526512146,0.003857123897637895,0.07280256491316466,0.02702191541195509,0.4234789291189963,0.421043395996,0.42641020757435016,0.43239174078483933
10922.557,0.35893502887452444,4.041228132325501,2.9434904009872227,-0.4195346455507971,0.07152838578274168,0.21401275064879804,0.3385569751262665,3.9711365699768066,2.9714951515197754,-0.4149760901927948,0.07127528637647629,0.21052633225917816,0.006184842276321862,0.07273128565524486,0.02800475053255269,0.42540675260373245,0.421052634716,0.43116028435885495,0.4341688033927412
10922.577,0.35045458583979383,4.042618412857671,2.94776211180117,-0.40383062072412423,0.06620383486894064,0.20341480067557904,0.3385569751262665,3.9711365699768066,2.9714951515197754,-0.4149760901927948,0.07127528637647629,0.21052633225917816,-0.002093957545234365,0.07243495250315238,0.023733039718605298,0.40902045084273575,0.421052634716,0.43680534840356816,0.4256934595104702
10922.597,0.3419516629511311,4.043978104060222,2.9520177671452608,-0.447522257292554,0.0715626948702327,0.22398186021255367,0.3385569751262665,3.9711365699768066,2.9714951515197754,-0.4149760901927948,0.07127528637647629,0.21052633225917816,-0.010392491657962763,0.07217623646459267,0.019477384374514628,0.4529900176986053,0.421052634716,0.4306673572591146,0.4155890562846267
10922.616,0.3333995053555277,4.04530566050804,2.9562698246864256,-0.4276078797708365,0.06637782238946839,0.21260287705360265,0.3177737891674042,3.974492311477661,2.9820215702056885,-0.41569939255714417,0.06690011918544769,0.21052762866020203,0.0023098142662762045,0.07248005356886389,0.025751745519262847,0.43251690415236244,0.421048223972,0.4336357262660469,0.4290866403186553
10922.637,0.32480094820889827,4.046608309972173,2.96051094787084,-0.4094551022079652,0.062030926861587475,0.2019582468707073,0.3073813021183014,3.9761648178100586,2.9872846603393555,-0.41569939255714417,0.06690011918544769,0.21052762866020203,0.004448396477692374,0.07242887149951191,0.026773712468515676,0.4139316691469248,0.421048223972,0.4399387303725539,0.43164033087306053
10922.657,0.31619672868028537,4.047899287519997,2.9647468128467698,-0.45285365939512956,0.06794618672674815,0.2229402618883197,0.2969871461391449,3.9778265953063965,2.9925477504730225,-0.4163845181465149,0.06252375990152359,0.21052631735801697,0.006582407415549902,0.0723592576529267,0.027800937626252686,0.4577441868771492,0.421052604914,0.4402114561924024,0.4318792683393801
10922.676,0.3075627905684951,4.049164484552225,2.968981815719963,-0.43169690561935214,0.06325985161576954,0.2117501436742979,0.2969871461391449,3.9778265953063965,2.9925477504730225,-0.4163845181465149,0.06252375990152359,0.21052631735801697,-0.0018341499518133193,0.0720942063629279,0.02356593475305946,0.43614695437702133,0.421052604914,0.43782818973832205,0.42384538172496083
10922.696,0.29894935451750937,4.050403942900131,2.973245883152895,-0.43067180253988663,0.06197291739391715,0.21320337164195485,0.2969871461391449,3.9778265953063965,2.9925477504730225,-0.4163845181465149,0.06252375990152359,0.21052631735801697,-0.010226063184562486,0.07188010348634151,0.019301867320127286,0.4349671766456725,0.421052604914,0.433920007534062,0.4151281584706391
10922.716,0.2903205128803442,4.051602242309599,2.9775347812278965,-0.43144208184884014,0.05991497047211028,0.21444490374538533,0.27613818645477295,3.9807443618774414,3.0030741691589355,-0.41701042652130127,0.058133434504270554,0.21052512526512146,0.002419179187224875,0.07222274693086309,0.025539387931039048,0.4354344524446002,0.421042978764,0.43649286848979907,0.4280916595748764
10922.737,0.2817002320398202,4.052762137996804,2.981783391872205,-0.43101404201679283,0.05799478435897207,0.21243053221078717,0.2657129168510437,3.9821975231170654,3.0083372592926025,-0.41701042652130127,0.058133434504270554,0.21052512526512146,0.004554659051044782,0.07220951600031539,0.02655386742039756,0.4347506160793771,0.421042978764,0.439590544320361,0.4300798988342246
10922.757,0.27310796213975463,4.053879816962712,2.986030804050757,-0.42961349503297375,0.055883948299272665,0.2123706089422828,0.25528618693351746,3.983640193939209,3.0136003494262695,-0.41760846972465515,0.053744614124298096,0.21052633225917816,0.006723981542808562,0.07215267414446554,0.027569545375512483,0.4330841459687901,0.421052634716,0.443356578954241,0.4320121680278519
10922.776,0.2645272558280032,4.054953939957946,2.990259748709779,-0.4290353155782076,0.05370614976055076,0.21144723294648535,0.25528618693351746,3.983640193939209,3.0136003494262695,-0.41760846972465515,0.053744614124298096,0.21052633225917816,-0.0016155177745818972,0.07189184813216049,0.023340600716490467,0.4322283974004595,0.421052634716,0.4415590092161025,0.42322146171088815
10922.797,0.2559388063189743,4.055980383789514,2.9944882744360775,-0.42942247544207024,0.05132219157725322,0.2114262863103047,0.25528618693351746,3.983640193939209,3.0136003494262695,-0.41760846972465515,0.053744614124298096,0.21052633225917816,-0.009957649334329903,0.07165454765313188,0.019112074990192074,0.4323070813010604,0.421052634716,0.4378952963658016,0.4144548057997831
10922.817,0.24732167975873431,4.056959755879792,2.9987518891715412,-0.4308563280025951,0.0489686045128193,0.21318073676853533,0.23438018560409546,3.9861183166503906,3.0241267681121826,-0.4181470572948456,0.04934301599860191,0.21052762866020203,0.0027250229099392686,0.0719622542253074,0.025374878940641388,0.4334392624992187,0.421048343182,0.4406572124006203,0.4273824974109849
10922.837,0.23867540736463866,4.057905660636861,3.0029920141795285,-0.41172725688480766,0.04504308367248136,0.20191071467739571,0.22392649948596954,3.987351894378662,3.0293898582458496,-0.4181470572948456,0.04934301599860191,0.21052762866020203,0.004859951741546048,0.07191484607436649,0.026397844066321063,0.4140019463262516,0.421048343182,0.4470208215437342,0.42996375111887253
10922.857,0.2300181253533697,4.058820401158315,3.007222645575479,-0.4556464216401504,0.04814423797070909,0.22266481031044869,0.21347160637378693,3.988574743270874,3.0346531867980957,-0.41864731907844543,0.04494154825806618,0.21052631735801697,0.006986835901211446,0.07182912965135163,0.02743054122261679,0.45798888295447665,0.421052634716,0.44732349299176216,0.4301875919864895
10922.876,0.22135960195893384,4.0596985370985035,3.0114520924101895,-0.4329261697123439,0.04390679700844919,0.2114723417309142,0.21347160637378693,3.988574743270874,3.0346531867980957,-0.41864731907844543,0.04494154825806618,0.21052631735801697,-0.0014086927967129712,0.0715459999398354,0.023201094387906185,0.4349631393054497,0.421052634716,0.4451756340918827,0.422156037027719
10922.897,0.2126761782633348,4.060541728927545,3.015680959522765,-0.4341711847704753,0.042159591451142016,0.21144335562415556,0.21347160637378693,3.988574743270874,3.0346531867980957,-0.41864731907844543,0.04494154825806618,0.21052631735801697,-0.009826692134693282,0.07129737619349186,0.018972227275330766,0.4360284779106086,0.421052634716,0.4411823892731361,0.41333264908161194
10922.917,0.20396255522014678,4.061354525124765,3.0199180746377046,-0.4356811521895156,0.04063980986380744,0.21185575576162516,0.19251829385757446,3.990612268447876,3.0451793670654297,-0.41908809542655945,0.04053115472197533,0.21052512526512146,0.002773340032852083,0.07160828571426531,0.025261292427725124,0.4373927036594611,0.421043485403,0.4435346492476591,0.4262378145293575
10922.937,0.19521142407548245,4.062135801581908,3.0241320553686,-0.43755655722366565,0.03906382285631335,0.2106990365401823,0.18204109370708466,3.9916255474090576,3.0504424571990967,-0.41908809542655945,0.04053115472197533,0.21052512526512146,0.004816434393812357,0.0715678384839364,0.026310401830496488,0.439119460056766,0.421043485403,0.44605439384883755,0.42809389006268533
10922.959,0.1864407476143135,4.062893955574605,3.0283568259455182,-0.398667111856021,0.034461545121272225,0.19203502621618082,0.17156288027763367,3.9926280975341797,3.0557055473327637,-0.4195006191730499,0.03611866012215614,0.21052633225917816,0.006842964843835455,0.07149696199693448,0.027348721387245423,0.4000078641421018,0.421052634716,0.4553049618220842,0.4313480157242825
10922.976,0.17766600962011705,4.063624324247218,3.032574092322968,-0.4874854441212369,0.040576037367335734,0.23429257652459723,0.17156288027763367,3.9926280975341797,3.0557055473327637,-0.4195006191730499,0.03611866012215614,0.21052633225917816,-0.001657686814637494,0.07123878486951359,0.023131455009795854,0.4890062025821199,0.421052634716,0.4464986325905067,0.41959168003895
10922.996,0.1688453536041299,4.064309436196938,3.0367940248197773,-0.4410328008298432,0.03425559748834486,0.2109966248550604,0.17156288027763367,3.9926280975341797,3.0557055473327637,-0.4195006191730499,0.03611866012215614,0.21052633225917816,-0.01020098031385848,0.07100379753465659,0.018911522512986334,0.4421965115388918,0.421052634716,0.4415562243654958,0.4122751078930018
10923.016,0.1599885959310272,4.06497156409907,3.0410242309962676,-0.44283788364546767,0.03310639510586311,0.21151030881989724,0.1505710929632187,3.9942238330841064,3.0662319660186768,-0.41985321044921875,0.03169765695929527,0.21052762866020203,0.0022669184780443946,0.07133576863347138,0.02520773502240914,0.44392418602443917,0.421048045158,0.44288433317095993,0.42514062000112174
10923.037,0.15110559597257303,4.065606494299857,3.045207838378535,-0.4441499979130141,0.0317465100386725,0.20918036910880494,0.14007475972175598,3.99501633644104,3.071495294570923,-0.41985321044921875,0.03169765695929527,0.21052762866020203,0.004186347895540582,0.07132407886697537,0.026287456192387815,0.44514365658499283,0.421048045158,0.44450438459367675,0.42708279876841004
10923.057,0.14220546365221862,4.066209325918855,3.0493719137211945,-0.44500661600800717,0.030141580949258222,0.20820376712843042,0.1295776665210724,3.995797872543335,3.07675838470459,-0.4201679527759552,0.027279673144221306,0.21052631735801697,0.006089941373769606,0.07127514742813582,0.027386470983395306,0.4458913812202663,0.421052604914,0.4462340368202216,0.42896799128878976
10923.077,0.1333215797686856,4.066787622821737,3.0535187936068793,-0.44419419420735373,0.028914845146088792,0.20734399429856895,0.1295776665210724,3.995797872543335,3.07675838470459,-0.4201679527759552,0.027279673144221306,0.21052631735801697,-0.002514859365332066,0.07104390905185426,0.023239591097710566,0.44501585023487233,0.421052604914,0.44225193610011154,0.42036586915054375
10923.097,0.12443468622017265,4.067318488021862,3.0576809220171226,-0.44434467741594913,0.026543260005682676,0.2081064205076238,0.1295776665210724,3.995797872543335,3.07675838470459,-0.4201679527759552,0.027279673144221306,0.21052631735801697,-0.011119262924355925,0.07083791835466259,0.01907746268746724,0.44500591800766404,0.421052604914,0.4367283514259664,0.4117731908999112
10923.117,0.11553347009493892,4.067808486190053,3.061852111975683,-0.44506080625197175,0.02449990840900175,0.20855949792346568,0.10855715721845627,3.9969515800476074,3.087284564971924,-0.42042264342308044,0.022852348163723946,0.21052512526512146,0.0013099628356729488,0.07118745736995438,0.025432452996240862,0.4455981505185981,0.421043276787,0.43377909618607413,0.42476112901601115
10923.137,0.10662817777384398,4.06825982252483,3.0659933760522424,-0.4452646160450277,0.02256681673835228,0.2070632038234532,0.09804659336805344,3.9975228309631348,3.09254789352417,-0.42042264342308044,0.022852348163723946,0.21052512526512146,0.003214500091882129,0.07118309177938482,0.026554517471927497,0.44569723290424845,0.421043276787,0.4350447451125748,0.4268116352381331
10923.156,0.0977676862371448,4.068669938548647,3.070112147322248,-0.4430245768252889,0.020505801190392293,0.20593856349579007,0.08753547072410583,3.9980833530426025,3.097810983657837,-0.4206491708755493,0.01842869259417057,0.21052633225917816,0.005164816801776553,0.07113711376708674,0.027698836335588783,0.44335776701969365,0.421052664518,0.4370295714566052,0.4288947060393267
10923.177,0.08898090590518673,4.069042976726049,3.074224183880508,-0.43933901662827113,0.018651908871404613,0.20560182792721604,0.08753547072410583,3.9980833530426025,3.097810983657837,-0.4206491708755493,0.01842869259417057,0.21052633225917816,-0.0033346697052847145,0.0708959621848501,0.023586799777328693,0.43959802151450095,0.421052664518,0.43382582374378187,0.42042020280150605
10923.198,0.08025757129826172,4.069375334594003,3.078358606117603,-0.43616673033672987,0.016617893397345183,0.2067211118502229,0.08753547072410583,3.9980833530426025,3.097810983657837,-0.4206491708755493,0.01842869259417057,0.21052633225917816,-0.011768430623045962,0.07068959254549781,0.01945237754023399,0.43634512127770675,0.421052664518,0.42937920398211005,0.4119615876638114
10923.217,0.07158079538648249,4.069670504303707,3.0824961617661204,-0.4338387955794919,0.014758485484855739,0.20687778242135815,0.06649534404277802,3.9987943172454834,3.108337163925171,-0.4208105504512787,0.013997531495988369,0.21052512526512146,0.00089047729264551,0.07105281667515179,0.025841002159050497,0.4339531148781632,0.421043276787,0.43194161275419374,0.4252742444801574
10923.237,0.06292585942098305,4.069931564932134,3.08661861647472,-0.4327467982655257,0.013053031421099,0.20612273542547072,0.05597507953643799,3.9991443157196045,3.113600254058838,-0.4208105504512787,0.013997531495988369,0.21052512526512146,0.003050778329314236,0.07106223148526646,0.02698163758411809,0.4328102676509831,0.421043276787,0.43482482365769215,0.4275183371031581
10923.257,0.05427642233338589,4.070151664084809,3.0907298429073577,-0.4324718544097512,0.0110049576345141,0.20556132164610616,0.0454544872045517,3.999483346939087,3.118863344192505,-0.42094385623931885,0.009569544345140457,0.21052633225917816,0.005217686662537291,0.07102544145246377,0.028133501285147133,0.4324720689025952,0.421052604914,0.43834231014901043,0.42964158241343536
10923.276,0.04563071533157198,4.070335592957806,3.0948224646780886,-0.43228535008125973,0.009196443649605247,0.20463108853207768,0.0454544872045517,3.999483346939087,3.118863344192505,-0.42094385623931885,0.009569544345140457,0.21052633225917816,-0.003136529527166327,0.07078300646889053,0.024040879514416247,0.43224259745602106,0.421052604914,0.43620553883799723,0.42105783106462624
10923.296,0.03697612661119423,4.070482376040937,3.0989530915854226,-0.43272943600944186,0.007339154156422396,0.20653134536219245,0.0454544872045517,3.999483346939087,3.118863344192505,-0.42094385623931885,0.009569544345140457,0.21052633225917816,-0.011497104598587198,0.07057309202242401,0.019910252607082235,0.4326489594361922,0.421052604914,0.43232747819859446,0.412480241973455
10923.317,0.028282702963988243,4.07058798717703,3.1031129525364487,-0.41397255465209243,0.005029101718968971,0.1980886167266447,0.024403821676969528,3.999751091003418,3.129389762878418,-0.4210169315338135,0.00513551477342844,0.21052762866020203,0.0011508999699114562,0.07093368035573144,0.02627681034196927,0.4138595810733887,0.421048253775,0.4378998904960009,0.42636398574470724
10923.337,0.0064793708976835784,4.070784348833422,3.1134687520779964,-1.147543792949341,0.010334824020541577,0.5442687747898612,0.013878397643566132,3.9998795986175537,3.134653091430664,-0.4210169315338135,0.00513551477342844,0.21052762866020203,-0.009389956140730644,0.07066864880296043,0.021184339352667614,1.147380290576411,0.421048253775,0.339345254804906,0.39593968587746187
10923.357,-0.0022153276099531327,4.070772746363355,3.1176170023346357,-0.4347349253723462,-0.0005801235033560052,0.20667787180676694,0.003352884203195572,3.999997138977051,3.139916181564331,-0.4210520386695862,0.000706054619513452,0.21052631735801697,-0.007263340210598068,0.07062177760918704,0.022299179229695376,0.43459591241249074,0.421052634716,0.3358816215746512,0.4170317615801217
10923.376,-0.00994372747179273,4.071117282426253,3.1213959767394006,-0.3864199930835451,0.017226803144533627,0.18821407921345518,0.003352884203195572,3.999997138977051,3.139916181564331,-0.4210520386695862,0.000706054619513452,0.21052631735801697,-0.014730192789745234,0.0708371096717497,0.018520204824930442,0.3866892231723081,0.421052634716,0.33770847532466997,0.41140326931890503
10923.397,-0.017099698585992362,4.071337647901842,3.12537863185147,-0.3407605292372119,0.010493594075347328,0.18895058531116868,0.003352884203195572,3.999997138977051,3.139916181564331,-0.4210520386695862,0.000706054619513452,0.21052631735801697,-0.0216065602931047,0.07099952752446495,0.014537549712861253,0.340885947039163,0.421052634716,0.3450199162848765,0.4049549682832875
10923.417,-0.02415878309106545,4.071385992895915,-3.1538867281582537,-0.3715307634559155,0.0025444733724709987,0.2063130089573692,-0.017698515206575394,3.999821901321411,-3.132742945347921,-0.4210267663002014,-0.003726382041350007,0.21052512526512146,-0.007339571789665055,0.07147926237705389,0.021143782810332468,0.37153396759400964,0.421043246984,0.24786134783124777,0.2934843361714315
10923.438,-0.027653909572661672,4.071350072985984,-3.1519217648902957,-0.16643459435665034,-0.0017104719014194563,0.0935696794237147,-0.02822418324649334,3.9997286796569824,-3.127479616795675,-0.4210267663002014,-0.003726382041350007,0.21052512526512146,-0.00016952893588054912,0.0716234630159038,0.02444214809462064,0.16640804859670702,0.421043246984,0.27706810470613596,0.3032661751209426
10923.456,-0.030739237648330347,4.071416765240316,-3.1501857378143456,-0.16238568819109822,0.003510118648985151,0.09136984610151762,-0.03874972462654114,3.999624729156494,-3.122216526662008,-0.42097359895706177,-0.008157646283507347,0.21052633225917816,0.007393283807991474,0.07185821944094714,0.027969211152337525,0.1624098552333369,0.421052634716,0.30488465716871377,0.3096213436572123
10923.477,-0.033654496963947955,4.071441064520172,-3.1485556629374134,-0.14576296577769873,0.0012149639928084187,0.08150374384483247,-0.03874972462654114,3.999624729156494,-3.122216526662008,-0.42097359895706177,-0.008157646283507347,0.21052633225917816,0.0045950503721590005,0.07185007224825374,0.026339136275405295,0.14576789197993872,0.421052634716,0.3354017864162661,0.307460630769428
10923.497,-0.03967521924442877,4.071400726792876,-3.145260030611228,-0.30103611404484865,-0.0020168863649478674,0.16478161632065189,-0.03874972462654114,3.999624729156494,-3.122216526662008,-0.42097359895706177,-0.008157646283507347,0.21052633225917816,-0.0011887174484679916,0.07177212082566164,0.023043503949220057,0.301026692965168,0.421052634716,0.3498731425577688,0.29866646743399666
10923.517,-0.04552747522019865,4.071281930248972,-3.1421916690767846,-0.292612798782107,-0.005939827195081924,0.15341807671882943,-0.059793002903461456,3.9990060329437256,-3.111690107976095,-0.4208599328994751,-0.01259087584912777,0.21052762866020203,0.01422223074465485,0.07228442960974554,0.030501561100689578,0.2926091882362445,0.421048223972,0.3673537588594964,0.31101331127366194
10923.537,-0.05161521992029772,4.0710196524536615,-3.139213163785709,-0.3043872349983093,-0.013113889765239606,0.148925264550539,-0.07031450420618057,3.9986913204193115,-3.106427017842428,-0.4208599328994751,-0.01259087584912777,0.21052762866020203,0.018871335714712074,0.07228363255964709,0.032786145943280776,0.3044175776202983,0.421048223972,0.38433294588076966,0.3140818030501843
10923.557,-0.05812076055822482,4.070670098368962,-3.1362402337037874,-0.3252770318892551,-0.01747770423461012,0.1486465040928281,-0.08083564043045044,3.998365879058838,-3.101163927708761,-0.420708566904068,-0.01701783388853073,0.21052631735801697,0.023101555193982066,0.07218160461832028,0.03507630599502631,0.3253659201323812,0.421052604914,0.39985395230303855,0.31653700736672186
10923.577,-0.0650287872368637,4.070327344275134,-3.1332776162277662,-0.3454013339558186,-0.01713770469254581,0.14813087381129464,-0.08083564043045044,3.998365879058838,-3.101163927708761,-0.420708566904068,-0.01701783388853073,0.21052631735801697,0.0164046621318457,0.07182754446798141,0.0321136885190052,0.34553189253978384,0.421052604914,0.41244519398761664,0.3108134306027584
10923.597,-0.07231763957256865,4.069982943726517,-3.1303021311189463,-0.3644426167772924,-0.017220027430499486,0.14877425543775022,-0.08083564043045044,3.998365879058838,-3.101163927708761,-0.420708566904068,-0.01701783388853073,0.21052631735801697,0.009326034842406405,0.07151632935454404,0.02913820341018525,0.36461380717515945,0.421052604914,0.42216080802602374,0.30522765820916214
10923.62,-0.07994524252880778,4.06964695681034,-3.127281689805941,-0.33163491112572435,-0.014608126789637934,0.13132353534208271,-0.10228149592876434,3.9972829818725586,-3.0904269854175013,-0.42049670219421387,-0.021448133513331413,0.21052512526512146,0.02336952904139373,0.07203692245735081,0.03685470438843952,0.33181000091706464,0.421043336391,0.43932693652752963,0.3180242386707976
10923.637,-0.08787930817134199,4.069316322183631,-3.1242956227547696,-0.466709743683277,-0.01944909568898492,0.17565100301187575,-0.11237341165542603,3.9967682361602783,-3.085374418889181,-0.42049670219421387,-0.021448133513331413,0.21052512526512146,0.025745243321949485,0.07211357942464343,0.038921203865588616,0.46697632344865647,0.421043336391,0.44112529180050347,0.31580089361137564
10923.657,-0.09608678161206688,4.0689454983535684,-3.121309967396652,-0.41037367202728714,-0.018541191502702798,0.14928276790263093,-0.12288524955511093,3.9962213039398193,-3.080111328755514,-0.4202571213245392,-0.02587037719786167,0.21052633225917816,0.028267896736952746,0.0721657283708279,0.04119863864113782,0.41066530303512994,0.421052634716,0.448617860106363,0.32072935135223807
10923.678,-0.10450921594018867,4.068568983162633,-3.118378984766074,-0.4211217164351979,-0.018825759548071284,0.1465491315390244,-0.12288524955511093,3.9962213039398193,-3.080111328755514,-0.4202571213245392,-0.02587037719786167,0.21052633225917816,0.02005038688383815,0.07190165009339017,0.038267656010559925,0.42144523136922496,0.421052634716,0.45428315601099273,0.3153747648104754
10923.697,-0.11311217542051658,4.0681640618692745,-3.115462143306695,-0.4301479740070063,-0.020246064667486182,0.1458420729657657,-0.12288524955511093,3.9962213039398193,-3.080111328755514,-0.4202571213245392,-0.02587037719786167,0.21052633225917816,0.011649424828822247,0.07166285158779323,0.03535081455118094,0.43053010887515064,0.421052634716,0.457868088430009,0.3101623511970897
10923.717,-0.12184349705280043,4.0677205327543895,-3.1125141690240232,-0.4365660816046632,-0.02217645574376536,0.1473987141303668,-0.1438838392496109,3.9947173595428467,-3.069584910069601,-0.41995692253112793,-0.030295852571725845,0.21052762866020203,0.024153547153199107,0.07233150173351313,0.042929258954422345,0.43702629043302565,0.421048283577,0.46259616162028416,0.3208471772539229
10923.738,-0.13068741718361632,4.067247020556704,-3.1096038524128646,-0.4421960065311423,-0.023675609883760405,0.1455158305547533,-0.15438276529312134,3.99396014213562,-3.064321819935934,-0.41995692253112793,-0.030295852571725845,0.21052762866020203,0.026027185194228294,0.07249152848162806,0.045282032476930745,0.4427270051258429,0.421048283577,0.46703542433757594,0.32351271138172877
10923.757,-0.1396283382704821,4.066741943327756,-3.1066528441705117,-0.4470460543741897,-0.025253861449150743,0.14755041212784634,-0.15438276529312134,3.99396014213562,-3.064321819935934,-0.41995692253112793,-0.030295852571725845,0.21052762866020203,0.017287886794664368,0.0722219680686758,0.042331024234577797,0.4476553929804801,0.421048283577,0.4697516219401602,0.318316705014096
10923.777,-0.1486707904456364,4.0662035943808235,-3.10369356621256,-0.4521226087478468,-0.026917447346031832,0.14796389789434417,-0.17536239326000214,3.99222469329834,-3.053795401250021,-0.4192211627960205,-0.03912671282887459,0.21052512526512146,0.029475497687723392,0.07291443274299515,0.049898164962539404,0.4528178490243205,0.421043097973,0.4737002488189737,0.32885896432615774
10923.798,-0.15782375612975547,4.065622417348713,-3.1006890936809715,-0.4576482841959631,-0.029058851604878068,0.1502236265761586,-0.17536239326000214,3.99222469329834,-3.053795401250021,-0.4192211627960205,-0.03912671282887459,0.21052512526512146,0.020525358319196448,0.07261913903393387,0.04689369243095065,0.4584537706825202,0.421043097973,0.4758250561516062,0.3235032010283479
10923.819,-0.1670843871271926,4.064993759576195,-3.097553057024452,-0.42093777262943316,-0.028575353297542832,0.14254712075720935,-0.18584291636943817,3.991246461868286,-3.048532311116354,-0.4192211627960205,-0.03912671282887459,0.21052512526512146,0.02198709272554444,0.07284994229256089,0.04902074590809802,0.42178767740830136,0.421043097973,0.48235620589927025,0.3279126924718361
10923.837,-0.17644404539612168,4.064308840299677,-3.094358109519412,-0.5199810149396645,-0.03805107091758868,0.17749708361304092,-0.1963234543800354,3.9902682304382324,-3.043269220982687,-0.4192211627960205,-0.03912671282887459,0.21052512526512146,0.023353210742483175,0.07301938344180664,0.05108888853672511,0.5211977141240822,0.421043097973,0.479090154046757,0.325649771918214
10923.859,-0.1859015498300646,4.063555449406784,-3.091101487152909,-0.42988656516273116,-0.03424504058475953,0.14802828938080756,-0.20680294930934906,3.9892795085906982,-3.03800613084902,-0.41879570484161377,-0.04353724792599678,0.21052633225917816,0.024623448191032984,0.07312639525842084,0.053095356303889396,0.43106705168049336,0.421052664518,0.48504019446343616,0.33242649906080896
10923.877,-0.1954183073792056,4.062769787972162,-3.087825289894328,-0.5287087527292006,-0.043647857478941655,0.1820109588097658,-0.20680294930934906,3.9892795085906982,-3.03800613084902,-0.41879570484161377,-0.04353724792599678,0.21052633225917816,0.015317664791532614,0.07277225007361914,0.049819159045308314,0.530290406621962,0.421052664518,0.47742285734898016,0.3221185888832755
10923.897,-0.20498884913796206,4.061945758835456,-3.0845430857710534,-0.47852708792737786,-0.04120145683436099,0.16411020616015454,-0.20680294930934906,3.9892795085906982,-3.03800613084902,-0.41879570484161377,-0.04353724792599678,0.21052633225917816,0.005954478639378513,0.07244459309154014,0.04653695492203358,0.48009782974277576,0.421052664518,0.4725622839294756,0.319078529040517
10923.917,-0.21458162375613024,4.06109757026064,-3.08125826398316,-0.47963873094156245,-0.04240942874376194,0.16424108940603147,-0.22771963477134705,3.9868931770324707,-3.0274797121631067,-0.41830959916114807,-0.047945935279130936,0.21052762866020203,0.017588466515781515,0.07327718030478476,0.05377855182005309,0.48132319090396924,0.421048372984,0.4720484450394974,0.3293951752162094
10923.937,-0.22416160249405775,4.060227120478471,-3.0780259346462513,-0.47899893688592016,-0.043522489107488474,0.161616466841899,-0.2381773740053177,3.985694408416748,-3.0222163836108606,-0.41830959916114807,-0.047945935279130936,0.21052762866020203,0.018722073997577384,0.0734918428368808,0.05580955103539065,0.48079622960250595,0.421048372984,0.47175434559130136,0.3318860119538725
10923.957,-0.23372004997131343,4.05932537048207,-3.0747856568718186,-0.45516416556972583,-0.042940476017776584,0.15429894163494776,-0.24863383173942566,3.984485149383545,-3.0169532934771937,-0.4177863299846649,-0.05234374850988388,0.21052631735801697,0.019876644771229142,0.07367766672025787,0.05783236339462494,0.45701539545949277,0.421052604914,0.4740778326379325,0.3356117523283162
10923.977,-0.24322940860159775,4.058415666604693,-3.0715353690891343,-0.5004925594825153,-0.047879151440301554,0.1710677780339208,-0.24863383173942566,3.984485149383545,-3.0169532934771937,-0.4177863299846649,-0.05234374850988388,0.21052631735801697,0.01056630161667025,0.07337085549579453,0.05458207561194062,0.5026163874085541,0.421052604914,0.468002617753535,0.32782554123100816
10923.997,-0.25270803867694835,4.057488595509177,-3.06832331753661,-0.45136333694679176,-0.04414624264609888,0.15295483584308348,-0.24863383173942566,3.984485149383545,-3.0169532934771937,-0.4177863299846649,-0.05234374850988388,0.21052631735801697,0.0012808536121866271,0.07310582550256862,0.05137002405941615,0.45338400297155657,0.421052604914,0.46498431350983216,0.3250740395908805
10924.017,-0.26215663523634936,4.056560200486423,-3.0650628740839747,-0.49729455575185344,-0.04886289593382768,0.17160228697869176,-0.26949542760849,3.981659173965454,-3.0064271132098597,-0.4172026515007019,-0.05673867091536522,0.21052512526512146,0.01304387723767731,0.07412070502892364,0.05863576087411504,0.49957480471820676,0.421043157578,0.46220664045172016,0.33341601801384596
10924.038,-0.27155207032176165,4.0556453608499385,-3.0618273401209164,-0.4474016707202777,-0.0435637922122262,0.154073045855222,-0.280342698097229,3.9801838397979736,-3.000953261052267,-0.4172026515007019,-0.05673867091536522,0.21052512526512146,0.014775508426057325,0.07452114228133161,0.0608740790686495,0.4494503233601788,0.421043157578,0.4645776506585345,0.3393841909216723
10924.058,-0.28089593315893613,4.05471131297165,-3.05856760738172,-0.467193141848526,-0.04670239391342456,0.16298663695625887,-0.29035407304763794,3.978811502456665,-2.9959006945239466,-0.41659191250801086,-0.0611269474029541,0.21052633225917816,0.01571990851457499,0.0748540053882103,0.06266691285777348,0.46945686373269835,0.421052634716,0.4650125167768653,0.34064702498092464
10924.077,-0.29020435693716357,4.053732021397066,-3.0552375393626034,-0.4899170410002381,-0.05154166182451837,0.1752667378628746,-0.29035407304763794,3.978811502456665,-2.9959006945239466,-0.41659191250801086,-0.0611269474029541,0.21052633225917816,0.006610890126451626,0.07462843094256125,0.059336844838656866,0.4925368261009928,0.421052634716,0.45937542825440675,0.3340679705212023
10924.098,-0.2994645683706919,4.052712337105056,-3.051888052702288,-0.4630105716663106,-0.050984214599345115,0.1674743330121268,-0.29035407304763794,3.978811502456665,-2.9959006945239466,-0.41659191250801086,-0.0611269474029541,0.21052633225917816,-0.002453506579164006,0.07441985482535067,0.05598735817834122,0.46571630439905914,0.421052634716,0.4547915118174651,0.33032471785722106
10924.118,-0.3087114011564949,4.05164624300679,-3.048498147115631,-0.44032537073909916,-0.05076638563020193,0.16142407555015625,-0.31115177273750305,3.9755468368530273,-2.9853742758380335,-0.4159204959869385,-0.06551013886928558,0.21052762866020203,0.009504012480575178,0.07554302599960992,0.06312387127759767,0.4431379373623065,0.421048015356,0.4570572481274502,0.34263846425329353
10924.137,-0.31793656995481795,4.050563256210998,-3.045103298011824,-0.48553519990578825,-0.05699930504098551,0.17867626861925176,-0.32154977321624756,3.9739091396331787,-2.9801111857043665,-0.4159204959869385,-0.06551013886928558,0.21052762866020203,0.010981231301361714,0.0759494659970711,0.06499211230745727,0.4887680351801325,0.421048015356,0.4550545169544507,0.34257000928826614
10924.158,-0.32712289755612356,4.049463121577379,-3.0417440287971127,-0.4593163800552546,-0.05500673167975037,0.16796346073188773,-0.33194607496261597,3.9722607135772705,-2.9748480955706995,-0.4152127802371979,-0.06988316029310226,0.21052631735801697,0.012494906372885042,0.07633709554366407,0.06689593322641318,0.46251187227046936,0.421052634716,0.45575430464997413,0.3469557924508309
10924.177,-0.33629509636753363,4.048316728959103,-3.038359132266007,-0.4586099406022034,-0.05731963091776113,0.16924482656699108,-0.33194607496261597,3.9722607135772705,-2.9748480955706995,-0.4152127802371979,-0.06988316029310226,0.21052631735801697,0.003511724009194005,0.07609927238433474,0.06351103669530733,0.462075173026322,0.421052634716,0.4524135899432378,0.3416400328787088
10924.197,-0.3454528697412691,4.047110702328947,-3.034964944049871,-0.45788866867677863,-0.060301331506467576,0.16970941080307986,-0.33194607496261597,3.9722607135772705,-2.9748480955706995,-0.4152127802371979,-0.06988316029310226,0.21052631735801697,-0.005464116950971007,0.07586236054371666,0.06011684847917165,0.4617057744592691,0.421052634716,0.44783448386467434,0.33631204865668957
10924.217,-0.35460831788901925,4.045830051015028,-3.0315952965657416,-0.43597372130814327,-0.060983395899033295,0.16045940400127912,-0.35267022252082825,3.9685590267181396,-2.9643216768847864,-0.41444477438926697,-0.07425051927566528,0.21052512526512146,0.006556096488140728,0.07701678393950723,0.06727361968095513,0.4400333587131652,0.421043485403,0.4500244647487845,0.3487728341330796
10924.237,-0.36373426509353385,4.0445146892404615,-3.0282212095358014,-0.48031301075804017,-0.06922956708160972,0.17758352788940973,-0.3630313277244568,3.966702699661255,-2.9590585867511194,-0.41444477438926697,-0.07425051927566528,0.21052512526512146,0.008104347430348175,0.07739198534698291,0.06916262278468199,0.48506141727021823,0.421043485403,0.44510560303018104,0.34854154845066276
10924.257,-0.37281907369759115,4.043174686008554,-3.024855439031339,-0.454240430234263,-0.06700016160002972,0.16828852523475823,-0.3733905255794525,3.9648358821868896,-2.9537954966174524,-0.41364964842796326,-0.07860828936100006,0.21052633225917816,0.009691859626482379,0.07773906738855946,0.07105994241388647,0.4589525051067499,0.421052604914,0.4457616068289432,0.35297443740278595
10924.278,-0.38186802953219723,4.041810491530397,-3.0214810590483863,-0.4309026587776274,-0.06496164181501136,0.16068476108808394,-0.3733905255794525,3.9648358821868896,-2.9537954966174524,-0.41364964842796326,-0.07860828936100006,0.21052633225917816,0.0008069026756687397,0.07743582804442868,0.06768556243093382,0.4355820203699534,0.421052604914,0.4475698249730432,0.3490586754909974
10924.297,-0.3908754407009669,4.0404215474588225,-3.0181012184000466,-0.4740742720347004,-0.07310231955564071,0.1778863499104321,-0.3733905255794525,3.9648358821868896,-2.9537954966174524,-0.41364964842796326,-0.07860828936100006,0.21052633225917816,-0.008041285036335433,0.07716380489822706,0.0643057217825942,0.4794685981114711,0.421052604914,0.4409124174734813,0.34089011301447786
10924.318,-0.3998685657166201,4.038986975147696,-3.01469330026676,-0.4282440483884745,-0.0683129672003202,0.16228181587989188,-0.39403235912323,3.9606986045837402,-2.9432690779315394,-0.41279423236846924,-0.08295999467372894,0.21052762866020203,0.004118823022307706,0.07839748446137125,0.07142422233522083,0.4334461943101208,0.421048015356,0.44333827184658736,0.35511799790066617
10924.337,-0.40882675522914175,4.03752288355577,-3.011296415939478,-0.47148365854799296,-0.07705745220570821,0.17878338564423144,-0.40435221791267395,3.9586246013641357,-2.9380059877978724,-0.41279423236846924,-0.08295999467372894,0.21052762866020203,0.005814477470994433,0.07881086390039448,0.0732904281416058,0.4774990136643531,0.421048015356,0.43909896067308235,0.3548538818066799
10924.358,-0.4177514073618511,4.036021267425132,-3.007903274684646,-0.4462326066257285,-0.07508080653027421,0.16965706273790948,-0.4146699011325836,3.956540107727051,-2.9327426592456263,-0.4119032025337219,-0.087298683822155,0.21052631735801697,0.007540153395675863,0.07918267812067568,0.07516061543901964,0.4522584514860674,0.421052604914,0.4402370473013814,0.35938756170775976
10924.377,-0.42663683014050185,4.03450640238041,-3.0045146915685974,-0.44427113892283904,-0.07574325223441794,0.16942915579872694,-0.4146699011325836,3.956540107727051,-2.9327426592456263,-0.4119032025337219,-0.087298683822155,0.21052631735801697,-0.0012006514624694226,0.078870203042218,0.07177203232297114,0.4504539070386554,0.421052604914,0.43758413817061226,0.35405035743659896
10924.398,-0.4354668213785507,4.0329882895055436,-3.001082158444744,-0.441499561892805,-0.0759056437416779,0.17162665618893422,-0.4146699011325836,3.956540107727051,-2.9327426592456263,-0.4119032025337219,-0.087298683822155,0.21052631735801697,-0.009885498331586081,0.07860733624599424,0.06833949919911753,0.4477788997462212,0.421052604914,0.4336290522752606,0.34881231795320156
10924.417,-0.44424944102306285,4.031449667991619,-2.997640157649333,-0.4391309822559613,-0.07693107570155806,0.1721000397824466,-0.4352198839187622,3.9519693851470947,-2.9222164789782923,-0.4109519422054291,-0.09163125604391098,0.21052512526512146,0.002465748811945402,0.0799535386667892,0.0754236786710405,0.44562513929929554,0.421043694019,0.43461088029047906,0.3604514734390348
10924.437,-0.4529554187792695,4.029907180757299,-2.9941853843623285,-0.4352988878008298,-0.07712436171432432,0.17273866434644328,-0.4454936683177948,3.949678421020508,-2.9169533888446253,-0.4109519422054291,-0.09163125604391098,0.21052512526512146,0.004402690808368298,0.08045463269755775,0.07723199551770321,0.44190572617976764,0.421043694019,0.4363813816925917,0.36369737827653886
10924.457,-0.46160422926278843,4.028339620721649,-2.9906963412219465,-0.4324405241665084,-0.07837800178076451,0.1744521570152925,-0.45576509833335876,3.9473772048950195,-2.9116902987109583,-0.40997418761253357,-0.09595029801130295,0.21052633225917816,0.006397840758568295,0.08092018203219206,0.0790060425109882,0.4393087088142583,0.421052604914,0.438505712776578,0.3667894116180004
10924.478,-0.4701786186280144,4.026762210455261,-2.987231130554819,-0.4287194682519408,-0.07887051331768517,0.17326053335259667,-0.45576509833335876,3.9473772048950195,-2.9116902987109583,-0.40997418761253357,-0.09595029801130295,0.21052633225917816,-0.002036757371142471,0.08065717757580604,0.07554083184386062,0.4357482317362455,0.421052604914,0.43708063632166483,0.3616131145691289
10924.497,-0.4787201684466719,4.0251648166628184,-2.9837576618034163,-0.4270774909623959,-0.07986968962764587,0.17367343758213669,-0.45576509833335876,3.9473772048950195,-2.9116902987109583,-0.40997418761253357,-0.09595029801130295,0.21052633225917816,-0.01044304203895384,0.08042879249011248,0.07206736309245798,0.4343228288827331,0.421052604914,0.4345984937225381,0.3563208116545656
10924.517,-0.48723453818158075,4.023561245192419,-2.9802474577831073,-0.4257184867361486,-0.08017857351821214,0.17551020101161866,-0.4762144982814789,3.9423749446868896,-2.901163880025045,-0.40893664956092834,-0.10026199370622635,0.21052762866020203,0.002165348146901334,0.08190218517583457,0.07908357775806207,0.4330696606214442,0.421048283577,0.43687035527592644,0.36819943002377
10924.538,-0.49572445372725044,4.021935197070796,-2.9767346553380714,-0.4042816926386112,-0.07743086293206944,0.16727630690137285,-0.4868468642234802,3.939768075942993,-2.8956900278674524,-0.40893664956092834,-0.10026199370622635,0.21052762866020203,0.00472740742266059,0.08250999338800528,0.08104462747061891,0.4115076614580438,0.421048283577,0.4418810482246097,0.37334066635298446
10924.558,-0.5041953721076984,4.020285351999949,-2.973192299057397,-0.42354591901315214,-0.08249225354057603,0.17711781402984542,-0.4966587424278259,3.9373512268066406,-2.890637461339132,-0.40786346793174744,-0.10455948859453201,0.21052631735801697,0.006470201871015804,0.08302413140924224,0.082554837718265,0.43138065599968173,0.421052604914,0.44495851469465003,0.37446382103300213
10924.577,-0.5126568026950478,4.018607651687436,-2.969610422175596,-0.44533845200293476,-0.08830001645541344,0.18851983590000143,-0.4966587424278259,3.9373512268066406,-2.890637461339132,-0.40786346793174744,-0.10455948859453201,0.21052631735801697,-0.0018561755228790298,0.0827955260213391,0.07897296083646399,0.45387986683461035,0.421052604914,0.4419803332731102,0.36724459359696726
10924.597,-0.5211262797009045,4.016881678017406,-2.9659978139774337,-0.4234738502835946,-0.08629868349958969,0.1806304099041796,-0.4966587424278259,3.9373512268066406,-2.890637461339132,-0.40786346793174744,-0.10455948859453201,0.21052631735801697,-0.010197813419062828,0.08258182397760092,0.07536035263830154,0.43203785769339553,0.421052604914,0.43980589045203006,0.36341383234277636
10924.617,-0.5296125627572267,4.015124526780994,-2.9623433957950445,-0.42431415280684576,-0.0878575618186968,0.18272090911547195,-0.5169980525970459,3.931919574737549,-2.880111281071798,-0.40673044323921204,-0.10884737968444824,0.21052512526512146,0.0024222884062377117,0.08412087986944938,0.08223211472324632,0.4331799199717053,0.421043246984,0.44215301869523627,0.3750942758408223
10924.637,-0.5381247208948597,4.013320055492713,-2.9586761751089674,-0.42560790687236305,-0.09022356441209094,0.18336103429985037,-0.5271663069725037,3.9291985034942627,-2.874847952519552,-0.40673044323921204,-0.10884737968444824,0.21052512526512146,0.004525957311831082,0.08471149896403161,0.08382822258941536,0.4349191500723745,0.421043246984,0.444642272970049,0.37792323522614757
10924.658,-0.5466314480261072,4.011489129220866,-2.9549851914874874,-0.4050822443678534,-0.08718696533093075,0.17576112484224693,-0.537331759929657,3.926466941833496,-2.869584862385885,-0.40557199716567993,-0.11312222480773926,0.21052633225917816,0.006635615278431864,0.08527147915159533,0.08540032910160233,0.4142252080426972,0.421052575111,0.44972379799977785,0.382538870400464
10924.678,-0.5551311885953294,4.009632648677465,-2.951284268490161,-0.4473547667956866,-0.09770950228305038,0.19478542090952797,-0.537331759929657,3.926466941833496,-2.869584862385885,-0.40557199716567993,-0.11312222480773926,0.21052633225917816,-0.0017463085664383218,0.08503119934513557,0.08169940610427595,0.4577610978504526,0.421052575111,0.4464434575231471,0.3733739326066869
10924.697,-0.5636066680024183,4.007754051562635,-2.9475747997064214,-0.4237739703451962,-0.0939298557394533,0.18547343918292986,-0.537331759929657,3.926466941833496,-2.869584862385885,-0.40557199716567993,-0.11312222480773926,0.21052633225917816,-0.01010953393855845,0.08482783933293547,0.07798993732053638,0.4339328621450364,0.421052575111,0.44414364134588946,0.36968765827069033
10924.717,-0.5720821717507324,4.0058465695829355,-2.943851879950816,-0.42377518740645354,-0.09537409898290869,0.18614598777619865,-0.5575525164604187,3.9206082820892334,-2.859058443699972,-0.40435364842414856,-0.11738511919975281,0.21052762866020203,0.0024989418560407897,0.08643165986670903,0.08479343625084423,0.4342537280756548,0.421047657728,0.4464494201635393,0.3814648882422841
10924.74,-0.5805648599946824,4.003911533867677,-2.940135518794681,-0.3688125323580213,-0.08413198762276772,0.16158091983737696,-0.5676613450050354,3.9176735877990723,-2.853795353566305,-0.40435364842414856,-0.11738511919975281,0.21052762866020203,0.004613417333174115,0.08707583144437696,0.08634016522837618,0.3781882618242312,0.421047657728,0.45581052480434686,0.3892102016828569
10924.757,-0.5890471291134303,4.001942701977644,-2.936417068458159,-0.49895700699029183,-0.11581364059136913,0.21873237273883275,-0.5777671337127686,3.9147286415100098,-2.848532263432638,-0.40310078859329224,-0.12163491547107697,0.21052631735801697,0.0067255111151424355,0.08768294098472719,0.0878848050255212,0.5120872594484344,0.421052604914,0.4494023475837857,0.380782344221909
10924.778,-0.597560537087332,3.99992078454298,-2.932678675400627,-0.4256703986857968,-0.10109587173098553,0.18691965287252477,-0.5777671337127686,3.9147286415100098,-2.848532263432638,-0.40310078859329224,-0.12163491547107697,0.21052631735801697,-0.001694382843990653,0.08744489189470248,0.08414641196798911,0.43738197484267133,0.421052604914,0.4479499708666253,0.38149723007098224
10924.796,-0.606102217039033,3.9978671885249906,-2.9289130335571922,-0.4270839975757259,-0.1026798008972221,0.1882820921676334,-0.5777671337127686,3.9147286415100098,-2.848532263432638,-0.40310078859329224,-0.12163491547107697,0.21052631735801697,-0.010147784050543344,0.08724630322100795,0.08038077012455425,0.43913492926342285,0.421052604914,0.44532673499320824,0.3757326389308491
10924.817,-0.6146705773359692,3.9957739353159965,-2.9251155077185893,-0.4284180148374583,-0.10466266044742129,0.18987629192600206,-0.597859799861908,3.9084455966949463,-2.838005844746725,-0.4017886519432068,-0.1258728802204132,0.21052512526512146,0.0023388658088522064,0.0889009036642676,0.0871096629718644,0.4408993444022902,0.421044051647,0.44701221926285273,0.38734059753951233
10924.837,-0.6232425063233517,3.9936602659422635,-2.9213221176667705,-0.42859644939874825,-0.10568346869395091,0.18966950260404922,-0.6079045534133911,3.9052987098693848,-2.832742754613058,-0.4017886519432068,-0.1258728802204132,0.21052512526512146,0.0043390741365745,0.08957784227545323,0.08857936305371261,0.44133202731802956,0.421044051647,0.4489557991817591,0.39026747798720035
10924.857,-0.6318033516525026,3.991520408142023,-2.917532040761139,-0.42804226644820237,-0.10699289000970107,0.18950384527744357,-0.6079045534133911,3.9052987098693848,-2.832742754613058,-0.4017886519432068,-0.1258728802204132,0.21052512526512146,-0.00414375922727361,0.08937652415348213,0.08478928614808101,0.44111541487138034,0.421044051647,0.44689887630998204,0.3846378904150167
10924.877,-0.6403599417919084,3.9893500179029973,-2.913731544350197,-0.4278295069609512,-0.10851951194890844,0.19002482054293773,-0.6279258131980896,3.898794412612915,-2.822216574345724,-0.3990541994571686,-0.13430336117744446,0.21052762866020203,0.00834327894443561,0.09102370515308705,0.09151497000447328,0.44128483262609897,0.421048283577,0.44945126541086844,0.3963554760621104
10924.897,-0.6489035453684016,3.987153978617658,-2.909941035445286,-0.42718017881533543,-0.10980196426455668,0.1895254452414161,-0.6279258131980896,3.898794412612915,-2.822216574345724,-0.3990541994571686,-0.13430336117744446,0.21052762866020203,-0.00013132548562706792,0.09081553229031214,0.08772446109956222,0.44097849153616775,0.421048283577,0.45089080558162326,0.3907229901957852
10924.917,-0.657470035391944,3.9849176579189978,-2.906145679501234,-0.42832450120673066,-0.11181603494074996,0.18976779721572834,-0.6379022002220154,3.8954367637634277,-2.816953245793478,-0.3990541994571686,-0.13430336117744446,0.21052762866020203,0.0018459308809784525,0.09157687006717621,0.08919243370775609,0.4425912827493683,0.421048283577,0.45240223609131763,0.39368485964294314
10924.937,-0.6660647964146855,3.982667408054043,-2.9023316852023395,-0.4297380511276938,-0.11251249324527358,0.19069971494055726,-0.6478785276412964,3.8920793533325195,-2.811690155659811,-0.3990541994571686,-0.13430336117744446,0.21052762866020203,0.003799780635248145,0.09231737483947268,0.09064152954252869,0.44416000710024056,0.421048283577,0.4539718027237422,0.39658757982621345
10924.957,-0.674687535336595,3.980373030553536,-2.8985121612921145,-0.431136946086062,-0.11471887502286175,0.19097619550708128,-0.6578514575958252,3.888711452484131,-2.8064268271075647,-0.39762353897094727,-0.13849475979804993,0.21052631735801697,0.00572124771736604,0.09301916862896274,0.09208533418454978,0.44607411509691297,0.421052575111,0.45572700329647353,0.39937599945953367
10924.977,-0.6833477925356031,3.9780263409118657,-2.894670880079513,-0.43301285994095284,-0.11733448208094756,0.1920640606258893,-0.6578514575958252,3.888711452484131,-2.8064268271075647,-0.39762353897094727,-0.13849475979804993,0.21052631735801697,-0.002892647441282356,0.09283773468261977,0.08824405297194815,0.44855824274429124,0.421052575111,0.45319564089501124,0.3934909355732863
10924.997,-0.6920350792770202,3.9756274735124197,-2.89078969217777,-0.4343643371008823,-0.11994336998058805,0.19405939510055645,-0.6578514575958252,3.888711452484131,-2.8064268271075647,-0.39762353897094727,-0.13849475979804993,0.21052631735801697,-0.011543152825572663,0.09268047434858377,0.0843628650702053,0.45054234799049114,0.421052575111,0.4490370258731235,0.3876628637653262
10925.018,-0.7007380639860863,3.973181216476457,-2.886889491640984,-0.43514923544380424,-0.1223128517954644,0.19501002683504737,-0.6776618361473083,3.8815882205963135,-2.7959006468402308,-0.3961339592933655,-0.14267171919345856,0.21052512526512146,0.0007458569943410709,0.0944522783362645,0.0909888448007532,0.4519282278511671,0.421043157578,0.44684097690790053,0.3992850334980069
10925.037,-0.7094431598289341,3.97070457477957,-2.882990742049219,-0.4352547921328915,-0.12383208484164117,0.19493747958399796,-0.6875652074813843,3.878021478652954,-2.7906375567065638,-0.3961339592933655,-0.14267171919345856,0.21052512526512146,0.002551297620695926,0.09519607127916492,0.09235318534265513,0.45244937806779195,0.421043157578,0.4475641292799134,0.4021619139144338
10925.057,-0.7181390807945522,3.968194337130662,-2.8790690340729186,-0.43479604827141477,-0.12551188244266634,0.1960853988107356,-0.6974648237228394,3.8744447231292725,-2.785374466572897,-0.39462000131607056,-0.14683441817760468,0.21052633225917816,0.004363843811443849,0.09590292955935253,0.09369456750002181,0.45247178112028946,0.421052604914,0.4485593397192613,0.4050004426893514
10925.078,-0.7268228757964756,3.965652372471074,-2.875139592141147,-0.4341897501261819,-0.12709823298819092,0.19647209660215403,-0.6974648237228394,3.8744447231292725,-2.785374466572897,-0.39462000131607056,-0.14683441817760468,0.21052633225917816,-0.004306025745658068,0.09571932230377048,0.08976512556825034,0.4523339945393008,0.421052604914,0.4455171511647011,0.3992669951750279
10925.097,-0.7355005339317444,3.9630557060985487,-2.8711890063896712,-0.4132218159525807,-0.12365077964028719,0.18812313101692552,-0.6974648237228394,3.8744447231292725,-2.785374466572897,-0.39462000131607056,-0.14683441817760468,0.21052633225917816,-0.012983807790467001,0.09555125477531617,0.08581453981677445,0.4312362882875558,0.421052604914,0.4432040177580413,0.39530100445801897
10925.117,-0.744164143740766,3.9604032913448504,-2.867229880238339,-0.4559794636271275,-0.13960077650873,0.20837506059387248,-0.7171211242675781,3.866905927658081,-2.7748480478869837,-0.3930472731590271,-0.15098066627979279,0.21052762866020203,-0.0006999802881923096,0.09732724154212616,0.09238183235135544,0.47674747837145415,0.421047896147,0.4385500368386858,0.40300285542256303
10925.138,-0.7528102515550853,3.9577124944316564,-2.863271998400613,-0.43230539070652835,-0.1345398456567613,0.19789409188198853,-0.7273403406143188,3.862980365753174,-2.769374195729391,-0.3930472731590271,-0.15098066627979279,0.21052762866020203,0.0015370473212177153,0.09808430074593738,0.09389780267122205,0.4526331464613352,0.421047896147,0.4363626603622937,0.4083601413011782
10925.157,-0.7614434013796375,3.954979979350324,-2.8593226984044238,-0.411102372620799,-0.13011976578502774,0.18806190459099398,-0.7367696166038513,3.859346866607666,-2.7643216292010706,-0.39144155383110046,-0.15510910749435425,0.21052631735801697,0.002939975580523977,0.09872104361076067,0.09500106920335316,0.4310763650906282,0.421052634716,0.4394756816375774,0.41278589480673317
10925.178,-0.7700360416741974,3.952216569271567,-2.855396476887184,-0.4296320147186151,-0.13817050393483515,0.19631107585771398,-0.7367696166038513,3.859346866607666,-2.7643216292010706,-0.39144155383110046,-0.15510910749435425,0.21052631735801697,-0.005695704017035272,0.09848347915052903,0.09107484768611318,0.4511628313509011,0.421052634716,0.4364143139435291,0.405076252033827
10925.197,-0.7786135204975417,3.9493871755851764,-2.8514559342436154,-0.45144625385469755,-0.14891545717663784,0.20739698123789832,-0.7367696166038513,3.859346866607666,-2.7643216292010706,-0.39144155383110046,-0.15510910749435425,0.21052631735801697,-0.014336005678760623,0.09824789297999463,0.08713430504254482,0.4751801698733119,0.421052634716,0.4300859964490962,0.39718101879817824
10925.217,-0.7871764006246081,3.9465064544567894,-2.847532012514386,-0.4281440063439749,-0.1440360564162059,0.1961960864571817,-0.7566523551940918,3.8512368202209473,-2.75358492532839,-0.38977712392807007,-0.15922033786773682,0.21052512526512146,-0.0016007550983144214,0.10002728697705734,0.0939470871859962,0.45151339793120476,0.421043127775,0.42760636990023515,0.4112206671984887
10925.237,-0.7956860687843189,3.943594565463263,-2.8436088659468703,-0.4254834079762511,-0.14559444967314483,0.19615732837150834,-0.7660070061683655,3.8474154472351074,-2.7485321203814905,-0.38977712392807007,-0.15922033786773682,0.21052512526512146,-0.00013355879757592087,0.10065411915542646,0.09507674556537982,0.44947809141495826,0.421043127775,0.4254472621468211,0.41384614895070765
10925.257,-0.8040997681464921,3.940676047007554,-2.8396825009212465,-0.42068496813773726,-0.14592592279552588,0.19631825129476102,-0.7757473587989807,3.8434250354766846,-2.7432690302478235,-0.3880896270275116,-0.16331495344638824,0.21052633225917816,0.001847016696342501,0.10128280648219425,0.09641347067342299,0.4450477667980028,0.421052634716,0.4268617010276391,0.4170061020039882
10925.278,-0.8124086614043744,3.9377757856018887,-2.8357210254647747,-0.4154446628850473,-0.1450130702801077,0.19807377281926908,-0.7757473587989807,3.8434250354766846,-2.7432690302478235,-0.3880896270275116,-0.16331495344638824,0.21052633225917816,-0.006548343846196115,0.10101106053687851,0.09245199521695113,0.4398287176045644,0.421052634716,0.4248470421868913,0.41157812080823386
10925.298,-0.8206120761238794,3.93489315947709,-2.8316762588798587,-0.39063879615499575,-0.13726791070051597,0.19260793260917156,-0.7757473587989807,3.8434250354766846,-2.7432690302478235,-0.3880896270275116,-0.16331495344638824,0.21052633225917816,-0.014831462130813766,0.10079329491518194,0.0884072286320352,0.4138922332625853,0.421052634716,0.42416697004619447,0.40794976764149415
10925.318,-0.828746293620611,3.932010545135637,-2.8275780142282247,-0.42811671034904847,-0.15171654428513406,0.21569708692546194,-0.7950686812400818,3.8350656032562256,-2.7327428499804896,-0.3863397538661957,-0.16739095747470856,0.21052512526512146,-0.0020865177769273727,0.10260677256020781,0.09483516424773519,0.4540444379900965,0.421044111252,0.42155183722348133,0.41614788621401644
10925.337,-0.8368839032651614,3.9290830490216004,-2.8234587815836716,-0.4068804822556416,-0.1463748057119498,0.20596163224189445,-0.8047271966934204,3.830880880355835,-2.7274797598468226,-0.3863397538661957,-0.16739095747470856,0.21052512526512146,0.00017400162205072692,0.10333290585111804,0.09597902173684902,0.4322487912224294,0.421044111252,0.42409739100703164,0.4209818964039351
10925.357,-0.8449881256407636,3.926129288685644,-2.819362067045942,-0.4052111187712684,-0.14768801679460744,0.20483572688200533,-0.8143813610076904,3.826686382293701,-2.7222166697131556,-0.38456568121910095,-0.17144840955734253,0.21052633225917816,0.0024604136799891256,0.10401736411534533,0.09714539733278649,0.43112576856502394,0.421052634716,0.4270949909067611,0.4238419955704877
10925.377,-0.8530760449135538,3.9231196060981013,-2.815284796526244,-0.4043959636306818,-0.15048412937384165,0.2038635259804432,-0.8143813610076904,3.826686382293701,-2.7222166697131556,-0.38456568121910095,-0.17144840955734253,0.21052633225917816,-0.0057413868813767435,0.10374816476720232,0.09306812681308863,0.43129429336290737,0.421052634716,0.42608792139894075,0.4177977202412372
10925.397,-0.8611856842967842,3.9200343250424265,-2.8112253648844012,-0.4054819691526689,-0.15426405278036964,0.20297158208771807,-0.8143813610076904,3.826686382293701,-2.7222166697131556,-0.38456568121910095,-0.17144840955734253,0.21052633225917816,-0.013992114485212738,0.10348286730759838,0.08900869517124566,0.43359661679128386,0.421052634716,0.42367450331868717,0.41158244594707033
10925.417,-0.8692846403371878,3.9169076230566757,-2.807159538571447,-0.40494780204816866,-0.15633509929834732,0.20329131566176523,-0.833522617816925,3.8179218769073486,-2.7116902510272425,-0.38273385167121887,-0.17548768222332,0.21052762866020203,-0.001290220290724363,0.10523989513050744,0.09546928754420447,0.4338267446550045,0.421047657728,0.4258980300569731,0.4233176317037202
10925.437,-0.8773931488448139,3.913734904181285,-2.803082694026122,-0.4054254253724565,-0.1586359437660846,0.20384222726178824,-0.8430909514427185,3.813534736633301,-2.7064269224749964,-0.38273385167121887,-0.17548768222332,0.21052762866020203,0.0009191042113511141,0.10590500257638949,0.09665577155112581,0.43509788484750367,0.421047657728,0.4283258789328433,0.42591695631959225
10925.457,-0.8854833561171827,3.9105297925520723,-2.7990024953347525,-0.4045103636096081,-0.1602555814571241,0.20400993456403005,-0.8526548147201538,3.8091378211975098,-2.7011638323413294,-0.3808712661266327,-0.17950598895549774,0.21052631735801697,0.003139587404694867,0.10652787417549058,0.09783866299342314,0.4348376576367543,0.421052634716,0.4311108438621371,0.4285869972614401
10925.478,-0.8935297752177204,3.90732185943551,-2.7948877925641114,-0.402320955018104,-0.16039665582462,0.2057351385275686,-0.8526548147201538,3.8091378211975098,-2.7011638323413294,-0.3808712661266327,-0.17950598895549774,0.21052631735801697,-0.005079804533322171,0.10623117878618282,0.09372396022278195,0.432884733108868,0.421052634716,0.4300436817077489,0.42266778567347485
10925.498,-0.9015593273670627,3.9041011194569633,-2.79072131323956,-0.3823596261806191,-0.15336857041559224,0.1984037773707207,-0.8526548147201538,3.8091378211975098,-2.7011638323413294,-0.3808712661266327,-0.17950598895549774,0.21052631735801697,-0.013284512435741046,0.10598679683286137,0.08955748089823068,0.4117790820881957,0.421052634716,0.4299308309633061,0.4184757163281728
10925.516,-0.9095776123075401,3.9008658648149805,-2.786503748703364,-0.42201499686206034,-0.17027656010226655,0.2219770808497088,-0.8716071248054504,3.7999725341796875,-2.6906376520739954,-0.37895119190216064,-0.1835031807422638,0.21052512526512146,-0.00052376065060563,0.10780049982541726,0.09586609662936851,0.45488852313001055,0.421043246984,0.42754771090127114,0.4262332202835479
10925.537,-0.9175941779931454,3.8976093332245574,-2.7822792822989983,-0.4008282842715143,-0.16282657951760393,0.21122332021366838,-0.8810809254646301,3.7953848838806152,-2.6853743235217493,-0.37895119190216064,-0.1835031807422638,0.21052512526512146,0.001763879315226792,0.10853545219717212,0.09690495877724903,0.43248574300404546,0.421043246984,0.4304021288805916,0.431074308245965
10925.557,-0.9255837504224146,3.8943328144360088,-2.778065187603942,-0.39947862145474183,-0.1638259394238551,0.2107047347482209,-0.8905499577522278,3.790787696838379,-2.6801112333880823,-0.3770081102848053,-0.18748390674591064,0.21052633225917816,0.004073610188692921,0.10923535923498036,0.09795395421585962,0.4316241845149188,0.421052634716,0.4336859201536719,0.43382698792239294
10925.577,-0.9335345956998393,3.891028546687006,-2.773836914727197,-0.39754226389871544,-0.16521338746156694,0.21141364385186817,-0.8905499577522278,3.790787696838379,-2.6801112333880823,-0.3770081102848053,-0.18748390674591064,0.21052633225917816,-0.004071732480962924,0.10899233033780718,0.09372568133911452,0.43035908930420613,0.421052634716,0.43311266805387594,0.427826567901765
10925.596,-0.9414526748749475,3.8876904696037102,-2.769599690421347,-0.39590395874676965,-0.1669038541611362,0.21186121528786145,-0.8905499577522278,3.790787696838379,-2.6801112333880823,-0.3770081102848053,-0.18748390674591064,0.21052633225917816,-0.01219969323782976,0.10877684250330084,0.0894884570332648,0.4294910439014753,0.421052634716,0.43146166726977053,0.42182288492855585
10925.618,-0.9493378582445252,3.8843284389237978,-2.7653438397655665,-0.39425916847027737,-0.1681015339919545,0.21279253278438529,-0.91005539894104,3.7808425426483154,-2.669163767491476,-0.37500855326652527,-0.19144263863563538,0.21052762866020203,0.0014896339117905222,0.1106807269929083,0.09618007227409064,0.42844680375714755,0.421048343182,0.43487887206703113,0.43437577888095347
10925.637,-0.9572046450577844,3.88092213103679,-2.7610814279853475,-0.3933393406543713,-0.17031539434667783,0.21312058900629913,-0.9190555810928345,3.776247978210449,-2.6641112009631556,-0.37500855326652527,-0.19144263863563538,0.21052762866020203,0.003455027651695551,0.11135570095527203,0.09697022702219193,0.428460017331334,0.421048343182,0.43824863235160333,0.43668443748351854
10925.658,-0.9650588004550366,3.877481002730905,-2.7568294465539855,-0.39270776985403827,-0.17205641529049712,0.2125990715634575,-0.9280508756637573,3.771643877029419,-2.6590586344348353,-0.3729778230190277,-0.19537882506847382,0.21052631735801697,0.0054226946661945705,0.11198963370181332,0.09777081211915029,0.42857545640178174,0.421052664518,0.442079634699915,0.43892247388272126
10925.677,-0.9729048960885673,3.8740074101248716,-2.752568660764304,-0.3923047817036558,-0.17367963031366468,0.2130392894988105,-0.9280508756637573,3.771643877029419,-2.6590586344348353,-0.3729778230190277,-0.19537882506847382,0.21052631735801697,-0.002677508428495859,0.11172737804436492,0.09351002632946859,0.42886581344321945,0.421052664518,0.4447190680885614,0.43270890774710635
10925.697,-0.9807843520325218,3.870467998237359,-2.7482629939819807,-0.3939727971891229,-0.17697059437176213,0.21528333911145764,-0.9280508756637573,3.771643877029419,-2.6590586344348353,-0.3729778230190277,-0.19537882506847382,0.21052631735801697,-0.010830725461275885,0.11148866242106933,0.08920435954714545,0.43171506126744075,0.421052664518,0.4430979821786205,0.4262574904591689
10925.717,-0.9886925321403293,3.8668866068236314,-2.7439566871876924,-0.3954090053817427,-0.1790695706824767,0.21531533970971709,-0.946600615978241,3.7616889476776123,-2.648532215748922,-0.37089085578918457,-0.19929370284080505,0.21052512526512146,0.0019288608791126066,0.1132897011722924,0.0954244714387702,0.433901677640744,0.42104396224,0.4459282034308957,0.4376693359201645
10925.737,-0.9966272053327708,3.8632525572223964,-2.7396832121259234,-0.39673365961341844,-0.18170248005778553,0.21367375308378622,-0.9558728933334351,3.756706476211548,-2.643269125615255,-0.37089085578918457,-0.19929370284080505,0.21052512526512146,0.00417147140969535,0.11399815854472208,0.09641408651066818,0.4361979447900255,0.42104396224,0.44886822775860424,0.44005893631800935
10925.757,-1.0045912251600304,3.8595560986945507,-2.7353932268697303,-0.39820099139050347,-0.18482292640505596,0.21449926282447968,-0.9558728933334351,3.756706476211548,-2.643269125615255,-0.37089085578918457,-0.19929370284080505,0.21052512526512146,-0.004116046657123396,0.11373028998810673,0.09212410125447512,0.43882643004862637,0.42104396224,0.44754870298715943,0.4335888972083734
10925.777,-1.0125628088930925,3.8558145430563027,-2.731107058026522,-0.39857918664440284,-0.18707778190832014,0.21430844215573788,-0.9743108749389648,3.7465479373931885,-2.632742945347921,-0.36661678552627563,-0.20705655217170715,0.21052762866020203,0.00852910812832118,0.11545412889500681,0.09836411267860079,0.4401223335511223,0.421046644449,0.4507549798657304,0.4449052708606032
10925.797,-1.0205677624787088,3.852000530630533,-2.7267754272090343,-0.40024767927208194,-0.19070062128431284,0.21658154086965567,-0.9743108749389648,3.7465479373931885,-2.632742945347921,-0.36661678552627563,-0.20705655217170715,0.21052762866020203,0.00016594430739848287,0.11515173263061325,0.09403248186111313,0.44315934518670164,0.421046644449,0.4524602767538465,0.43829398046413875
10925.817,-1.028600245973664,3.8481377422892136,-2.722379261256659,-0.40162417473899453,-0.19313941706176366,0.21980829761396414,-0.9834762811660767,3.7413713932037354,-2.627479616795675,-0.36661678552627563,-0.20705655217170715,0.21052762866020203,0.0022417433972314674,0.11588874010679186,0.09489964446098398,0.4454631694646619,0.421046644449,0.4542482554553305,0.4405749933754997
10925.838,-1.0366552133031763,3.844230733225631,-2.717986401576672,-0.40274836650345236,-0.19535045319263575,0.21964298401452842,-0.9926416873931885,3.7361950874328613,-2.622216526662008,-0.36661678552627563,-0.20705655217170715,0.21052762866020203,0.004284838307511363,0.11657843447897398,0.09576987491466404,0.44744937852129046,0.421046644449,0.4561466054676351,0.4427978776671133
10925.858,-1.0447302876532587,3.840286732338509,-2.7136003733169844,-0.3845273499921981,-0.18780956604770713,0.2088584885501892,-0.9926416873931885,3.7361950874328613,-2.622216526662008,-0.36661678552627563,-0.20705655217170715,0.21052762866020203,-0.004187535869670349,0.11632178368455764,0.09138384665497634,0.4277927443545007,0.421046644449,0.4559470349423768,0.43830401576720507
10925.879,-1.0528135111710726,3.8363053173698853,-2.7092181406986264,-0.3674192507956259,-0.18097340765776054,0.1991923917359044,-1.0108617544174194,3.7256505489349365,-2.611690107976095,-0.3621737062931061,-0.21472887694835663,0.21052512526512146,0.008276367674441634,0.11805053752621071,0.09752803272253141,0.40943979881055736,0.421044290066,0.46281741458709197,0.4514867100242985
10925.897,-1.0609158014668603,3.832269536317645,-2.7048487898250677,-0.47660531152181823,-0.23739888542833432,0.2570206396237412,-1.0108617544174194,3.7256505489349365,-2.611690107976095,-0.3621737062931061,-0.21472887694835663,0.21052512526512146,-0.00025676763554882687,0.11778348851567924,0.09315868184897269,0.5322858167791222,0.421044290066,0.45440016166959996,0.43360279557408526
10925.918,-1.069044724574831,3.8281745432248586,-2.700471783774308,-0.3870915765917576,-0.19499967109601615,0.20842885957168678,-1.01991605758667,3.7202823162078857,-2.606427017842428,-0.3621737062931061,-0.21472887694835663,0.21052512526512146,0.0016391829174373443,0.11853974713183259,0.09404476593187994,0.4332924757431215,0.421044290066,0.4575058615708886,0.445315810797453
10925.937,-1.0771990307619188,3.824032234472737,-2.69611847076356,-0.4291740098414724,-0.21801625010898706,0.22912173740498382,-1.02897047996521,3.714914083480835,-2.601163927708761,-0.3621737062931061,-0.21472887694835663,0.21052512526512146,0.0034957103087466246,0.1192499224204343,0.09495454305479889,0.4812295077119356,0.421044290066,0.453421281063261,0.4432257203531717
10925.957,-1.0853549459357645,3.819856338575078,-2.6917720525484046,-0.40779575868338513,-0.20879479487840294,0.21732091075302418,-1.0380192995071411,3.7095367908477783,-2.595900837575094,-0.35990267992019653,-0.2185300588607788,0.21052633225917816,0.005340440597438489,0.11992725181457636,0.09587121497331053,0.45801513406946126,0.421052634716,0.45450111825839573,0.4478135204472328
10925.977,-1.0935039876901993,3.815636944103253,-2.6874161042254303,-0.4074520877128442,-0.21096972358664276,0.21779741614395878,-1.0380192995071411,3.7095367908477783,-2.595900837575094,-0.35990267992019653,-0.2185300588607788,0.21052633225917816,-0.0033112711446617246,0.11968637611279292,0.09151526665033627,0.45870281679305674,0.421052634716,0.4514618722695161,0.4415272598840413
10925.996,-1.101619966122887,3.8113954798695473,-2.683068188281797,-0.40579892166243103,-0.21207321169994076,0.217395797196701,-1.0380192995071411,3.7095367908477783,-2.595900837575094,-0.35990267992019653,-0.2185300588607788,0.21052633225917816,-0.011945886557899445,0.11948863175024844,0.08716735070670278,0.45775156879578327,0.421052634716,0.4472831600195457,0.4354755373701291
10926.017,-1.109694336240108,3.8071087089360893,-2.6787252356315774,-0.40371850585223806,-0.21433854666822008,0.21714763250623237,-1.0559039115905762,3.6984307765960693,-2.585374418889181,-0.35757720470428467,-0.22230581939220428,0.21052762866020203,0.0003960241062730199,0.12126065283753905,0.09335081674239643,0.45694307383013855,0.421047896147,0.4449783871939809,0.4468433923846415
10926.037,-1.1177226477323057,3.8027920925141316,-2.6744256575302945,-0.4014155746011248,-0.2158308210931732,0.21497890505945233,-1.0648432970046997,3.692873239517212,-2.580111090336935,-0.35757720470428467,-0.22230581939220428,0.21052762866020203,0.002289698134410184,0.12195547244787701,0.09431456719335962,0.45560426576258195,0.421047896147,0.44590340201702133,0.4494406114985047
10926.057,-1.1256885830409438,3.7984671837838304,-2.670162674087702,-0.39829676542321074,-0.21624543651034106,0.21314917212497045,-1.0737770795822144,3.6873064041137695,-2.574848000203268,-0.3552226126194,-0.2260580062866211,0.21052631735801697,0.004235878514170809,0.12261150215789171,0.09531467388443415,0.45306064698856585,0.421052634716,0.4474458019388226,0.4521332361087847
10926.077,-1.1335918861191785,3.794123233691531,-2.6659094235439915,-0.39516515393905066,-0.21719750462998738,0.21266252720022494,-1.0737770795822144,3.6873064041137695,-2.574848000203268,-0.3552226126194,-0.2260580062866211,0.21052631735801697,-0.004257836946527406,0.12234997746888128,0.09106142334072365,0.45075865067268583,0.421052634716,0.44511234824122065,0.4461926519744606
10926.097,-1.1414314460017478,3.7897762772570784,-2.661642659430375,-0.3919779941199113,-0.2173478217178801,0.21333820567617856,-1.0737770795822144,3.6873064041137695,-2.574848000203268,-0.3552226126194,-0.2260580062866211,0.21052631735801697,-0.01269673325920636,0.12213100000482631,0.08679465922710694,0.4480485989582309,0.421052634716,0.4420025922285667,0.44033966620220605
10926.117,-1.1492243561195137,3.7854173592061726,-2.657359245747397,-0.3896455058797868,-0.21794590254053392,0.2141706841442095,-1.091423749923706,3.6758265495300293,-2.564321819935934,-0.35281336307525635,-0.22978255152702332,0.21052512526512146,-0.00013757701832481373,0.12389930070278658,0.09303742581146324,0.4463091370586084,0.421043097973,0.4435348629219438,0.4519456586842436
10926.138,-1.156983358666762,3.781033155613135,-2.6530783131372777,-0.3694763117624615,-0.2087715996620862,0.20385393380899478,-1.1002440452575684,3.6700820922851562,-2.559058491383688,-0.35281336307525635,-0.22978255152702332,0.21052512526512146,0.001968368482507976,0.12460182047335,0.09401982175358992,0.42423860828318866,0.421043097973,0.44775803556569777,0.45658881332973184
10926.157,-1.1647244696312171,3.776624487828807,-2.6487902305852513,-0.4074268928610693,-0.23203514654073681,0.22568855536704463,-1.1090584993362427,3.6643285751342773,-2.553795401250021,-0.3503851592540741,-0.23348569869995117,0.21052633225917816,0.004084522003759229,0.1252692657309814,0.09499482933523051,0.46872243541721453,0.421052634716,0.4477132161850613,0.4548487693375689
10926.177,-1.1724602870024339,3.7721786856601027,-2.6444736246707365,-0.3867908685875735,-0.22229010845058417,0.21583029574065707,-1.1090584993362427,3.6643285751342773,-2.553795401250021,-0.3503851592540741,-0.23348569869995117,0.21052633225917816,-0.004294436703535812,0.12503195924682964,0.09067822342071574,0.44598285142187627,0.421052634716,0.44589502041874374,0.4508419500113413
10926.197,-1.1802037643816399,3.7676851106718754,-2.64011826272768,-0.38717386895184874,-0.2246787494064624,0.21776809714808387,-1.1090584993362427,3.6643285751342773,-2.553795401250021,-0.3503851592540741,-0.23348569869995117,0.21052633225917816,-0.012700044530859052,0.12483161076277427,0.086322861477659,0.4475103136680091,0.421052634716,0.44272480037541745,0.44455266704200364
10926.218,-1.1879512765824676,3.7631503428085216,-2.6357263762747967,-0.3873756100329294,-0.2267383931627422,0.2195943226393633,-1.126807689666748,3.652242422103882,-2.543058458958761,-0.34790217876434326,-0.23716172575950623,0.21052762866020203,0.0002564807421940943,0.1266453288265133,0.09266791731603563,0.44872834593396693,0.421048223972,0.4441983390982946,0.4561406367033407
10926.238,-1.1956888407005484,3.758580476153815,-2.6313397489382195,-0.38687820589559513,-0.22849333273034805,0.21933136682406904,-1.1351573467254639,3.646550416946411,-2.5380058924304407,-0.34790217876434326,-0.23716172575950623,0.21052762866020203,0.0018941976660324725,0.12732324196340616,0.09333385650777881,0.4491937294996835,0.421048223972,0.4457231217750121,0.45821207516554907
10926.258,-1.2034014536162034,3.7539836863045117,-2.626959788448299,-0.3672672817184742,-0.2188947547410062,0.2085695471507839,-1.1438487768173218,3.6406126022338867,-2.5327428022967737,-0.3453923463821411,-0.24080996215343475,0.21052631735801697,0.003963955843610777,0.12799926199525796,0.09421698615152518,0.42743978021413187,0.421052634716,0.44998569537172506,0.46268411533060244
10926.278,-1.2110768866475803,3.749360962878468,-2.622569231419785,-0.4039701595411999,-0.24330123294669548,0.23108194886631958,-1.1438487768173218,3.6406126022338867,-2.5327428022967737,-0.3453923463821411,-0.24080996215343475,0.21052631735801697,-0.00443172600548649,0.1277739586099041,0.08982642912301131,0.47145420506867136,0.421052634716,0.4459070598186599,0.45238039145540837
10926.297,-1.2187280229916775,3.7446995903207485,-2.6181546799483684,-0.3825568171965095,-0.23306862788088098,0.2207275735660156,-1.1438487768173218,3.6406126022338867,-2.5327428022967737,-0.3453923463821411,-0.24080996215343475,0.21052631735801697,-0.012824350564941474,0.12757953844258005,0.08541187765159464,0.4478365313699428,0.421052634716,0.44274235427374276,0.44832820479377716
10926.318,-1.2263664157656544,3.739996810034219,-2.6137180973396656,-0.3819196386905101,-0.23513901432134718,0.221829130430294,-1.160996675491333,3.6284000873565674,-2.5222163836108606,-0.3428296744823456,-0.24442850053310394,0.21052512526512146,-0.00026049991794859645,0.12933276304060642,0.091501713728805,0.44837172024323885,0.421043306589,0.444158369173566,0.45955173887522166
10926.337,-1.2339898856496831,3.7352607220866623,-2.6092913185076823,-0.38117349422778396,-0.2368043973942005,0.22133894161446885,-1.1695674657821655,3.6222894191741943,-2.5169532934771937,-0.3428296744823456,-0.24442850053310394,0.21052512526512146,0.0018259024438556232,0.1300362624178073,0.0923380250304886,0.4486172591037242,0.421043306589,0.4458620903395196,0.46193839759994965
10926.357,-1.2415941193334568,3.7304934353787833,-2.604867691345762,-0.38021168418038126,-0.238364335388745,0.2211813580911841,-1.1781319379806519,3.6161701679229736,-2.5116902033435267,-0.3402465283870697,-0.24802742898464203,0.21052633225917816,0.003917624202985241,0.1306977817884951,0.09317748800223535,0.4486307740209566,0.421052604914,0.4478761719408769,0.4642796279141883
10926.377,-1.2491735439989782,3.7256996951111354,-2.6004447391786742,-0.3789712332677987,-0.23968701337716286,0.2211476083495612,-1.1781319379806519,3.6161701679229736,-2.5116902033435267,-0.3402465283870697,-0.24802742898464203,0.21052633225917816,-0.004470159344652627,0.1304746902167573,0.08875453583514759,0.44829066903392356,0.421052604914,0.4459114532501933,0.45806454041893424
10926.397,-1.2567339306809844,3.720867618619808,-2.595998709785406,-0.37801933409205885,-0.24160382456109838,0.22230146965856942,-1.1781319379806519,3.6161701679229736,-2.5116902033435267,-0.3402465283870697,-0.24802742898464203,0.21052633225917816,-0.012860276305114875,0.1302860035930003,0.08430850644187915,0.4485126769027661,0.421052604914,0.44272636033996876,0.4518356158605763
10926.417,-1.2642912265969604,3.7159852206375525,-2.59152201595165,-0.37786479582491767,-0.24411989912964527,0.22383469170325718,-1.195019006729126,3.6035990715026855,-2.5011637846576136,-0.3376108407974243,-0.25159555673599243,0.21052762866020203,-0.0003041357161040481,0.13201967453470087,0.09035823129403653,0.44973810662876046,0.421047985554,0.44116812676072087,0.46292080434488675
10926.436,-1.271830013967961,3.71107768473482,-2.5870364572288205,-0.3769393685418055,-0.24537679513127542,0.224277936136586,-1.2034592628479004,3.5973093509674072,-2.4959006945239466,-0.3376108407974243,-0.25159555673599243,0.21052762866020203,0.0017822283028258099,0.132720070220036,0.09113576270487389,0.44965614660753356,0.421047985554,0.4427322764753294,0.465275227761675
10926.457,-1.279316595245068,3.7061823453171736,-2.582536511937898,-0.3565038703275587,-0.23311140083319273,0.2142831090850122,-1.211893081665039,3.591010808944702,-2.4906373659717005,-0.33494988083839417,-0.25513505935668945,0.21052631735801697,0.003926707097933038,0.13339787833859618,0.09189914596619753,0.42586741704919684,0.421052634716,0.4472583603369103,0.46980096067494703
10926.476,-1.2867343656485617,3.7013118087252828,-2.578012011010722,-0.390408968600146,-0.2563440311490087,0.23813162774319535,-1.211893081665039,3.591010808944702,-2.4906373659717005,-0.33494988083839417,-0.25513505935668945,0.21052631735801697,-0.004342292478599047,0.13322414509738176,0.08737464503902137,0.4669745341812364,0.421052634716,0.4437082975899022,0.4598139784029565
10926.497,-1.294083471707546,3.696464990644478,-2.5734550505074067,-0.36745530297461465,-0.242340904056979,0.22784802518150474,-1.211893081665039,3.591010808944702,-2.4906373659717005,-0.33494988083839417,-0.25513505935668945,0.21052631735801697,-0.012537641320547042,0.13311142777172108,0.08281768453570626,0.4401244497203548,0.421052634716,0.441447415581613,0.4560122240837644
10926.517,-1.3013820292770606,3.6916286176048954,-2.5688601969866878,-0.3649278784677637,-0.2418186519738637,0.2297426760309341,-1.2288439273834229,3.5778286457061768,-2.47990066209902,-0.3322354853153229,-0.25864550471305847,0.21052512526512146,0.000708962539688919,0.1349507584365432,0.08895953488766795,0.4377427969555415,0.421043843031,0.44415007978818716,0.467878334992192
10926.537,-1.3086518030509364,3.686789947733064,-2.5642498956913546,-0.3634886886858574,-0.2419334935862809,0.23051506476162487,-1.2368175983428955,3.5716211795806885,-2.4748480955706995,-0.3322354853153229,-0.25864550471305847,0.21052512526512146,0.002668011186358586,0.135708805315211,0.08940180012065513,0.4366200981632147,0.421043843031,0.4474114419220963,0.4700869647134594
10926.557,-1.3158988524227682,3.6819649471307416,-2.55962411990668,-0.3623524685836775,-0.2412500301108587,0.23128878922868154,-1.2451168298721313,3.5651464462280273,-2.4695850054370325,-0.3295048177242279,-0.262129545211792,0.21052633225917816,0.005081520922442684,0.13649481680500214,0.09003911446964752,0.4353105902347848,0.421052634716,0.4510045557119695,0.47264022492013746
10926.577,-1.3231180811334284,3.6771834303494217,-2.5549766738521296,-0.36096143555796395,-0.23907583908251948,0.2323723027435857,-1.2451168298721313,3.5651464462280273,-2.4695850054370325,-0.3295048177242279,-0.262129545211792,0.21052633225917816,-0.002943281401167064,0.13648376498301593,0.08539166841509704,0.4329548730668795,0.421052634716,0.4535495174336626,0.4667583245693173
10926.597,-1.330318751073175,3.672434350455879,-2.5503099211401756,-0.36003349697947434,-0.23745399467195613,0.23333763559260357,-1.2451168298721313,3.5651464462280273,-2.4695850054370325,-0.3295048177242279,-0.262129545211792,0.21052633225917816,-0.010931764180052018,0.13656704691053864,0.08072491570314311,0.43127242486661344,0.421052634716,0.45239280524762476,0.4609498798113651
10926.617,-1.3375341699503434,3.6676035664178124,-2.5456295555608226,-0.36077094385053793,-0.24153920189805683,0.23401827896254337,-1.2614598274230957,3.5518760681152344,-2.4590585867511194,-0.3267223536968231,-0.2655835449695587,0.21052762866020203,0.0019987921930446073,0.1384780281636593,0.08657096880970316,0.43415444712470275,0.421048820019,0.4556952816948187,0.47217465735709996
10926.637,-1.3447771379251612,3.6626381122296663,-2.54096053687618,-0.3621483987329864,-0.24827270940188523,0.23345093422703098,-1.2696279287338257,3.545236349105835,-2.4537952581988733,-0.3267223536968231,-0.2655835449695587,0.21052762866020203,0.00435477401684909,0.13932556682077227,0.08716527867730672,0.4390794683288268,0.421048820019,0.4587071251675406,0.4742211235899788
10926.658,-1.3520430720442098,3.6575390888009562,-2.5362918424383105,-0.3632967059445017,-0.25495117142993734,0.23343472188838196,-1.2777892351150513,3.538588523864746,-2.4485321680652063,-0.32391366362571716,-0.2690078914165497,0.21052631735801697,0.006622767929996991,0.14006786977137556,0.08775967437310417,0.4438197632637697,0.421052604914,0.4617500404993552,0.47607970968265517
10926.678,-1.3593277562465125,3.6523321398744395,-2.531612555669481,-0.3468897239386448,-0.2479499488956667,0.2228231794805758,-1.2777892351150513,3.538588523864746,-2.4485321680652063,-0.32391366362571716,-0.2690078914165497,0.21052631735801697,-0.0016756559238861046,0.13994046158452914,0.08308038760427472,0.42636984225336433,0.421052604914,0.46550648674664385,0.47123789008350925
10926.697,-1.3666133549532025,3.647135631568682,-2.526906341827501,-0.3834525635053005,-0.2735004371417898,0.2476954653643448,-1.2777892351150513,3.538588523864746,-2.4485321680652063,-0.32391366362571716,-0.2690078914165497,0.21052631735801697,-0.009965890118217621,0.13990310893637667,0.0783741737622945,0.4709915819483506,0.421052604914,0.46069754097788407,0.46136116527605053
10926.717,-1.3739150106923534,3.64188708221116,-2.522176519133603,-0.3650827869495801,-0.2624274678703525,0.23649113468972072,-1.2938491106033325,3.524976968765259,-2.4380059877978724,-0.32105493545532227,-0.2723972797393799,0.21052512526512146,0.0026822576329026265,0.1416733160372459,0.08417053133573082,0.4496116731338394,0.421042203903,0.4626355432190217,0.4741075554844435
10926.737,-1.3812522715011073,3.6365173833835196,-2.517485914402917,-0.3668630404296849,-0.2684849413761696,0.23453023652918342,-1.3018754720687866,3.51816725730896,-2.4327428976642054,-0.32105493545532227,-0.2723972797393799,0.21052512526512146,0.0047474583438098655,0.1424250338573132,0.08474301673871176,0.45459926937948836,0.421042203903,0.46430495233983676,0.4759077784315523
10926.764,-1.3886264422065306,3.6310082006683184,-2.512809512408613,-0.2836219502103363,-0.2118916428936575,0.17986161516664462,-1.3098948001861572,3.5113489627838135,-2.4274795691119593,-0.31817901134490967,-0.2757669687271118,0.21052633225917816,0.006705176383878547,0.14308055519876156,0.08532994329665389,0.35400391297045913,0.421052604914,0.48044887208878956,0.4868321005766895
10926.777,-1.3960398732526254,3.6253217561173194,-2.5081518055072523,-0.5295307890364869,-0.40617461080843964,0.3326933501158818,-1.3098948001861572,3.5113489627838135,-2.4274795691119593,-0.31817901134490967,-0.2757669687271118,0.21052633225917816,-0.0019695932168672103,0.14285269313677382,0.08067223639529297,0.6672229820976995,0.421052604914,0.464371413482441,0.4539797914222381
10926.798,-1.4034965158522796,3.6195089980470336,-2.50348929297876,-0.35507821902033015,-0.27679800333850363,0.22202440611190946,-1.3098948001861572,3.5113489627838135,-2.4274795691119593,-0.31817901134490967,-0.2757669687271118,0.21052633225917816,-0.010755401771590109,0.1426330807930416,0.07600972386680072,0.4500895248177206,0.421052604914,0.4615682012675062,0.46530044458435166
10926.817,-1.4109771475792905,3.6136255625656437,-2.4988460560528494,-0.3937174593115361,-0.30965449901672754,0.2443808908344064,-1.325664758682251,3.4974021911621094,-2.4169533888446253,-0.3152519762516022,-0.2791019082069397,0.21052762866020203,0.0013753363441508515,0.1441672092039797,0.08189266720822408,0.5007578526289125,0.421048313379,0.4555285593105224,0.47163528116717257
10926.837,-1.4184568482101514,3.6076758741150474,-2.4942450052507046,-0.3739850315688953,-0.29748442255037716,0.2300525401231411,-1.3335460424423218,3.490424633026123,-2.411690060292379,-0.3152519762516022,-0.2791019082069397,0.21052762866020203,0.0029788576394460253,0.14473708882038172,0.08255494495832538,0.4777274443741545,0.421048313379,0.45217606395666654,0.4754721268000631
10926.857,-1.4259098743019973,3.6017069240520225,-2.489645021375319,-0.3726513045841633,-0.2984475031447301,0.22999919376424985,-1.3414201736450195,3.4834392070770264,-2.406426970158712,-0.3123032748699188,-0.2824039161205292,0.21052631735801697,0.004596082266731319,0.14527435569769687,0.08321805121660697,0.47730063216134055,0.421052604914,0.44893124110570126,0.477355037518012
10926.877,-1.4332938111563114,3.595771533444215,-2.4850459535003524,-0.3691968427076434,-0.2967695303838949,0.2299533937433195,-1.3414201736450195,3.4834392070770264,-2.406426970158712,-0.3123032748699188,-0.2824039161205292,0.21052631735801697,-0.004207567965461595,0.14505727554465123,0.07861898334164019,0.47358629461348223,0.421052604914,0.44479592049599,0.47130380964404794
10926.897,-1.440599487263497,3.589847215913402,-2.480406252781678,-0.34788933842680664,-0.2821103586015422,0.2209381294539425,-1.3414201736450195,3.4834392070770264,-2.406426970158712,-0.3123032748699188,-0.2824039161205292,0.21052631735801697,-0.012938460799301055,0.14488546105976086,0.07397928262296594,0.44780752629430065,0.421052604914,0.4418126111190686,0.4669643340682503
10926.917,-1.4478189096489782,3.583930754574038,-2.4757252844398203,-0.3799695992675692,-0.3113927020977892,0.2463667548551897,-1.3568928241729736,3.469163656234741,-2.395900551472799,-0.30930450558662415,-0.28567251563072205,0.21052512526512146,-0.0006061771795596443,0.14641950836701537,0.0798247329670212,0.4911611551126891,0.421044021845,0.4364779390529187,0.47400657750396696
10926.937,-1.4549370179303471,3.577990907707468,-2.471102607315456,-0.3559054140606783,-0.2969923433220122,0.23113385621317897,-1.3646254539489746,3.462021827697754,-2.390637461339132,-0.30930450558662415,-0.28567251563072205,0.21052512526512146,0.0012990405722781567,0.14698067424206696,0.0804651459763237,0.463400173520537,0.421044021845,0.4341610477858639,0.4782265235770838
10926.957,-1.461961855555137,3.5720235703895606,-2.4665367405096346,-0.35124188123182776,-0.29836686588885925,0.22829334028608048,-1.372350811958313,3.4548721313476562,-2.385374371205465,-0.3062892556190491,-0.28891563415527344,0.21052633225917816,0.003255900135674089,0.14745846167110063,0.08116236930416942,0.4606663832427509,0.421052664518,0.43521078366864124,0.4803107007424729
10926.978,-1.4688947648658823,3.566038802291595,-2.462005177858244,-0.3466454655296987,-0.2992384048917404,0.22657813256457582,-1.372350811958313,3.4548721313476562,-2.385374371205465,-0.3062892556190491,-0.28891563415527344,0.21052633225917816,-0.005229817740903475,0.14714418975336369,0.076630806652779,0.45769497084724375,0.421052664518,0.4325318941745059,0.47407839687863124
10926.997,-1.4757476360252637,3.5600289007627377,-2.457522587160114,-0.34264355799275303,-0.3004950764636456,0.2241295349220064,-1.372350811958313,3.4548721313476562,-2.385374371205465,-0.3062892556190491,-0.28891563415527344,0.21052633225917816,-0.013679176508681681,0.14683912799725046,0.07214821595464871,0.4554498139331171,0.421052664518,0.4290526504684806,0.46783518164774257
10927.018,-1.4825354275854323,3.5540198724055685,-2.4530510435686006,-0.33938957800102293,-0.3004514178519023,0.22357717957078227,-1.3875197172164917,3.4402740001678467,-2.374847952519552,-0.30322498083114624,-0.2921217978000641,0.21052762866020203,-0.0010931536962802135,0.14820564659631175,0.07820309104904855,0.4529779977056204,0.421046942472,0.42736716249425144,0.4785709835399017
10927.037,-1.4892418562661947,3.5480455910438273,-2.448593643595506,-0.33532143403079673,-0.29871406808053785,0.22286999864986412,-1.3951003551483154,3.4329710006713867,-2.369584862385885,-0.30322498083114624,-0.2921217978000641,0.21052762866020203,0.0010888733238857418,0.14867278815236226,0.07900878120962096,0.44880670842611925,0.421046942472,0.429299908947093,0.4809034371479695
10927.058,-1.4958640033641981,3.542099924368296,-2.444128045313235,-0.3311073548929457,-0.2972833337700766,0.22327991410867626,-1.4026734828948975,3.4256603717803955,-2.364321533833639,-0.30013933777809143,-0.29529935121536255,0.21052631735801697,0.0033583573445892384,0.14910185762811823,0.07980651147959605,0.444722953810924,0.421052634716,0.431966131120126,0.48317903873365825
10927.077,-1.5024134728473904,3.5361769944628496,-2.439652287548229,-0.3274734741822474,-0.2961464952927904,0.22378788826577273,-1.4026734828948975,3.4256603717803955,-2.364321533833639,-0.30013933777809143,-0.29529935121536255,0.21052631735801697,-0.004799887990925136,0.14879163471154513,0.07533075371458997,0.44127766335816554,0.421052634716,0.4309958389418695,0.4770341357020657
10927.097,-1.5089164239776318,3.530247467841015,-2.43511722145586,-0.3251475565049759,-0.29647633108526145,0.2267533046135049,-1.4026734828948975,3.4256603717803955,-2.364321533833639,-0.30013933777809143,-0.29529935121536255,0.21052631735801697,-0.012920753398770912,0.14852298584364224,0.07079568762222088,0.43978461755968357,0.421052634716,0.4290127543473751,0.4707361436219798
10927.117,-1.515397756723293,3.5242690821490466,-2.4305486594718064,-0.3240666372759866,-0.2989192845918953,0.22842809919768495,-1.4175316095352173,3.4107460975646973,-2.353795353566305,-0.29700571298599243,-0.2984398603439331,0.21052512526512146,-6.336177079500904e-05,0.1498841111648013,0.07675330590550145,0.44062135856346674,0.421044826508,0.4314748023012035,0.48124719745300587
10927.137,-1.521862897486987,3.5182628018368045,-2.426005256674194,-0.32325703817764284,-0.3003140156055468,0.22717013987566942,-1.4249566793441772,3.403285264968872,-2.348532263432638,-0.29700571298599243,-0.2984398603439331,0.21052512526512146,0.0022963613607391298,0.15035084244346453,0.07747299324155588,0.440988940086682,0.421044826508,0.4343749336703252,0.48316916987643727
10927.157,-1.5283094794169405,3.5122268902013096,-2.4214532398202864,-0.32232909649063973,-0.30179558176815663,0.22760084269040656,-1.4323742389678955,3.3958165645599365,-2.343269173298971,-0.29385650157928467,-0.3015521168708801,0.21052633225917816,0.004655541221080833,0.15077552922104245,0.07818406652131538,0.44133023878364896,0.421052634716,0.4375842324384508,0.4850132836895483
10927.177,-1.5347313671913596,3.5061536218756935,-2.416902722020991,-0.32109438874314955,-0.303663416301798,0.2275258899805017,-1.4323742389678955,3.3958165645599365,-2.343269173298971,-0.29385650157928467,-0.3015521168708801,0.21052633225917816,-0.003492491891731342,0.15046278747797243,0.07363354872201988,0.44170446366969796,0.421052634716,0.43678415572649615,0.4784798270868679
10927.197,-1.5411327385797233,3.500040257834301,-2.412336933358384,-0.32006856941119954,-0.30566820206295897,0.22828943312535227,-1.4323742389678955,3.3958165645599365,-2.343269173298971,-0.29385650157928467,-0.3015521168708801,0.21052633225917816,-0.011652215739522104,0.15018393837532815,0.06906776005941317,0.44233695764421616,0.421052634716,0.43465696209879096,0.4719728420819827
10927.217,-1.5475222836482818,3.4938755129970644,-2.407740176073583,-0.3042640508744606,-0.2935592779546871,0.21889320403148582,-1.4469150304794312,3.3805930614471436,-2.332742754613058,-0.29065659642219543,-0.3046243190765381,0.21052512526512146,0.0011583493742516465,0.15150376710190594,0.0749974214605249,0.4225534710244902,0.421043038368,0.4392298051045594,0.4839821077302184
10927.237,-1.5538857274785527,3.487702516211221,-2.403159342927385,-0.33491809632594194,-0.3248945676719917,0.24109648137586745,-1.454181432723999,3.3729774951934814,-2.327479664479391,-0.29065659642219543,-0.3046243190765381,0.21052512526512146,0.003491144715645794,0.15195587763755014,0.07567967844799428,0.46637631137334723,0.421043038368,0.43979681162453377,0.4824123250109437
10927.257,-1.5602185763137029,3.4815134685696156,-2.3985847528876243,-0.3166424417793955,-0.3094523821016562,0.22872950200385547,-1.461440086364746,3.365354537963867,-2.322216574345724,-0.2874433994293213,-0.30767127871513367,0.21052633225917816,0.005838087128002045,0.15236798868119608,0.07636817854190037,0.4425336429757426,0.421052634716,0.44308308672670627,0.4861224882985729
10927.277,-1.5665107237391558,3.4753252123232814,-2.3940035725914552,-0.299626067869575,-0.2946788688640741,0.21815144266806538,-1.461440086364746,3.365354537963867,-2.322216574345724,-0.2874433994293213,-0.30767127871513367,0.21052633225917816,-0.0022853992723258776,0.15207946938194872,0.07178699824573131,0.42006894873773554,0.421052634716,0.4476367779207479,0.4813346145210347
10927.297,-1.5727615197044382,3.46912991941828,-2.3893754953975397,-0.32898926132662326,-0.3260680476276641,0.2435830102030971,-1.461440086364746,3.365354537963867,-2.322216574345724,-0.2874433994293213,-0.30767127871513367,0.21052633225917816,-0.010378713370697346,0.15183567968557748,0.06715892105181576,0.4630090307968967,0.421052634716,0.4439774479397909,0.4717488096968176
10927.318,-1.578997684896907,3.462881232328673,-2.3846955324150065,-0.31180825961663006,-0.3124343544735201,0.2339981491215497,-1.475657343864441,3.349828004837036,-2.311690155659811,-0.28418251872062683,-0.3106778860092163,0.21052762866020203,0.002504808748380119,0.15314693684209368,0.0730053767551957,0.44121430230880354,0.421046853065,0.44707821751937027,0.48367299171112477
10927.337,-1.5852288668971801,3.456600020213939,-2.38002130157759,-0.31155910003519405,-0.3140606057584185,0.23371154188697252,-1.4827619791030884,3.3420610427856445,-2.306427065526144,-0.28418251872062683,-0.3106778860092163,0.21052762866020203,0.004878042904182395,0.15360613640721277,0.07359423605144633,0.4422122274285887,0.421046853065,0.4501186775533674,0.4854106900818551
10927.358,-1.5914457959897592,3.4502892247258687,-2.37534345526855,-0.31084645462216953,-0.31553977439661846,0.2338923154469058,-1.4898585081100464,3.33428692817688,-2.3011637369738978,-0.2809028923511505,-0.3136541247367859,0.21052631735801697,0.00724501972984444,0.15402603530737707,0.0741797182946522,0.44277720134790144,0.421052664518,0.4536088588251765,0.4871080924862843
10927.378,-1.597653429867946,3.443947038416476,-2.370661762594909,-0.29560161323797196,-0.3020088718666429,0.2229377463570515,-1.4898585081100464,3.33428692817688,-2.3011637369738978,-0.2809028923511505,-0.3136541247367859,0.21052631735801697,-0.0009057176255495153,0.153766916500705,0.06949802562101137,0.4224646610971041,0.421052664518,0.45815184082263605,0.4820658181952377
10927.398,-1.6038482527985514,3.437580386983984,-2.3659893271022043,-0.3260433121331346,-0.3350869174954633,0.2459176575077652,-1.4898585081100464,3.33428692817688,-2.3011637369738978,-0.2809028923511505,-0.3136541247367859,0.21052631735801697,-0.009067931918784855,0.15356097530688506,0.06482559012830658,0.46740460862173266,0.421052664518,0.4542901998070077,0.4724535745320864
10927.417,-1.6100194188833012,3.431166550725221,-2.3612890610446717,-0.308558304258822,-0.320691812960312,0.23501330289287442,-1.503745675086975,3.318464756011963,-2.2906375567065638,-0.2775770127773285,-0.3165906071662903,0.21052512526512146,0.0037564241140438104,0.15486023514754202,0.07065150433810796,0.4448975411073576,0.421044677496,0.4570882619551024,0.48430419446827083
10927.436,-1.6161795801812306,3.4246931606935114,-2.356603652015436,-0.30800806488974686,-0.32366950157842345,0.23427045145666853,-1.5106850862503052,3.3105499744415283,-2.285374466572897,-0.2775770127773285,-0.3165906071662903,0.21052512526512146,0.006052002663308131,0.15530978231025974,0.07122918544253931,0.4466589222003742,0.421044677496,0.46004761014780454,0.4859419675688209
10927.457,-1.6223139301151068,3.418175422022474,-2.3519499886167496,-0.3067174966871141,-0.3258869335447532,0.2326831699292434,-1.5176165103912354,3.3026282787323,-2.2801111380206507,-0.2742379307746887,-0.31949788331985474,0.21052633225917816,0.008332865512384505,0.15570245782167053,0.07183885059609896,0.44737238639118404,0.421052664518,0.4632682023179647,0.48758836922111765
10927.477,-1.6284273967588834,3.4116400417027126,-2.3473058237340187,-0.305673332182155,-0.32676901598093827,0.23220824413147612,-1.5176165103912354,3.3026282787323,-2.2801111380206507,-0.2742379307746887,-0.31949788331985474,0.21052633225917816,0.00010949700944219709,0.1554432533560276,0.06719468571336806,0.44731919637907847,0.421052664518,0.46532142182681024,0.4811030535745586
10927.497,-1.6345256826677006,3.4050728601981555,-2.3426621472977303,-0.3049142954619374,-0.32835907525055424,0.23218382183047345,-1.5176165103912354,3.3026282787323,-2.2801111380206507,-0.2742379307746887,-0.31949788331985474,0.21052633225917816,-0.008128183120775803,0.1552307297967696,0.06255100927707957,0.4479752264415753,0.421052664518,0.46333260133688536,0.4746483344791675
10927.517,-1.6406101819122227,3.3984706614042315,-2.3380169718146466,-0.3042249622194667,-0.33010993968899366,0.23225877414911178,-1.5311676263809204,3.2865171432495117,-2.2695849577533167,-0.27085378766059875,-0.3223651647567749,0.21052762866020203,0.004620771250393341,0.15649252909162437,0.06843201406132993,0.44880110137848217,0.421047598124,0.4659004078666537,0.4848534087872057
10927.537,-1.6466861565368847,3.391834489540047,-2.333365009586727,-0.30379873122646456,-0.33180859320198364,0.23259811139089917,-1.5379389524459839,3.2784578800201416,-2.2643216292010706,-0.27085378766059875,-0.3223651647567749,0.21052762866020203,0.006858037690476951,0.15694960115544454,0.0690433803856565,0.4497772536216096,0.421047598124,0.46869806095452016,0.4865833815452371
10927.556,-1.6527338100874722,3.385156456582502,-2.328722488249303,-0.3023826775227777,-0.3339016478699666,0.23212606686612983,-1.5447020530700684,3.2703919410705566,-2.2590587774859827,-0.26745134592056274,-0.3252001106739044,0.21052631735801697,0.009086398353075897,0.15735053832106238,0.06966371076332045,0.45036339092391664,0.421052664518,0.47176348012855895,0.4882505812170782
10927.577,-1.6587570215121143,3.3784610971869924,-2.3240848739145923,-0.30116057125292306,-0.33476796979861323,0.23188071675157207,-1.5447020530700684,3.2703919410705566,-2.2590587774859827,-0.26745134592056274,-0.3252001106739044,0.21052631735801697,0.0008120188308285148,0.15712039636995906,0.06502609642860957,0.4502005153328458,0.421052664518,0.47366624927306544,0.4818331407537821
10927.597,-1.6647671396899681,3.371723661720071,-2.319430414366927,-0.3005059088861304,-0.33687177333871704,0.23272297737817968,-1.5447020530700684,3.2703919410705566,-2.2590587774859827,-0.26745134592056274,-0.3252001106739044,0.21052631735801697,-0.007483375993306354,0.15693228386338504,0.06037163688094438,0.4513346958335237,0.421052664518,0.4714730481417806,0.4753829025937704
10927.617,-1.670780592351587,3.3649210791813253,-2.3147706983560337,-0.300672633074382,-0.34012912692985875,0.2329858005395861,-1.5579110383987427,3.2539992332458496,-2.2485321203814905,-0.2640075981616974,-0.3279966711997986,0.21052762866020203,0.005177153154491451,0.15816570171962818,0.06623857797454313,0.4538819597267012,0.421048492193,0.4736509384431005,0.4853686113772053
10927.638,-1.6768153568446253,3.3580391786187254,-2.3101025367439876,-0.2873697377549669,-0.32770955059000645,0.22229341009065492,-1.5645111799240112,3.2457993030548096,-2.2432687918292444,-0.2640075981616974,-0.3279966711997986,0.21052762866020203,0.0072703140594583965,0.15861008906717358,0.06683374491474314,0.43577911053275664,0.421048492193,0.47812965707623206,0.48838969255249687
10927.657,-1.682862938472481,3.351077698123563,-2.305411345114556,-0.31829376988323477,-0.3663937102672112,0.24690482259864052,-1.5711029767990112,3.2375926971435547,-2.2380059401141565,-0.2605462372303009,-0.3307582139968872,0.21052631735801697,0.009303083660507291,0.15900499084963815,0.06740540500039938,0.48524948763915765,0.421052664518,0.47783791430741623,0.48646882848918116
10927.676,-1.6889027857804821,3.344055352241539,-2.300694371295576,-0.3019923654209353,-0.35111729412546955,0.23584869096529432,-1.5711029767990112,3.2375926971435547,-2.2380059401141565,-0.2605462372303009,-0.3307582139968872,0.21052631735801697,0.0007923180635623084,0.15877803424488401,0.06268843118141953,0.4630340849660458,0.421052664518,0.47570129339471195,0.4815730838000986
10927.698,-1.6949246586689073,3.3369848116845366,-2.2959413877946497,-0.286755851821026,-0.33669240746603923,0.22633254765625843,-1.5711029767990112,3.2375926971435547,-2.2380059401141565,-0.2605462372303009,-0.3307582139968872,0.21052631735801697,-0.007738610808161156,0.15858977027783738,0.05793544768049319,0.44217078369182594,0.421052664518,0.4743412496183063,0.47641738567937547
10927.717,-1.700916042969177,3.329863361210242,-2.291138071582341,-0.3153360157998035,-0.3748131828530104,0.2528061164342006,-1.5839637517929077,3.220925807952881,-2.2274797598468226,-0.25703832507133484,-0.33347269892692566,0.2105226069688797,0.004728732050538462,0.15975878071102542,0.0636583117355185,0.48971096201149755,0.421037703753,0.470360231616577,0.48311295746765753
10927.737,-1.7068736185329465,3.3227027163465785,-2.2863045384519403,-0.2978787781819741,-0.35803224317536664,0.24167665651476483,-1.590389609336853,3.2125890254974365,-2.2222164312945765,-0.25703832507133484,-0.33347269892692566,0.2105226069688797,0.006695768200343941,0.16015216513997954,0.0640881071573638,0.46563719838148543,0.421037703753,0.47163056582868235,0.48620683735213255
10927.757,-1.712810462636638,3.3155178833083445,-2.2814800275132225,-0.2968422052050958,-0.3592416519365328,0.24122554695255982,-1.5968071222305298,3.2042455673217773,-2.2169535795794886,-0.25352582335472107,-0.336169570684433,0.21052630245685577,0.008660049026087038,0.16050952258746412,0.06452644793373397,0.46592064933740807,0.421052634716,0.47315631058045854,0.48759452477220844
10927.777,-1.7187279110784814,3.3082938431404854,-2.2766557268217014,-0.2958724220857111,-0.36120200838507366,0.24121503457079366,-1.5968071222305298,3.2042455673217773,-2.2169535795794886,-0.25352582335472107,-0.336169570684433,0.21052630245685577,9.782575074258892e-05,0.1602832270834202,0.05970214724221279,0.46682328480111834,0.421052634716,0.4705710099087975,0.4809547613631004
10927.796,-1.7246387138143504,3.3010070043571837,-2.2718385910223162,-0.2955401367869975,-0.3643419391571276,0.2408567899639997,-1.5968071222305298,3.2042455673217773,-2.2169535795794886,-0.25352582335472107,-0.336169570684433,0.21052630245685577,-0.00851101177427345,0.16009763952846967,0.05488501144282765,0.469046973746697,0.421052634716,0.46654693767121286,0.474313096593471
10927.817,-1.730544269093088,3.2936480419098952,-2.2670696231722456,-0.2952777639304289,-0.3679481223563939,0.23844839249832708,-1.6093143224716187,3.1873111724853516,-2.2064269224749964,-0.24996714293956757,-0.3388184607028961,0.21052762866020203,0.0038332651582383692,0.1612127037025413,0.0606427006972492,0.47168386048116173,0.421048134565,0.466839844889539,0.48383552531775
10927.836,-1.736436271483516,3.2862058151935285,-2.26233754060877,-0.2946001195417675,-0.3721113358440579,0.23660412819014406,-1.6155635118484497,3.1788408756256104,-2.2011640707599085,-0.24996714293956757,-0.3388184607028961,0.21052762866020203,0.005615763798852605,0.16157325727723237,0.061173469848861295,0.47449787316274306,0.421048134565,0.4671164022100858,0.48510836293759335
10927.857,-1.7423058600963697,3.2786954294230135,-2.257641365937496,-0.2934794306362786,-0.3755192885175529,0.23480873355857076,-1.621804118156433,3.1703639030456543,-2.1959007422076624,-0.2463928610086441,-0.3414320647716522,0.21052631735801697,0.00735715158772926,0.1618711269446244,0.061740623729833466,0.47646598090236814,0.421052604914,0.46745424958642184,0.48635182581989383
10927.877,-1.7481448943446471,3.2711401425213102,-2.2529682111420812,-0.29195171240750106,-0.3777643450769173,0.23365773976563153,-1.621804118156433,3.1703639030456543,-2.1959007422076624,-0.2463928610086441,-0.3414320647716522,0.21052631735801697,-0.0014323320838568743,0.16160380749071696,0.05706746893441883,0.47729247086290294,0.421052604914,0.463657545289735,0.47979641957851615
10927.898,-1.7539567605143938,3.2635429066357484,-2.2482910195684958,-0.2905933084809872,-0.3798617942697997,0.23385957867416943,-1.621804118156433,3.1703639030456543,-2.1959007422076624,-0.2463928610086441,-0.3414320647716522,0.21052631735801697,-0.010238947684067704,0.16137475497287906,0.05239027736083335,0.47812402388574804,0.421052604914,0.4585305999854411,0.4733073684757839
10927.918,-1.7597408718366618,3.2559128268672826,-2.2436066210885803,-0.28920556613339443,-0.3815039884496631,0.23421992401196062,-1.633952021598816,3.153170108795166,-2.1853745619403284,-0.24277882277965546,-0.3440064787864685,0.21052762866020203,0.0019624605113179733,0.16240397073269844,0.05823205914825191,0.4785930759644185,0.421048700809,0.4551002350735129,0.4828222806028981
10927.937,-1.7654919224161103,3.2482675048944754,-2.2389473294885622,-0.2875525289661468,-0.38226609863201627,0.2329645799958199,-1.640021562576294,3.1445698738098145,-2.1801112333880823,-0.24277882277965546,-0.3440064787864685,0.21052762866020203,0.0036660167425986295,0.16273466198737876,0.05883609610047991,0.4782158969824545,0.421048700809,0.4517975252905115,0.4843016757442504
10927.957,-1.7712093503851924,3.240640661618029,-2.2343000882623953,-0.2858713984478673,-0.381342163813983,0.2323620613032724,-1.6460821628570557,3.1359636783599854,-2.1748479048358362,-0.23915067315101624,-0.3465433418750763,0.21052631735801697,0.005405166984220999,0.16304866774242283,0.05945218342655911,0.47649906496477834,0.421052634716,0.45187542409688386,0.4858560584935408
10927.977,-1.776880965643283,3.233023047398075,-2.229680841022698,-0.2835807628983329,-0.380880710989397,0.23096236197983522,-1.6460821628570557,3.1359636783599854,-2.1748479048358362,-0.23915067315101624,-0.3465433418750763,0.21052631735801697,-0.003337156186170892,0.16284259675211382,0.05483293618686158,0.4747712467021469,0.421052634716,0.4480826937572406,0.4796189232496858
10927.997,-1.7825064697703468,3.2254143428729556,-2.225076326373681,-0.2812752063726353,-0.380435226282267,0.230225732466753,-1.6460821628570557,3.1359636783599854,-2.1748479048358362,-0.23915067315101624,-0.3465433418750763,0.21052631735801697,-0.012048330086621067,0.1626894300214603,0.05022842153784479,0.47305088750984914,0.421052634716,0.4432261247685311,0.4734764430569231
10928.017,-1.7880761843576671,3.2177987966852206,-2.2205013705703998,-0.27848572935993937,-0.3807773093784368,0.22874779015907024,-1.6578655242919922,3.1185178756713867,-2.1643217245685022,-0.23548322916030884,-0.3490394055843353,0.21052762866020203,0.0002825080995829399,0.16374198441837556,0.05617964600189751,0.4716689828171464,0.421047329903,0.44026664700630297,0.48330147024538817
10928.037,-1.7935782934547164,3.210124112870657,-2.216002984696059,-0.27510545484645954,-0.38373419071981496,0.22491929371213126,-1.663752555847168,3.1097919940948486,-2.159058396016256,-0.23548322916030884,-0.3490394055843353,0.21052762866020203,0.002090436994198072,0.16406366531490202,0.05694458867980279,0.47203261710527056,0.421047329903,0.43739833330970973,0.484893798305055
10928.057,-1.7990117738819666,3.2024012491038834,-2.2115616580573048,-0.2716740213565812,-0.38614318833024364,0.22206633193286196,-1.669630765914917,3.101059913635254,-2.15379506746401,-0.2318025529384613,-0.35150089859962463,0.21052631735801697,0.0038939646766736336,0.16429956949496816,0.0577665905932947,0.471956446764891,0.421052604914,0.43772413231762164,0.48641793991321575
10928.077,-1.8043685200171868,3.1946332777107385,-2.207173824288345,-0.26783730677952294,-0.38839856968409125,0.21939168846314322,-1.669630765914917,3.101059913635254,-2.15379506746401,-0.2318025529384613,-0.35150089859962463,0.21052631735801697,-0.004816015573566229,0.16397268930807377,0.05337875682433513,0.47154298257365174,0.421052604914,0.4340663769270854,0.4800972278561145
10928.097,-1.8096588824405704,3.186821819833613,-2.2028055004890703,-0.2645181211634033,-0.3905728938477415,0.21841618995897624,-1.669630765914917,3.101059913635254,-2.15379506746401,-0.2318025529384613,-0.35150089859962463,0.21052631735801697,-0.013527671559242685,0.16364589843525984,0.04901043302506025,0.4713992729345451,0.421052604914,0.4291865820771507,0.4737769973212973
10928.117,-1.8148785742122606,3.179043697495841,-2.1984373506798214,-0.2609845885788152,-0.3889061168801098,0.2184074904576793,-1.6810439825057983,3.0833704471588135,-2.143268887196676,-0.2280789315700531,-0.3539123237133026,0.2105226069688797,-0.0011532570369202771,0.16451060380867194,0.0551684634831453,0.46804626665720317,0.421039104462,0.42625898076549296,0.4836060565505543
10928.137,-1.8199906594301136,3.171379113301906,-2.194051941791805,-0.2556042608870708,-0.3832292096883909,0.21927044439603469,-1.6867460012435913,3.0745224952697754,-2.138006035481588,-0.2280789315700531,-0.3539123237133026,0.2105226069688797,0.0008734053177954365,0.16472577380305753,0.056045906310216775,0.4603669621470968,0.421039104462,0.4272664765352094,0.4856583515864561
10928.157,-1.8249921905306072,3.163799648239866,-2.189585411261598,-0.2500765550192222,-0.3789732530937385,0.22332652650548426,-1.6924389600753784,3.065669059753418,-2.1327431837665003,-0.22435185313224792,-0.3563026487827301,0.21052630245685577,0.003047961649867731,0.16489597093499436,0.056842227495097486,0.45376128471041477,0.421052634716,0.42928281595678797,0.48753549300504795
10928.176,-1.8298873830782225,3.15634635266556,-2.185013703503865,-0.24475962739768214,-0.37266477874105175,0.2285853879024375,-1.6924389600753784,3.065669059753418,-2.1327431837665003,-0.22435185313224792,-0.3563026487827301,0.21052630245685577,-0.005110427220650374,0.16458530909369035,0.05227051973736474,0.4456105291379393,0.421052634716,0.4281333801929181,0.48153909427476105
10928.197,-1.8346901298956984,3.1490013218448833,-2.18031079291266,-0.24013734086855,-0.3672515410258143,0.23514552955512175,-1.6924389600753784,3.065669059753418,-2.1327431837665003,-0.22435185313224792,-0.3563026487827301,0.21052630245685577,-0.013108151517070607,0.16434061453072304,0.04756760914615965,0.4385903975385008,0.421052634716,0.4264569908279006,0.475427424049083
10928.218,-1.8394448951425386,3.1416925504643185,-2.175510742580421,-0.2377382623368239,-0.3654385690202657,0.24000251660669808,-1.7034775018692017,3.0477426052093506,-2.122216526662008,-0.22058331966400146,-0.35864293575286865,0.21052762866020203,-1.1871742750899084e-05,0.16526864223445253,0.0532942159184131,0.43579399428998855,0.421048402786,0.4296398989075957,0.4852571811034782
10928.236,-1.8441595689885977,3.134449827226758,-2.1706931105002454,-0.23573369229780736,-0.3621361618701303,0.2408816040035334,-1.7089921236038208,3.0387766361236572,-2.116953198109762,-0.22058331966400146,-0.35864293575286865,0.21052762866020203,0.0026583018291470445,0.1655793804164099,0.05373991239048337,0.43199014832255545,0.421048402786,0.4337463982550803,0.4869649376925574
10928.257,-1.8488322795473788,3.127225859133528,-2.165864962750769,-0.2336355279552071,-0.3611984046864557,0.24140738749051074,-1.7144975662231445,3.0298049449920654,-2.111690346394674,-0.21680153906345367,-0.36094653606414795,0.21052631735801697,0.005371817364874049,0.16585473551955301,0.054174616356094774,0.43008005873062394,0.421052634716,0.4384301370462869,0.4884997588206562
10928.277,-1.8534671291597484,3.1199702210362066,-2.161038046630619,-0.23174248061342134,-0.3627819048581531,0.24134580600222993,-1.7144975662231445,3.0298049449920654,-2.111690346394674,-0.21680153906345367,-0.36094653606414795,0.21052631735801697,-0.002435290862815742,0.16563932439285176,0.049347700235944814,0.43038047180261685,0.421052634716,0.4419760802877691,0.4818955236127069
10928.297,-1.858073952517738,3.112660137413318,-2.1561983360976935,-0.2303411678944559,-0.3655041811364489,0.24198552664098913,-1.7144975662231445,3.0298049449920654,-2.111690346394674,-0.21680153906345367,-0.36094653606414795,0.21052631735801697,-0.010271929731464097,0.16544983853775447,0.04450798970301939,0.43191553212673406,0.421052634716,0.44145805565175233,0.4752592377949626
10928.317,-1.8626650142203092,3.1052722152386103,-2.1513432811081405,-0.22955308512354256,-0.36939610872732387,0.24275274947234945,-1.725156307220459,3.011650323867798,-2.101163689290182,-0.21298369765281677,-0.3632062077522278,0.21052762866020203,0.002862178174269467,0.16632952528254744,0.05017959181795861,0.4347808661736129,0.421047270298,0.4453306984140907,0.48467402147260036
10928.337,-1.8672494761176637,3.0978084489859405,-2.146504804736474,-0.22922309488356968,-0.3731883126592832,0.24192381860004494,-1.7304809093475342,3.002570152282715,-2.095900837575094,-0.21298369765281677,-0.3632062077522278,0.21052762866020203,0.005425728744219219,0.1665729134129591,0.05060396716138005,0.4378286401218356,0.421047270298,0.44927073763063635,0.48582979998324477
10928.357,-1.8718265815036297,3.090273780806391,-2.1416797947164006,-0.22885526929330494,-0.37673340896925767,0.24125050099840986,-1.7357962131500244,2.9934844970703125,-2.090637509022848,-0.2091551572084427,-0.36543047428131104,0.21052631735801697,0.007933320436054839,0.1667617731598567,0.051042285693552625,0.44066030432981923,0.421052634716,0.45329207784899533,0.4869032195181933
10928.377,-1.8763908176951718,3.0826693569008614,-2.1368621036079274,-0.22821180957212436,-0.38022119526817616,0.2408845554184014,-1.7357962131500244,2.9934844970703125,-2.090637509022848,-0.2091551572084427,-0.36543047428131104,0.21052631735801697,-0.00012950610344050761,0.16649554131678784,0.04622459458507944,0.44330690383175075,0.421052634716,0.45590933286967944,0.48010149382618794
10928.397,-1.8809431380470496,3.0749933348732177,-2.1320324788890344,-0.22761601758892178,-0.3838011013738087,0.24148123593938062,-1.7357962131500244,2.9934844970703125,-2.090637509022848,-0.2091551572084427,-0.36543047428131104,0.21052631735801697,-0.008246796082357968,0.16626277635543976,0.041394969866186404,0.4460699672508459,0.421052634716,0.45422277893231716,0.4733554029880219
10928.416,-1.885484969408286,3.0672380521496425,-2.1271893541558526,-0.22709156807751824,-0.3877641362055616,0.24215623667582392,-1.746070384979248,2.975109338760376,-2.0801108519183558,-0.20529116690158844,-0.3676123321056366,0.21052762866020203,0.0046039637386397075,0.16704170048277248,0.04707850223749688,0.4492090792273977,0.421050220728,0.45680137667428855,0.4824671906164572
10928.437,-1.890021541853366,3.0594124800642764,-2.122365528240184,-0.22682862224904274,-0.3912786042597673,0.24119129577817364,-1.7512027025222778,2.965919256210327,-2.074848000203268,-0.20529116690158844,-0.3676123321056366,0.21052762866020203,0.006884030106606265,0.16722518706620257,0.047517528036916,0.4521169925241505,0.421050220728,0.4595556151727927,0.48348931598914135
10928.457,-1.8945542653093495,3.0515251595769075,-2.117554317784512,-0.22663617279423026,-0.394366024359834,0.24056052277833295,-1.756325602531433,2.956723690032959,-2.069584671651022,-0.20141607522964478,-0.3697524666786194,0.21052631735801697,0.00911287040382694,0.16736617768852274,0.04796964613349042,0.45470602772666713,0.421052634716,0.46237434296669305,0.48445458933484703
10928.477,-1.8990770317090893,3.043583096549642,-2.1127585488421134,-0.2261383199820543,-0.3971031513546082,0.23978844711470335,-1.756325602531433,2.956723690032959,-2.069584671651022,-0.20141607522964478,-0.3697524666786194,0.21052631735801697,0.0007785367040768626,0.16709853653845738,0.04317387719109167,0.45684376723520764,0.421052634716,0.46380185670508467,0.4777185291735348
10928.497,-1.9035852553277215,3.0355853326854305,-2.1079630030970216,-0.2254111809471925,-0.39988819323821445,0.23977728727116826,-1.756325602531433,2.956723690032959,-2.069584671651022,-0.20141607522964478,-0.3697524666786194,0.21052631735801697,-0.007598396042442335,0.16687368996073565,0.03837833144599978,0.45891246997917035,0.421052634716,0.46103914590132367,0.4710714820208835
10928.517,-1.9080759046906839,3.027504277313571,-2.1031580864461588,-0.2245324681432187,-0.4040527685841466,0.24024583253789597,-1.7662104368209839,2.9381368160247803,-2.059058491383688,-0.1975017786026001,-0.37184131145477295,0.2105226069688797,0.004993353360620428,0.16759302053876945,0.044099595062470964,0.46210206694767697,0.421037912369,0.46255165336923,0.47999629064706834
10928.537,-1.9125439477440664,3.0193665676020496,-2.0983601061438786,-0.22340215266425126,-0.40688548556719917,0.23989901510877254,-1.7711480855941772,2.9288408756256104,-2.0537956396686,-0.1975017786026001,-0.37184131145477295,0.2105226069688797,0.007034567476949055,0.16774446518838074,0.044564466475278675,0.4640310611856086,0.421037912369,0.4641656224667446,0.4809931100213712
10928.557,-1.916987607539751,3.011201054433303,-2.093515657348987,-0.22218298977937556,-0.40827565842841745,0.24222243973930105,-1.7711480855941772,2.9288408756256104,-2.0537956396686,-0.1975017786026001,-0.37184131145477295,0.2105226069688797,-0.0014464630903599784,0.16748215713644485,0.03972001768038691,0.46467871574622527,0.421037912369,0.4617121911479196,0.47431135693005705
10928.577,-1.9213956831283965,3.002997282189066,-2.0886668833983912,-0.2204037794475113,-0.410188612240201,0.24243869754653652,-1.7808269262313843,2.910146713256836,-2.0432689825641077,-0.18963544070720673,-0.37592586874961853,0.21052762866020203,0.011089666915669136,0.1681006331169209,0.04539790083428352,0.4655094615311751,0.421048521996,0.46376006498631356,0.4831018377675495
10928.598,-1.925763749293403,2.994799939972956,-2.0838261130721327,-0.20800315070825387,-0.3903496293266758,0.23051287267194862,-1.7808269262313843,2.910146713256836,-2.0432689825641077,-0.18963544070720673,-0.37592586874961853,0.21052762866020203,0.002617311370283093,0.1678272956165138,0.04055713050802501,0.44218852340579495,0.421048521996,0.46705627515399645,0.4775241280003879
10928.617,-1.930093763970646,2.9865807445914436,-2.0789960665969187,-0.22789550932578212,-0.43258923060060833,0.25421297237656965,-1.7855677604675293,2.9007484912872314,-2.03800613084902,-0.18963544070720673,-0.37592586874961853,0.21052762866020203,0.004657821790426259,0.1680275158776977,0.04098993574789889,0.4888146027019179,0.421048521996,0.4633001947543319,0.47649913474858174
10928.637,-1.9343850608820972,2.9783126613141624,-2.0742340106101005,-0.2145648455678789,-0.41340416385503803,0.238102799335714,-1.7903087139129639,2.891350269317627,-2.0327428022967737,-0.18963544070720673,-0.37592586874961853,0.21052762866020203,0.006664776043080856,0.16815478624774483,0.041491208313326755,0.4656273737011245,0.421048521996,0.46471409912871137,0.4786606162206037
10928.657,-1.9386471853483063,2.970024949424224,-2.0695106804830177,-0.2131062233058036,-0.4143855944878681,0.2361665063489857,-1.7950400114059448,2.8819475173950195,-2.0274794737445276,-0.18567372858524323,-0.3779028654098511,0.21052631735801697,0.00866257946724211,0.16824272393641432,0.042031206738490035,0.4658407286750883,0.421052634716,0.4663924091489863,0.4796948874078849
10928.676,-1.9428725426204387,2.961703405831786,-2.064789111087662,-0.2112678636212266,-0.41607717965066976,0.23607846978410457,-1.7950400114059448,2.8819475173950195,-2.0274794737445276,-0.18567372858524323,-0.3779028654098511,0.21052631735801697,0.00012674145656996205,0.16797453069505933,0.037309637343134305,0.46650540989677214,0.421052634716,0.46399528356657677,0.47311756095362256
10928.697,-1.9470643484310157,2.95333705312342,-2.0600801842015874,-0.20959029052427444,-0.41831763540915506,0.23544634429858538,-1.7950400114059448,2.8819475173950195,-2.0274794737445276,-0.18567372858524323,-0.3779028654098511,0.21052631735801697,-0.008437131976802764,0.16773991672656496,0.03260071045705981,0.46774244442807106,0.421052634716,0.46008091771320353,0.46658869085343874
10928.717,-1.9512203585778722,2.944932259179512,-2.0553996416910953,-0.2078005073382899,-0.4202396971862285,0.23402712551949684,-1.8041338920593262,2.8629605770111084,-2.0169532934771937,-0.18167941272258759,-0.37983348965644836,0.21052762866020203,0.004012130995802332,0.16833801743902566,0.03844634821390169,0.46865862275434794,0.421047359705,0.46079043149911814,0.4754655090256817
10928.736,-1.9553216715086443,2.9365060927848754,-2.0507334590117563,-0.20506564653412857,-0.42130831972264277,0.23330913396185976,-1.8086758852005005,2.8534646034240723,-2.0116899649249476,-0.18167941272258759,-0.37983348965644836,0.21052762866020203,0.005949997381827471,0.16842052466475224,0.03904349408680874,0.4683941806386111,0.421047359705,0.4618379998795205,0.47655381358829635
10928.757,-1.959372737900619,2.9280445007984777,-2.0460885554933306,-0.20255331961273138,-0.42307959934913053,0.2322451759373394,-1.8132082223892212,2.8439643383026123,-2.0064271132098597,-0.17767728865146637,-0.38172778487205505,0.21052631735801697,0.007876001774861571,0.168438439544111,0.039661442283470905,0.468873104433653,0.421052634716,0.463112173013232,0.4775143073790405
10928.777,-1.9633732757590967,2.9195627479151653,-2.0414691187159706,-0.2000268929195218,-0.42408764415635913,0.2309718388629577,-1.8132082223892212,2.8439643383026123,-2.0064271132098597,-0.17767728865146637,-0.38172778487205505,0.21052631735801697,-0.0007196581187803031,0.1681194363591461,0.03504200550611092,0.4686831907431206,0.421052634716,0.4603863863806602,0.47098497834879655
10928.797,-1.9673176306137052,2.9110582948554695,-2.036836491061131,-0.19721774272612186,-0.42522265297550965,0.23163138273692535,-1.8132082223892212,2.8439643383026123,-2.0064271132098597,-0.17767728865146637,-0.38172778487205505,0.21052631735801697,-0.009310715955107865,0.16782317860659374,0.03040937785127129,0.46849487614449914,0.421052634716,0.4562685684789206,0.4644817207892988
10928.817,-1.9712222734201243,2.902508131050677,-2.0322117087662384,-0.19523214031669409,-0.42750819023029113,0.23123911473958275,-1.821900486946106,2.8247902393341064,-1.9959004561053675,-0.1736435443162918,-0.3835742771625519,0.21052762866020203,0.0031099704182298293,0.16830744099016737,0.036311252660870874,0.469721227210413,0.421047866344,0.45675808931873074,0.4731952582615424
10928.838,-1.9750848490661557,2.8939313689495307,-2.027630736158562,-0.1839321736308629,-0.4084172429346539,0.21814155275874048,-1.8262416124343872,2.8152008056640625,-1.9906371275531214,-0.1736435443162918,-0.3835742771625519,0.21052762866020203,0.005000865183032999,0.16830865109580334,0.03699360860544054,0.44766963028874274,0.421047866344,0.45985375653320004,0.4751499138924196
10928.857,-1.9789019039748263,2.8853653723973522,-2.0230631265622776,-0.20089762676967923,-0.45084192379334315,0.24040050506465027,-1.8305728435516357,2.8056070804595947,-1.9853742758380335,-0.16960208117961884,-0.3853834867477417,0.21052631735801697,0.006918675999663837,0.16827069626428354,0.037688850724244105,0.49330711778190933,0.421052604914,0.45578750702804316,0.47413218044650085
10928.877,-1.9826789385860404,2.8767972814745097,-2.018494669397226,-0.18885173055657958,-0.4284045461327737,0.22842285824758893,-1.8305728435516357,2.8056070804595947,-1.9853742758380335,-0.16960208117961884,-0.3853834867477417,0.21052631735801697,-0.0016713790283836572,0.16793306809352,0.03312039355919261,0.46793588114030293,0.421052604914,0.4531373947548837,0.46871296538621005
10928.897,-1.986416400040084,2.868245997144585,-2.013911309745758,-0.18687307269809708,-0.42756421648690174,0.22916798256839496,-1.8305728435516357,2.8056070804595947,-1.9853742758380335,-0.16960208117961884,-0.3853834867477417,0.21052631735801697,-0.010229529755558527,0.1676490521995798,0.028537033907724663,0.4663931618005825,0.421052604914,0.44928995676131817,0.4623263119383166
10928.917,-1.990112434817409,2.8597227745864062,-2.0092959670844026,-0.18480173887903195,-0.4261611279383986,0.2307671330837284,-1.8388594388961792,2.786254644393921,-1.9748480955706995,-0.1655264049768448,-0.3871358036994934,0.2105226069688797,0.002298059960774909,0.16813611702886516,0.0344478715137031,0.4643053044190998,0.421038150787,0.45021766442541944,0.4712186770054622
10928.937,-1.993758310763776,2.851206853456691,-2.004691694413312,-0.18229379731436562,-0.4257960564764668,0.23021363354950733,-1.8429975509643555,2.776576280593872,-1.9695847670184534,-0.1655264049768448,-0.3871358036994934,0.2105226069688797,0.00433384250087733,0.16816583157796555,0.035106927394858545,0.4629775028954456,0.421038150787,0.45156291193809434,0.47233923996787824
10928.957,-1.997351161463261,2.8427359537881625,-2.000113603703095,-0.17964253497033464,-0.423544983417182,0.22890453550585782,-1.8471258878707886,2.7668936252593994,-1.9643219153033655,-0.16145190596580505,-0.3888683617115021,0.21052630245685577,0.006428358046876914,0.16816173118584143,0.03579168839972935,0.45988456679258966,0.421052634716,0.4535047311639709,0.4735160055177067
10928.978,-2.0008902395117154,2.8343203593521746,-1.9955492465947713,-0.17695390241885373,-0.4207797217902067,0.22821785541119805,-1.8471258878707886,2.7668936252593994,-1.9643219153033655,-0.16145190596580505,-0.3888683617115021,0.21052630245685577,-0.001930389732663497,0.16788720588970574,0.031227331291405758,0.4563114172651693,0.421052634716,0.4517291865409718,0.4672447825875918
10928.997,-2.0043797361344473,2.825936799509154,-1.9909749557850374,-0.1744748311486551,-0.4191779921800062,0.22871454050250548,-1.8471258878707886,2.7668936252593994,-1.9643219153033655,-0.16145190596580505,-0.3888683617115021,0.21052630245685577,-0.010240180175161456,0.16766039463509835,0.02665304048167183,0.4538886431884094,0.421052634716,0.4491030985383569,0.4609856278267685
10929.016,-2.007826071069862,2.8175823691065753,-1.986372329969773,-0.17231674676697853,-0.41772152011981506,0.2301312907581903,-1.8550033569335938,2.747370719909668,-1.9537952581988733,-0.15734410285949707,-0.39054325222969055,0.21052762866020203,0.0025383859359749614,0.1681606798147689,0.032577071770899746,0.45173390144772785,0.421047747135,0.45118967627712,0.4700384399766692
10929.037,-2.0112297745218655,2.809242163090107,-1.9817733916675975,-0.1701851725964532,-0.4170103008143147,0.22994691510376147,-1.8589370250701904,2.73760724067688,-1.9485324064837855,-0.15734410285949707,-0.39054325222969055,0.21052762866020203,0.004828199179657343,0.16822999773340455,0.03324098518381202,0.45027610137462276,0.421047747135,0.4538527860800989,0.47129184786988376
10929.059,-2.0145867519688467,2.8008893051903665,-1.9771767515474155,-0.15258988394784004,-0.3796753590645475,0.208938187272985,-1.8628606796264648,2.727839708328247,-1.9432690779315394,-0.15323001146316528,-0.3921809196472168,0.21052631735801697,0.007124898355957157,0.1682447040877696,0.0339076736158761,0.40907050803010947,0.421052634716,0.46159133088443915,0.4740505446803699
10929.077,-2.017907464063465,2.7925330538521167,-1.9725901821344505,-0.18448400527492095,-0.46423618550448487,0.25480941185672557,-1.8628606796264648,2.727839708328247,-1.9432690779315394,-0.15323001146316528,-0.3921809196472168,0.21052631735801697,-0.0010929114794111794,0.1679986305415094,0.02932110420291112,0.49941101125733917,0.421052634716,0.4563720445390791,0.46426768106332833
10929.098,-2.0211918242453955,2.7841695139168676,-1.967984270948374,-0.16421800909293277,-0.41817699675332587,0.2302955592988012,-1.8628606796264648,2.727839708328247,-1.9432690779315394,-0.15323001146316528,-0.3921809196472168,0.21052631735801697,-0.009302052729511456,0.1677953222500851,0.024715193016834558,0.44914684391888504,0.421052634716,0.4542498226244879,0.4597055017594468
10929.117,-2.0244506124467847,2.7757983178205334,-1.9633504349871518,-0.15518039053761387,-0.3986283855275692,0.2206588552895642,-1.8703253269195557,2.7081549167633057,-1.9327428976642054,-0.14908766746520996,-0.39377155900001526,0.21052762866020203,0.0035375564559181547,0.16827869455091465,0.03060753732294641,0.42767089738752817,0.421050071716,0.4589517126495948,0.46944568170950235
10929.137,-2.027685010061701,2.767429032593796,-1.9587285465533744,-0.1702314534145722,-0.4404886961386764,0.2432572859853044,-1.8740525245666504,2.6983108520507812,-1.9274795691119593,-0.14908766746520996,-0.39377155900001526,0.21052762866020203,0.005866888616401861,0.16836223774625508,0.031248977441415082,0.4721517222710848,0.421050071716,0.45961503096876327,0.46900291111679276
10929.157,-2.0308928564951434,2.759057798192285,-1.954091198967847,-0.16039232166860823,-0.4185617200664135,0.2318673792713014,-1.8777697086334229,2.688462734222412,-1.9222162405597132,-0.14494016766548157,-0.3953196704387665,0.21052631735801697,0.008207775180283247,0.16841316425559702,0.031874958408133924,0.4481730639546079,0.421052604914,0.46279740169671335,0.47103922426336464
10929.177,-2.0340715597582317,2.7506953230530655,-1.9494757833333827,-0.15893516316540254,-0.41812375698987664,0.2307707817391731,-1.8777697086334229,2.688462734222412,-1.9222162405597132,-0.14494016766548157,-0.3953196704387665,0.21052631735801697,3.9810614262961175e-05,0.1682354367923776,0.027259542773669487,0.44725855686076743,0.421052604914,0.4651991046684823,0.46476721080973293
10929.197,-2.0372126067312166,2.7423295287352096,-1.9448690288667954,-0.15705234864581666,-0.41828971588366415,0.23033772332433797,-1.8777697086334229,2.688462734222412,-1.9222162405597132,-0.14494016766548157,-0.3953196704387665,0.21052631735801697,-0.008120215065906496,0.16810036113045929,0.022652788307082172,0.44675209330789667,0.421052604914,0.4636669000771023,0.45855816059810883
10929.217,-2.04032111291503,2.73393288765923,-1.9402472927617929,-0.1554253091872673,-0.4198320537898212,0.23108680524508057,-1.884818196296692,2.668625831604004,-1.9116900602923792,-0.14076067507266998,-0.3968107998371124,0.2105226069688797,0.004747863905864867,0.16859307944201496,0.028557232469413663,0.4476288212549998,0.421037256718,0.46658457929734665,0.46752053371947877
10929.238,-2.0433951583676886,2.7255141004655714,-1.9356428594325044,-0.14638311680149102,-0.40089462829195494,0.219258729978426,-1.888337254524231,2.658705711364746,-1.9064272085772913,-0.14076067507266998,-0.3968107998371124,0.2105226069688797,0.007085382723968782,0.16868939430275134,0.02921565085521305,0.42673751916650765,0.421037256718,0.4721494060131165,0.4695120675336509
10929.257,-2.0464271272967043,2.7170650610523213,-1.931031945123119,-0.15957731205150205,-0.4446862849024532,0.2426797004909902,-1.8918461799621582,2.6487817764282227,-1.9011638800250452,-0.13658630847930908,-0.3982832133769989,0.21052630245685577,0.009411469227641946,0.16872848154617678,0.029868065098073826,0.47239372284478204,0.421052664518,0.47323521033904364,0.46902099486130006
10929.277,-2.0494187183836154,2.7085824569655452,-1.9264333812033243,-0.14957955434229303,-0.4241302043295439,0.22992819598471817,-1.8918461799621582,2.6487817764282227,-1.9011638800250452,-0.13658630847930908,-0.3982832133769989,0.21052630245685577,0.0011938367020235402,0.16853427251226213,0.025269501178279086,0.4496719493617492,0.421052664518,0.4755610548441196,0.4635237262434499
10929.297,-2.052380911311145,2.700037007893713,-1.9217929835171075,-0.14810964637324903,-0.42727245358229415,0.2320198843057767,-1.8918461799621582,2.6487817764282227,-1.9011638800250452,-0.13658630847930908,-0.3982832133769989,0.21052630245685577,-0.007067052436939267,0.16837029278268156,0.020629103492062262,0.4521469763323341,0.421052664518,0.4736686671299048,0.4571426225625196
10929.317,-2.055313514370492,2.6913918838122277,-1.9171363126966614,-0.1466301529641413,-0.4322562040648198,0.23283354101722142,-1.8984757661819458,2.628800630569458,-1.8906376997577112,-0.13238050043582916,-0.39969614148139954,0.21052762866020203,0.005634939681535077,0.16877201099157346,0.026498612938950172,0.45636413904301604,0.421048223972,0.47585920575097057,0.4657478739412072
10929.337,-2.0582309777875376,2.682641145626328,-1.9124619121715394,-0.14587317086236723,-0.43753690932522094,0.23372002627225633,-1.9017852544784546,2.6188080310821533,-1.8853743712054651,-0.13238050043582916,-0.39969614148139954,0.21052762866020203,0.00772521297054353,0.16879055642621613,0.02708754096607424,0.46112216778944515,0.421048223972,0.4778771725565401,0.46658508119654224
10929.357,-2.061141501336964,2.673789061549352,-1.907795668861314,-0.14552617746814583,-0.4426042038391454,0.23331216550617528,-1.9050846099853516,2.6088123321533203,-1.8801115194903772,-0.12817172706127167,-0.4010702073574066,0.21052631735801697,0.009720601484529877,0.16876385456641202,0.027684149370936773,0.4658274116147352,0.421052604914,0.47980722155270694,0.4673288420285983
10929.377,-2.0640415515226787,2.6648726824435016,-1.903196749313158,-0.14500250928256478,-0.4458189552827894,0.22994597740277797,-1.9050846099853516,2.6088123321533203,-1.8801115194903772,-0.12817172706127167,-0.4010702073574066,0.21052631735801697,0.0011219909124901076,0.1685491420148775,0.02308522982278083,0.4687318215139281,0.421052604914,0.4774708019942049,0.4608902234142008
10929.397,-2.0669276984107148,2.655907264205683,-1.8986367802097521,-0.14430734439865622,-0.4482709118811397,0.22799845516532066,-1.9050846099853516,2.6088123321533203,-1.8801115194903772,-0.12817172706127167,-0.4010702073574066,0.21052631735801697,-0.00752670104683998,0.16838784596112663,0.01852526071937488,0.4708628255316509,0.421052604914,0.47358571917521003,0.45461550349679897
10929.417,-2.069798857296939,2.6468756300479512,-1.8941301035082643,-0.14355794432112412,-0.4515817079178087,0.22533383508996818,-1.9112920761108398,2.588696002960205,-1.869584862385885,-0.12393692135810852,-0.4023950695991516,0.21052762866020203,0.0048025873326998855,0.16877856453044873,0.024545241122379213,0.4737939705069578,0.421048879623,0.47395164566832837,0.46320787858158796
10929.437,-2.072652288386071,2.637794803313985,-1.889631514292823,-0.14267155445350507,-0.45404133668839686,0.22492946076715115,-1.9143904447555542,2.5786361694335938,-1.864321533833639,-0.12393692135810852,-0.4023950695991516,0.21052762866020203,0.006568245906221577,0.16882953905534362,0.02530998045918409,0.4758801119111013,0.421048879623,0.4743622005447531,0.46428365048785136
10929.457,-2.075475316892453,2.6286632409900523,-1.8851128835591016,-0.14115142531601604,-0.45657811618667143,0.22593153668114319,-1.9174786806106567,2.568572998046875,-1.859058682118551,-0.11970030516386032,-0.4036795496940613,0.21052631735801697,0.008299015426151926,0.16883394420639714,0.026054201440550484,0.47784869884943515,0.421052664518,0.47482440020749034,0.46525366193485734
10929.476,-2.0782610816612026,2.6194866539249437,-1.8805796816265,-0.13928823843443347,-0.4588293532454147,0.22666009662513495,-1.9174786806106567,2.568572998046875,-1.859058682118551,-0.11970030516386032,-0.4036795496940613,0.21052631735801697,-0.0005247391219338968,0.16865024604578224,0.021520999507948835,0.47945125083988627,0.421052664518,0.4710855575875917,0.4589808050787758
10929.496,-2.0810096772507385,2.610276434600414,-1.876012577953945,-0.13742977948629362,-0.4605109662583107,0.2283551836435329,-1.9174786806106567,2.568572998046875,-1.859058682118551,-0.11970030516386032,-0.4036795496940613,0.21052631735801697,-0.00936498593042908,0.16850477892628551,0.016953895835393862,0.4805246381093251,0.421052664518,0.46599811879186154,0.4527657649617185
10929.518,-2.0837000066576232,2.6010302381524877,-1.8714406409383697,-0.12811092413346248,-0.4402950689354545,0.21771128644932555,-1.923261284828186,2.548330545425415,-1.8485320250140589,-0.11543850600719452,-0.40491265058517456,0.21052762866020203,0.002824264220637654,0.16884864407925645,0.022908615924310816,0.4584842382960264,0.421046674252,0.467669824597277,0.46186899675727544
10929.537,-2.086327956466321,2.5917900086226346,-1.8668763216481157,-0.13831314782450765,-0.4863278699863056,0.24022733106305758,-1.926147222518921,2.538207769393921,-1.843269173298971,-0.11543850600719452,-0.40491265058517456,0.21052762866020203,0.004514329926650282,0.16884473552351065,0.02360714834914468,0.5055226158646742,0.421046674252,0.4623610677264156,0.46144237970997026
10929.557,-2.0888894618859375,2.582559258567656,-1.8623241498096728,-0.12807527097802524,-0.46153750273885774,0.22760859191717778,-1.9290229082107544,2.5280821323394775,-1.838005844746725,-0.11117585748434067,-0.4061099588871002,0.21052631735801697,0.006230319183697576,0.16877871722741095,0.024318305062947854,0.4788742022501422,0.421052694321,0.4624343357499456,0.46311759254603413
10929.578,-2.09137212412938,2.573349874606702,-1.857789030940817,-0.11822201159913098,-0.438542093403374,0.2159580413862084,-1.9290229082107544,2.5280821323394775,-1.838005844746725,-0.11117585748434067,-0.4061099588871002,0.21052631735801697,-0.002539796619569268,0.16852295342918594,0.01978318619409203,0.4540705073729404,0.421052694321,0.4609007983777904,0.4574295762971772
10929.597,-2.093773118859572,2.5641546466668226,-1.853253488865362,-0.1263681436927764,-0.4839593652508842,0.2387127408104918,-1.9290229082107544,2.5280821323394775,-1.838005844746725,-0.11117585748434067,-0.4061099588871002,0.21052631735801697,-0.011275479614102066,0.1682757313405539,0.015247644118637105,0.5000026022643567,0.421052694321,0.45399403411116596,0.4500055420113321
10929.616,-2.096088446212351,2.5549264070753557,-1.848721062886094,-0.1157663676364206,-0.46141197956327346,0.22662129895845645,-1.9343780279159546,2.5077226161956787,-1.827479664479391,-0.10688755661249161,-0.4072464406490326,0.2105226069688797,0.0010254649077611963,0.16845594581590384,0.021241398406703027,0.4754678933667346,0.421039909124,0.45085750734511615,0.45879907867233277
10929.637,-2.0983259443052753,2.5456921348118025,-1.8442533563957673,-0.1118749046437722,-0.4617136131675829,0.22338532451145818,-1.937050223350525,2.4975414276123047,-1.822216812764303,-0.10688755661249161,-0.4072464406490326,0.2105226069688797,0.0028071907494179663,0.1682868635793735,0.022036543631464234,0.4747708572985434,0.421039909124,0.44803648006697366,0.459614862261121
10929.658,-2.100494623040632,2.5364685593396503,-1.8398075040479764,-0.10327041597515516,-0.4392178796509449,0.21170725466858878,-1.9397120475769043,2.4873576164245605,-1.816953484212057,-0.10260231047868729,-0.40836021304130554,0.21052630245685577,0.004612106509672913,0.16805252083887906,0.022854019835919503,0.450868082779077,0.421052604914,0.45073716858035007,0.4610262452124381
10929.676,-2.102616124186372,2.5272873412424604,-1.8353637391290938,-0.11165795503759376,-0.48322200510934005,0.23388236414885255,-1.9397120475769043,2.4873576164245605,-1.816953484212057,-0.10260231047868729,-0.40836021304130554,0.21052630245685577,-0.004057674775978272,0.16767723869216403,0.01841025491703685,0.4956062729843632,0.421052604914,0.44518589246563395,0.45335598097329627
10929.697,-2.104694293260457,2.518167723466533,-1.8309318658006997,-0.10390845370198085,-0.455980888786417,0.2215936664148691,-1.9397120475769043,2.4873576164245605,-1.816953484212057,-0.10260231047868729,-0.40836021304130554,0.21052630245685577,-0.012661831505014355,0.1673561534861046,0.01397838158864273,0.46736592137201843,0.421052604914,0.44089988251657486,0.4476823993687032
10929.717,-2.106733213285893,2.5090939115971516,-1.8264393138208115,-0.10194600126957683,-0.4536905934591663,0.22462759898950596,-1.9447356462478638,2.466480016708374,-1.8062165419207972,-0.09829142689704895,-0.40941405296325684,0.21052762866020203,0.0002650537680502288,0.16750846399609975,0.020222771900014314,0.46472489554195195,0.421047598124,0.4386920731441617,0.4563758378745542
10929.737,-2.108731301900923,2.5000801743822527,-1.8219441139078296,-0.09990443074931554,-0.4506868607351046,0.22475999564418708,-1.9470946788787842,2.4566540718078613,-1.8011639753924769,-0.09829142689704895,-0.40941405296325684,0.21052762866020203,0.0018944598714247876,0.16735780623740906,0.020780138515352764,0.4613756694691887,0.421047598124,0.43983904277747526,0.4570495097607442
10929.757,-2.110678687494344,2.4911179090032745,-1.8174395460004042,-0.09736927967778601,-0.4481132689798874,0.22522839538683675,-1.9495415687561035,2.4464163780212402,-1.7959006468402308,-0.09398311376571655,-0.41042962670326233,0.21052631735801697,0.004007097429618335,0.16717458263022278,0.021538899160173486,0.4583249390051247,0.421052604914,0.4415798074643165,0.4579462843713443
10929.777,-2.1125769860533126,2.482201676600372,-1.8129406262248149,-0.09491492794634782,-0.445811620135389,0.22494598877455793,-1.9495415687561035,2.4464163780212402,-1.7959006468402308,-0.09398311376571655,-0.41042962670326233,0.21052631735801697,-0.004352134552427327,0.16685980286608956,0.017039979384584125,0.45556469640837555,0.421052604914,0.43961115298249787,0.45159403267174664
10929.796,-2.1144266122548667,2.47327846201903,-1.8084561481612251,-0.09248131007568909,-0.44616072905737447,0.2242239031745936,-1.9495415687561035,2.4464163780212402,-1.7959006468402308,-0.09398311376571655,-0.41042962670326233,0.21052631735801697,-0.012711666714569716,0.1665744958138281,0.012555501320994367,0.4553926270683147,0.421052604914,0.43648152427265535,0.4452323509669561
10929.818,-2.116245338953779,2.464294862553069,-1.8040213016654698,-0.086606033286397,-0.42779045078404054,0.2111831664763924,-1.9540350437164307,2.425848960876465,-1.7853744665728968,-0.089652419090271,-0.4113929569721222,0.21052762866020203,-8.443498290022777e-05,0.1667041094497928,0.018646835092573033,0.4362245727847357,0.421048372984,0.4399719463809709,0.45416613413457013
10929.837,-2.118046503724636,2.4552376510913967,-1.7996943116487107,-0.094798145833412,-0.4766953400821841,0.22773631666873922,-1.956276297569275,2.4155642986297607,-1.7801111380206507,-0.089652419090271,-0.4113929569721222,0.21052762866020203,0.0019321839521285883,0.16655281792953347,0.019583173628060058,0.4857718293096706,0.421048372984,0.4359150433127809,0.4539220066245227
10929.856,-2.119837493191487,2.4461056890364974,-1.7954290929668808,-0.08954947334061035,-0.45659810273499846,0.21326093408684202,-1.9585071802139282,2.4052772521972656,-1.7748478094684046,-0.08532226085662842,-0.4123171269893646,0.21052631735801697,0.003866597908911071,0.16637151366980787,0.02058128349847621,0.4650735191164981,0.421052604914,0.4369074828946199,0.45545964564764413
10929.877,-2.1216193028943957,2.436961647401321,-1.7912121801202456,-0.08484808108829549,-0.4354305540427351,0.20080537364317122,-1.9585071802139282,2.4052772521972656,-1.7748478094684046,-0.08532226085662842,-0.4123171269893646,0.21052631735801697,-0.004744247415157051,0.16609321955226958,0.016364370651841043,0.4434468113936021,0.421052604914,0.4360165506632474,0.449841877455582
10929.897,-2.1233639403525544,2.4278897373791146,-1.7869482106172123,-0.09182302411248904,-0.4774689485313348,0.22441944752531917,-1.9585071802139282,2.4052772521972656,-1.7748478094684046,-0.08532226085662842,-0.4123171269893646,0.21052631735801697,-0.013270973656061672,0.1658703020667774,0.012100401148807727,0.4860517708478679,0.421052604914,0.4297883721493598,0.44292336671454624
10929.917,-2.1250474617234385,2.4189202027681818,-1.7826379882089352,-0.0841760685500245,-0.4484767305776425,0.2155111204287547,-1.9625667333602905,2.384619951248169,-1.7643216292010706,-0.08097158372402191,-0.4131881892681122,0.21052762866020203,-0.0006298381468901396,0.1660605240497089,0.018316359007864547,0.4561501105073588,0.421047359705,0.42834390746993123,0.45214821782625725
10929.937,-2.126665357540042,2.4100890444910856,-1.7783150976718494,-0.08089479082841138,-0.4415579138451682,0.21614452684957144,-1.9645910263061523,2.3742902278900146,-1.7590583006488245,-0.08097158372402191,-0.4131881892681122,0.21052762866020203,0.0016381715813956407,0.16597277038363736,0.019256797023024852,0.4487513101521498,0.421047359705,0.43066601897654105,0.453519456040221
10929.957,-2.128209650226527,2.4014043908596787,-1.7739337874553498,-0.07721463432255538,-0.4342326815608673,0.21906551082019665,-1.9666048288345337,2.3639585971832275,-1.7537954489337366,-0.0766235962510109,-0.41402187943458557,0.21052631735801697,0.004073164830439471,0.16583641062644067,0.020138338521613175,0.440881712015549,0.421052604914,0.4342721444075121,0.4548086853716955
10929.983,-2.1296912741913694,2.3927938384918033,-1.7695595091506946,-0.06734654385946309,-0.3913887440116837,0.19883083203859342,-1.9666048288345337,2.3639585971832275,-1.7537954489337366,-0.0766235962510109,-0.41402187943458557,0.21052631735801697,-0.0039350427873707725,0.16556924605346704,0.015764060216957976,0.3969809522455151,0.421052604914,0.4425359622925341,0.4495559350192621
10929.998,-2.131130052058847,2.384221155301157,-1.765134424683133,-0.0799321037486382,-0.4762601772573578,0.24583802597524212,-1.9666048288345337,2.3639585971832275,-1.7537954489337366,-0.0766235962510109,-0.41402187943458557,0.21052631735801697,-0.011891509921031596,0.16534119973645608,0.011338975749396463,0.4827311760165648,0.421052604914,0.43853166997204635,0.44164733889743246
10930.017,-2.1325211120837597,2.3756445199437675,-1.7606556838734941,-0.06955300124410761,-0.4288317678601148,0.22393704047705934,-1.9702284336090088,2.3432209491729736,-1.7432692686664026,-0.07225372642278671,-0.4147922992706299,0.2105226069688797,0.0012129436646592766,0.1654954083825407,0.0173864152070915,0.43425209524013825,0.421038299799,0.4422049721400842,0.45117527245123673
10930.038,-2.1338756163721815,2.367044285160464,-1.7561833370455768,-0.06772521441960995,-0.4300117391557841,0.22361734139098421,-1.9720348119735718,2.332850933074951,-1.7380059401141565,-0.07225372642278671,-0.4147922992706299,0.2105226069688797,0.0037758305812165133,0.16537041572982406,0.018177396931420287,0.4351270633676445,0.421038299799,0.4463472106014054,0.45220520363125594
10930.057,-2.1351979181869893,2.3584306139439724,-1.7517045700322957,-0.06296675308416864,-0.41017481982043213,0.21327461967354935,-1.9738305807113647,2.322479486465454,-1.7327430883990687,-0.06789117306470871,-0.41554316878318787,0.21052630245685577,0.00633072312146787,0.16520237018792466,0.018961481633227084,0.4148102190255988,0.421052664518,0.45263918382319723,0.4536911000063596
10930.077,-2.1364806494593065,2.349800011914386,-1.7472242409648255,-0.06751217223285448,-0.45424221212141164,0.23580679304443306,-1.9738305807113647,2.322479486465454,-1.7327430883990687,-0.06789117306470871,-0.41554316878318787,0.21052630245685577,-0.0016509478273276923,0.16492037577506108,0.014481152565756883,0.4590403113233117,0.421052664518,0.45076467772876444,0.4463057696164107
10930.096,-2.1377242752336216,2.3411381427027997,-1.7427504507101164,-0.06218128871439962,-0.43309346056986114,0.2236895127305761,-1.9738305807113647,2.322479486465454,-1.7327430883990687,-0.06789117306470871,-0.41554316878318787,0.21052630245685577,-0.009660035298232016,0.1646692815153306,0.010007362311047707,0.43734603505556574,0.421052664518,0.4497919611396229,0.4404476596437382
10930.118,-2.138927771793727,2.3324355151578597,-1.7382696024794502,-0.06017482800395259,-0.435131377237502,0.22404241152841914,-1.9770169258117676,2.3016695976257324,-1.7222164312945765,-0.06350744515657425,-0.4162329137325287,0.21052762866020203,0.003346311068882727,0.1647739843859391,0.016053171184873705,0.43907412953011915,0.421049922705,0.4532796037375649,0.4489600249096522
10930.137,-2.1400884125890394,2.3236913235964556,-1.7337895137634312,-0.058032039764354164,-0.4372095780606645,0.22400443579606122,-1.9786046743392944,2.2912635803222656,-1.7169535795794886,-0.06350744515657425,-0.4162329137325287,0.21052762866020203,0.00579358479241705,0.16460556074514002,0.01683593418394258,0.44083179999688726,0.421049922705,0.45693513684400044,0.449862197008366
10930.157,-2.1412155805075868,2.3149066155854063,-1.7293488135246733,-0.05635839592613928,-0.4392354005428748,0.22203501193304678,-1.9801816940307617,2.2808563709259033,-1.7116902510272425,-0.05912845581769943,-0.41688022017478943,0.21052631735801697,0.00819766600255721,0.16439017618858343,0.017658562497430808,0.44262438294073453,0.421052604914,0.46074973421111365,0.45070930930222336
10930.178,-2.1423132697817024,2.3060915712345333,-1.724907113981692,-0.05488446370957807,-0.4407522175741151,0.2220849771644127,-1.9801816940307617,2.2808563709259033,-1.7116902510272425,-0.05912845581769943,-0.41688022017478943,0.21052631735801697,4.86854527424925e-05,0.16408370065252187,0.01321686295444957,0.44395345277482096,0.421052604914,0.4632845594212614,0.4443065659338992
10930.197,-2.1433709931034852,2.2972413313896207,-1.7204686979018349,-0.05036777722621561,-0.4214399926020372,0.21135314665342148,-1.9801816940307617,2.2808563709259033,-1.7116902510272425,-0.05912845581769943,-0.41688022017478943,0.21052631735801697,-0.008132061254172273,0.16380807013393073,0.008778446874592394,0.4242388367343693,0.421052604914,0.46382595239001057,0.43828398421030346
10930.218,-2.1443963697409125,2.288348674168133,-1.7160187577087838,-0.05396719144288077,-0.4680345905988856,0.23420737857876767,-1.9829293489456177,2.259984016418457,-1.7011635939227503,-0.054731275886297226,-0.4174749553203583,0.21052762866020203,0.0046997841044700145,0.16387209842781594,0.014855163786033465,0.47091766608114505,0.421047329903,0.4643627209868001,0.4458527917460061
10930.237,-2.145377437458209,2.2793912092936104,-1.7115754963543848,-0.046717510350077325,-0.42654594642977656,0.2115838740308753,-1.9842976331710815,2.249547243118286,-1.6959007422076624,-0.054731275886297226,-0.4174749553203583,0.21052762866020203,0.006946867594265282,0.16367378133617175,0.01567475414672237,0.42888126332292054,0.421047329903,0.4693345984860228,0.44763782700689675
10930.258,-2.146323419610967,2.2703709538963093,-1.7071299511939757,-0.0472991076368668,-0.45101276985521105,0.22227725801560166,-1.9856553077697754,2.2391090393066406,-1.6906374136554163,-0.050339531153440475,-0.41803255677223206,0.21052631735801697,0.00913516076189741,0.16342612491361258,0.016492537538559393,0.45325630427198543,0.421052604914,0.47221931090984426,0.4478808537685661
10930.276,-2.1472499245533916,2.2612898838427036,-1.702669028535143,-0.048763418021745705,-0.47795105544707467,0.23478540309358603,-1.9856553077697754,2.2391090393066406,-1.6906374136554163,-0.050339531153440475,-0.41803255677223206,0.21052631735801697,0.0007400492093072447,0.1631081308977102,0.012031614879726593,0.48021313391016174,0.421052604914,0.46866329728781947,0.4409728161242004
10930.297,-2.148144137204701,2.2521109188851884,-1.6982020688143606,-0.0447106325645052,-0.45894824786573885,0.22334798603423778,-1.9856553077697754,2.2391090393066406,-1.6906374136554163,-0.050339531153440475,-0.41803255677223206,0.21052631735801697,-0.007749551176846715,0.16282387116226205,0.007564655158944333,0.46090940152047455,0.421052604914,0.46561837101426395,0.43497738544210385
10930.317,-2.149025985345644,2.242868341023436,-1.6937206283364123,-0.044092407046184674,-0.4621288930775449,0.22407202389252376,-1.9879628419876099,2.2181835174560547,-1.6801112333880823,-0.045930035412311554,-0.418535977602005,0.21052762866020203,0.004749808325633372,0.1628745406249644,0.013609394948330023,0.4640482036897578,0.421048611403,0.46681722287864064,0.44313211267546787
10930.337,-2.1498904524543203,2.2335931743757618,-1.6892789849581327,-0.04322335543679562,-0.46375833241575704,0.2220821689293347,-1.989111065864563,2.2077200412750244,-1.6748479048358362,-0.045930035412311554,-0.418535977602005,0.21052762866020203,0.006686709828026317,0.16271053463222007,0.014431080122296436,0.4656162307849427,0.421048611403,0.4681308782535812,0.44396832316051305
10930.358,-2.150723267157434,2.2243008747453468,-1.6848641265012225,-0.0396578430042101,-0.44249045857769914,0.21023135508454927,-1.990248680114746,2.1972553730010986,-1.6695845762835901,-0.041528306901454926,-0.41899964213371277,0.21052631735801697,0.00860442856958029,0.16251004910500266,0.015279550217632387,0.44412873380991924,0.421052604914,0.47200332294845104,0.4452547864233841
10930.377,-2.1515296877015575,2.215026738704099,-1.6804841581540013,-0.042443186532289755,-0.4881124232175767,0.23052464985092289,-1.990248680114746,2.1972553730010986,-1.6695845762835901,-0.041528306901454926,-0.41899964213371277,0.21052631735801697,9.453934911623357e-06,0.16225715626064083,0.010899581870411179,0.4898251945171769,0.421052604914,0.4674392735352839,0.43816780003059014
10930.397,-2.152291795729605,2.2057449811547096,-1.676101317763635,-0.03810540140153453,-0.4640878774593467,0.2191420195135313,-1.990248680114746,2.1972553730010986,-1.6695845762835901,-0.041528306901454926,-0.41899964213371277,0.21052631735801697,-0.008589848480741702,0.16203783282878795,0.006516741480044885,0.46552236329818375,0.421052604914,0.4638091721837869,0.43242387328878407
10930.418,-2.1530115408367996,2.1964420234470072,-1.6717152885592146,-0.03427357653500692,-0.4429979861059315,0.2088585335555534,-1.9921152591705322,2.176286458969116,-1.6590583960162562,-0.03710978105664253,-0.4193984568119049,0.2105226069688797,0.003843075426956201,0.16210826939029357,0.012656892542958431,0.4441969988202829,0.421037048101,0.46696181708729473,0.4411218795256681
10930.437,-2.1537148201935423,2.187156126247572,-1.667339176807332,-0.03701470298600681,-0.48873143154324256,0.2303216711488919,-1.993043065071106,2.165801525115967,-1.6537955443011683,-0.03710978105664253,-0.4193984568119049,0.2105226069688797,0.005767536211743501,0.16198199717765036,0.01354363250616375,0.4900235403884554,0.421037048101,0.46313795182578693,0.4412287225255123
10930.457,-2.154388457276521,2.1778836162221644,-1.6629801350296631,-0.03368185414820178,-0.46362550126025054,0.21795208887868667,-1.993043065071106,2.165801525115967,-1.6537955443011683,-0.03710978105664253,-0.4193984568119049,0.2105226069688797,-0.0028215847419861446,0.16177252909861264,0.009184590728494868,0.46475751076359295,0.421037048101,0.46038291790618413,0.43560435529992336
10930.478,-2.155034012189362,2.168647989386092,-1.6586318354878355,-0.03074071013434928,-0.4397917540852701,0.20706188293785735,-1.994678020477295,2.1448140144348145,-1.6432693640338343,-0.028272824361920357,-0.4201000928878784,0.21052762866020203,0.00967524756466689,0.16182858840297995,0.01536247145400127,0.4407929863047696,0.421050399542,0.46474096658069003,0.4444499999381494
10930.497,-2.1556353013260496,2.1594370196665067,-1.6542978709746703,-0.03164679667040799,-0.4847878800186532,0.22810339544879285,-1.994678020477295,2.1448140144348145,-1.6432693640338343,-0.028272824361920357,-0.4201000928878784,0.21052762866020203,0.0011474870230274853,0.16161609391939585,0.011028506940836014,0.48573825473603177,0.421050399542,0.4606957672610324,0.4374836440541714
10930.517,-2.1561628407811986,2.1501921106904067,-1.6499588328383825,-0.026376972756871238,-0.4622454487949089,0.2169519068096532,-1.995384931564331,2.1343114376068115,-1.6380060354815882,-0.028272824361920357,-0.4201000928878784,0.21052762866020203,0.003116646291747604,0.16153023984885137,0.011952797356794331,0.4628837147587574,0.421050399542,0.4617535230271218,0.4389816787311567
10930.537,-2.156636828832004,2.140929082005073,-1.6456352308305997,-0.023699402539760828,-0.4631514342565857,0.21618010038442184,-1.9960917234420776,2.1238090991973877,-1.632742706929342,-0.028272824361920357,-0.4201000928878784,0.21052762866020203,0.00506825472125832,0.16137576481640134,0.012892523901257613,0.46362699810914837,0.421050399542,0.4630089648752348,0.4399672246128418
10930.557,-2.157058472043227,2.131656220749117,-1.6413349205341552,-0.021082160560676477,-0.4636430627876602,0.21501551481753214,-1.9967879056930542,2.1133058071136475,-1.6274798552142542,-0.02385473996400833,-0.42037633061408997,0.21052631735801697,0.0070088920986375106,0.16116534227416138,0.013855065319900994,0.46397594120186003,0.421052604914,0.46449948062740753,0.44088191334694854
10930.578,-2.1574373758460412,2.1223755119460095,-1.6370264423631717,-0.01894519014202735,-0.4640354401874608,0.21542390856406315,-1.9967879056930542,2.1133058071136475,-1.6274798552142542,-0.02385473996400833,-0.42037633061408997,0.21052631735801697,-0.0015822359048698088,0.1608975087927808,0.00954658714891754,0.46427190810483104,0.421052604914,0.4618233747365623,0.4347001658453272
10930.598,-2.157776525772725,2.1130863437054206,-1.6327265126492592,-0.016957496333821046,-0.4644584120193067,0.21499648569093588,-1.9967879056930542,2.1133058071136475,-1.6274798552142542,-0.02385473996400833,-0.42037633061408997,0.21052631735801697,-0.010182725962417347,0.16066641233101106,0.005246657435004964,0.46461752657971583,0.421052604914,0.45822090774467383,0.42858951651244664
10930.618,-2.1580754232677224,2.103794410657337,-1.6284237376461599,-0.01494487474954084,-0.46459665239402886,0.21513875015026795,-1.997770071029663,2.0922765731811523,-1.616953198109762,-0.019422730430960655,-0.42059817910194397,0.21052762866020203,0.0022658477223381733,0.16070262123062976,0.011470539536397872,0.4646861798924563,0.421046406031,0.4590026193247518,0.4369165928601045
10930.637,-2.1583383094132422,2.094498400965768,-1.6241472221516864,-0.013144307275704894,-0.4648004845683192,0.21382577471900757,-1.998255729675293,2.081761598587036,-1.611689869557516,-0.019422730430960655,-0.42059817910194397,0.21052762866020203,0.0041821821657981855,0.16053400830579115,0.012457352594170468,0.4648400843930333,0.421046406031,0.45994757325008845,0.43792496400786896
10930.658,-2.1585657961989506,2.085210935834702,-1.6198905326403328,-0.010832704081959752,-0.44226024436128586,0.2026995005520252,-1.9987306594848633,2.0712461471557617,-1.606427017842428,-0.015000037848949432,-0.4207853376865387,0.21052631735801697,0.00610413550759422,0.1603278696327104,0.013463514797904752,0.4422589838984471,0.421052604914,0.46359785121625435,0.43933040515264116
10930.677,-2.1587601392403526,2.0759474036440753,-1.615663295663723,-0.010228581126294586,-0.48755432581649494,0.22248615666095106,-1.9987306594848633,2.0712461471557617,-1.606427017842428,-0.015000037848949432,-0.4207853376865387,0.21052631735801697,-0.0024811036105007673,0.16007929387730144,0.00923627782129488,0.4875224452336189,0.421052604914,0.45887511531776176,0.43248089962994135
10930.697,-2.1589129300856733,2.0666888032950697,-1.6114331995891762,-0.007275754538859882,-0.44088573089158645,0.20143314640084495,-1.9987306594848633,2.0712461471557617,-1.606427017842428,-0.015000037848949432,-0.4207853376865387,0.21052631735801697,-0.011061096653653383,0.15986488463297452,0.005006181746748162,0.44081733400506695,0.421052604914,0.4571965322779007,0.4270872547066432
10930.717,-2.1590246807803677,2.057422036652184,-1.6071913756712437,-0.005881615510158407,-0.4877245601459095,0.22325389041476343,-1.999269962310791,2.0502007007598877,-1.5959003607379358,-0.010564305819571018,-0.4209153652191162,0.21052762866020203,0.0014035564579937074,0.15991168748603804,0.011291014933307864,0.48761559035533497,0.421047925949,0.4529771489744267,0.43483276876977595
10930.737,-2.159098083218716,2.048138328502162,-1.602963728190392,-0.003670121917340555,-0.464185407490951,0.21138237403797616,-1.999534010887146,2.039677858352661,-1.590637509022848,-0.010564305819571018,-0.4209153652191162,0.21052762866020203,0.003324216897871629,0.1597536300564123,0.01232621916754395,0.4640633101227483,0.421047925949,0.4539584095964954,0.43631576166413855
10930.757,-2.1591381759849755,2.0388439604255164,-1.59874952178642,-0.0020046383131076062,-0.4647184038644092,0.21071032021315733,-1.999787449836731,2.0291547775268555,-1.5853741804706019,-0.006138690281659365,-0.4210078716278076,0.21052631735801697,0.0052316158225517,0.15955928172657885,0.01337534131581819,0.46459288334364396,0.421052634716,0.4550487028351136,0.43732914592361294
10930.776,-2.159147252937937,2.029549904894292,-1.5945443943108577,-0.00045384764807540834,-0.46470277655106645,0.21025637377352768,-1.999787449836731,2.0291547775268555,-1.5853741804706019,-0.006138690281659365,-0.4210078716278076,0.21052631735801697,-0.0033891156975284376,0.1593242507118125,0.009170213840255848,0.46458252032343106,0.421052634716,0.45218370200206615,0.43130221331849916
10930.797,-2.1591204225566627,2.0202514252957644,-1.5903338199068244,0.0013415190636952008,-0.4649239799162421,0.21052872019706828,-1.999787449836731,2.0291547775268555,-1.5853741804706019,-0.006138690281659365,-0.4210078716278076,0.21052631735801697,-0.01201442183681008,0.15912862578633852,0.004959639436222574,0.46480904057505973,0.421052634716,0.44808403171839895,0.425334062763009
10930.818,-2.1590597839607213,2.0109544946302416,-1.5861173405987523,0.0030319297970042734,-0.4648465332659954,0.21082396539900408,-1.9998836517333984,2.0081028938293457,-1.5748480002032679,-0.0017011024756357074,-0.4210352897644043,0.2105226069688797,0.0004126218131270303,0.15920113831633606,0.01126934039548444,0.4647455263937298,0.421038717031,0.4456129127587757,0.433797180565539
10930.837,-2.1589781098074994,2.0016918280822917,-1.5818821892000265,0.004083707661377832,-0.46313332742950386,0.21175756995092537,-1.999926209449768,1.9975770711898804,-1.56958514848818,-0.0017011024756357074,-0.4210352897644043,0.2105226069688797,0.0023513126835490363,0.1590877417036068,0.012297040711846563,0.4630595985303421,0.421038717031,0.4464502301108133,0.4349761229446851
10930.857,-2.1588636288327905,1.992497011114537,-1.5776331745119743,0.00572404873531991,-0.4597408483777001,0.21245073439797652,-1.9999580383300781,1.987051248550415,-1.5643218199359339,0.0027251779101788998,-0.4210438132286072,0.21052630245685577,0.004359230430306553,0.158939108255256,0.01331135457604038,0.45969096955965044,0.421052634716,0.4479385331097651,0.43613412654293554
10930.878,-2.1587088425260843,1.9833937451178287,-1.5733602946448768,0.0077393153351399836,-0.4551632998254797,0.21364399335020945,-1.9999580383300781,1.987051248550415,-1.5643218199359339,0.0027251779101788998,-0.4210438132286072,0.21052630245685577,-0.004064522922655575,0.1587409046769272,0.009038474708942923,0.4551419603862463,0.421052634716,0.44578496079163304,0.4301913835032352
10930.897,-2.1585244626353237,1.9743941202585462,-1.5690449821356418,0.009218994537828203,-0.44998124295430375,0.21576562545704045,-1.9999580383300781,1.987051248550415,-1.5643218199359339,0.0027251779101788998,-0.4210438132286072,0.21052630245685577,-0.012379404562469228,0.15858834810989966,0.00472316219970792,0.4499966984900139,0.421052634716,0.44320612375341106,0.4242754010335058
10930.917,-2.158309261025762,1.9654786047478539,-1.5647156457650406,0.01076008047883316,-0.44577577556543085,0.21646681854502142,-1.9996111392974854,1.9660016298294067,-1.5537956396686,0.007162061054259539,-0.42098814249038696,0.21052762866020203,0.0004419712993221234,0.1586983681601339,0.010920006096440726,0.44583296259614663,0.421049058437,0.4455016577165369,0.432937614841801
10930.937,-2.158086081820616,1.9566330390724769,-1.5603870865781575,0.011158960257052326,-0.4422782837591948,0.21642795933943232,-1.99943208694458,1.955476999282837,-1.5485323111163538,0.007162061054259539,-0.42098814249038696,0.21052762866020203,0.002807414881222935,0.15863336641389528,0.01185477546180369,0.44237047724517076,0.421049058437,0.4484671811076711,0.4342433045936463
10930.957,-2.1578790658226934,1.947853685265024,-1.5560614305814455,0.01035079989590459,-0.43896769036306743,0.21628279983087773,-1.99943208694458,1.955476999282837,-1.5485323111163538,0.007162061054259539,-0.42098814249038696,0.21052762866020203,-0.0052878711504966095,0.15854210308593492,0.007529119465091716,0.439072549957931,0.421049058437,0.4478194815570293,0.42840009673822943
10930.978,-2.1576559722711757,1.939099750673118,-1.5517431858085649,0.010623502452901232,-0.4168540281732844,0.2056307034642387,-1.9988528490066528,1.9344335794448853,-1.5380061308490198,0.016022875905036926,-0.4207424819469452,0.21052762866020203,0.007690839526044402,0.1586853997691125,0.013737054959545025,0.4169807656765024,0.421047478914,0.4542685016011371,0.43759118183287776
10930.998,-2.1573655315526543,1.9303128201771975,-1.5474338174008584,0.014522035927071608,-0.4393465248263932,0.21546842040021652,-1.9988528490066528,1.9344335794448853,-1.5380061308490198,0.016022875905036926,-0.4207424819469452,0.21052762866020203,-0.00041671758218054513,0.1585656883797008,0.009427686551838566,0.43956587144829845,0.421047478914,0.4570561185726081,0.4312112903868115
10931.017,-2.156990097997368,1.9214541235664202,-1.5431062145641652,0.019759660804302758,-0.46624719003519793,0.22776857034948259,-1.9984363317489624,1.9234942197799683,-1.532532040272848,0.016022875905036926,-0.4207424819469452,0.21052762866020203,0.002350496406780421,0.15854946846570087,0.01057417429131724,0.46661553303872977,0.421047478914,0.45489268438641356,0.4323802371313432
10931.037,-2.1565125671554215,1.912490423568153,-1.5387801479260519,0.023876542096801866,-0.4481849999035762,0.21630333190094364,-1.9980517625808716,1.9133963584899902,-1.5274794737445276,0.016022875905036926,-0.4207424819469452,0.21052762866020203,0.004166972133144788,0.1584085971396057,0.01130067418152425,0.4487196217629826,0.421047478914,0.4574226299680298,0.43348166140032335
10931.058,-2.1559573200631625,1.9034469802534157,-1.534455510099012,0.027762354612341965,-0.45217216572699387,0.2162318913472724,-1.9976404905319214,1.9028782844543457,-1.5222161451922815,0.02044576406478882,-0.42055588960647583,0.21052631735801697,0.006320416912551423,0.15819163776188516,0.012239364906730499,0.452882301464619,0.421052604914,0.45996475700628886,0.4343491717616541
10931.078,-2.1555216898650436,1.8966405896071514,-1.531204497274144,0.021781509907454866,-0.3403195323367392,0.16255064125463323,-1.9976404905319214,1.9028782844543457,-1.5222161451922815,0.02044576406478882,-0.42055588960647583,0.21052631735801697,1.636596806498577e-05,0.15800437231933442,0.00898835208186255,0.3409149840855854,0.421052604914,0.47185085534950794,0.431390465986928
10931.097,-2.1548835197282807,1.887517710799408,-1.5268721840471073,0.031908506837444346,-0.45614394037720923,0.2166156613471095,-1.9976404905319214,1.9028782844543457,-1.5222161451922815,0.02044576406478882,-0.42055588960647583,0.21052631735801697,-0.008441213657460873,0.1577658498086483,0.004656038854825795,0.4571050881285952,0.421052604914,0.46898079419315003,0.42349663980068075
10931.118,-2.1541920622579447,1.8783427052660349,-1.5225421544582924,0.03292654620547485,-0.436905025385405,0.20619188517537512,-1.9964077472686768,1.8818625211715698,-1.5116899649249476,0.024876542389392853,-0.4203033745288849,0.2105226069688797,0.004095078329348689,0.15777043288942919,0.01085218953334488,0.43798469172752585,0.421038925648,0.47271793237105386,0.4321245617874762
10931.137,-2.153450429008109,1.869105091679773,-1.5182308336207233,0.03903332893824707,-0.4861901887446716,0.22691162302717371,-1.9957858324050903,1.8713549375534058,-1.5064271132098597,0.024876542389392853,-0.4203033745288849,0.2105226069688797,0.006037162849185917,0.15756503258394636,0.011803720410863638,0.48756950120348524,0.421038925648,0.46907419750819945,0.4321947629155958
10931.164,-2.1524971247369757,1.8575206153141028,-1.5128443732909578,0.035307565597467346,-0.4290546802093085,0.1994985307317341,-1.9951533079147339,1.8608479499816895,-1.5011642614947718,0.029294226318597794,-0.4200323224067688,0.21052630245685577,0.005791529584907604,0.15727239437755267,0.011680111796185999,0.4303794042914917,0.421052604914,0.475191203356116,0.43253787308154606
10931.177,-2.151666888520406,1.8481608462489212,-1.5085498933401544,0.06386432435636308,-0.7199822358380077,0.3303446116254022,-1.9951533079147339,1.8608479499816895,-1.5011642614947718,0.029294226318597794,-0.4200323224067688,0.21052630245685577,-0.0029264107809932934,0.15699968036615614,0.007385631845382656,0.7225606176793764,0.421052604914,0.456895751614876,0.422375143894645
10931.198,-2.1508010470097942,1.8387578876739705,-1.504251544147389,0.0432920755296538,-0.4701479287372706,0.21491745963358405,-1.9951533079147339,1.8608479499816895,-1.5011642614947718,0.029294226318597794,-0.4200323224067688,0.21052630245685577,-0.01169126822461373,0.15677213969791642,0.0030872826526171515,0.4719860924302921,0.421052604914,0.4520873277521807,0.4195471945473052
10931.217,-2.1499249980529322,1.8293677071608463,-1.4999538631416183,0.04380244784214372,-0.4695090256459634,0.2148840502838425,-1.9934784173965454,1.83986234664917,-1.4906376043902796,0.0337194949388504,-0.4196958541870117,0.21052762866020203,0.0006054771725437537,0.15679701353807338,0.00931625875133868,0.4714318448909177,0.421048223972,0.4490585264758931,0.42779504472183083
10931.238,-2.149023390627268,1.8200251237776497,-1.4956950188230203,0.045080371282228617,-0.4671291691496336,0.21294221592525295,-1.9926354885101318,1.8293699026107788,-1.4853742758380335,0.0337194949388504,-0.4196958541870117,0.21052762866020203,0.00241546049284015,0.15664822492019048,0.010320742984986753,0.4691948489019303,0.421048223972,0.4464996174995237,0.4288654084087067
10931.257,-2.1480993547231417,1.810746073897608,-1.4914467192634633,0.044001709722768026,-0.4418595181220244,0.2022999790378771,-1.9917818307876587,1.818878412246704,-1.4801114241229456,0.038129907101392746,-0.41932255029678345,0.21052631735801697,0.0042839721615748425,0.15647028727162018,0.011335295140517676,0.44395705007885744,0.421052604914,0.44962427378236275,0.43030323868784714
10931.278,-2.147156856906797,1.8015631785319999,-1.487222923235385,0.04960514822806642,-0.48331028239450496,0.22230505410665521,-1.9917818307876587,1.818878412246704,-1.4801114241229456,0.038129907101392746,-0.41932255029678345,0.21052631735801697,-0.004284690526757931,0.15627814142485708,0.007111499112439468,0.4857642677392078,0.421052604914,0.4447521507592524,0.423716896152961
10931.297,-2.1461660239392226,1.7924346450173272,-1.482978059686464,0.049541648377633384,-0.45642667572367157,0.21224317744142587,-1.9917818307876587,1.818878412246704,-1.4801114241229456,0.038129907101392746,-0.41932255029678345,0.21052631735801697,-0.012801532252270304,0.15610852857014235,0.002866635563518294,0.459012886084632,0.421052604914,0.44105002946772054,0.41810554908453856
10931.317,-2.1451428492790416,1.7833309492922398,-1.4787224857405925,0.05115873300793237,-0.45518478624443437,0.21277869728892518,-1.9896656274795532,1.7979326248168945,-1.4695847670184534,0.042546916753053665,-0.41889360547065735,0.21052762866020203,-0.00024465879924816594,0.1561611845776234,0.009137718722139088,0.4579604418654959,0.421048790216,0.4391174594874138,0.42657758947707236
10931.337,-2.1440722191693835,1.7742557048173584,-1.4745015613215013,0.053531505486606824,-0.45376222377543446,0.21104622096914613,-1.9886019229888916,1.7874603271484375,-1.4643219153033655,0.042546916753053665,-0.41889360547065735,0.21052762866020203,0.0018044010918004793,0.15601961153026955,0.010179646018135813,0.45680689353897824,0.421048790216,0.4404066505298153,0.42773774925178276
10931.357,-2.142975586419989,1.7652294097868984,-1.4702910411805932,0.05483163746853533,-0.4513147515131508,0.21052600704081315,-1.98752760887146,1.7769891023635864,-1.4590585867511194,0.046948689967393875,-0.4184269607067108,0.21052631735801697,0.0038967055589440875,0.15584344637877157,0.011232454429473737,0.45453883021909885,0.421052604914,0.44227725065523343,0.42887771708705374
10931.378,-2.141835253014071,1.756258312011355,-1.466102023625406,0.057016670294650636,-0.448554888767373,0.20945087775478213,-1.98752760887146,1.7769891023635864,-1.4590585867511194,0.046948689967393875,-0.4184269607067108,0.21052631735801697,-0.004491645068343122,0.15562917410964716,0.007043436874286657,0.45205727305735033,0.421052604914,0.4404108827796189,0.42293636154879793
10931.397,-2.1406464437545374,1.7473451542634695,-1.461912290868331,0.05944046297538125,-0.4456578873845518,0.20948663784917812,-1.98752760887146,1.7769891023635864,-1.4590585867511194,0.046948689967393875,-0.4184269607067108,0.21052631735801697,-0.012829123551436145,0.15543344184510471,0.0028537041172116417,0.449478032338501,0.421052604914,0.4376255105253561,0.4170162202125488
10931.417,-2.1394133661586356,1.738477657346419,-1.4577415242949616,0.0616538797993488,-0.4433748458831756,0.20853832868288727,-1.9849709272384644,1.7560925483703613,-1.4485324064837855,0.05135525017976761,-0.4179041385650635,0.21052762866020203,-7.91511190712628e-05,0.15544370383034675,0.00920911781117617,0.4474998179335482,0.421047776937,0.43961906195867795,0.42560681518651033
10931.436,-2.138132286657916,1.7296524626352054,-1.4535811101574276,0.06405397503457327,-0.44125973555104114,0.20802070687215862,-1.9836870431900024,1.7456450462341309,-1.4432690779315394,0.05135525017976761,-0.4179041385650635,0.21052762866020203,0.002179061275092549,0.15525574917532414,0.010312032225888279,0.44572280068436043,0.421047776937,0.44209959034114754,0.42680736907058225
10931.458,-2.1368102113063077,1.7208585611718576,-1.4494425141757143,0.06295596912229734,-0.4187572125276035,0.19707599912319543,-1.9836870431900024,1.7456450462341309,-1.4432690779315394,0.05135525017976761,-0.4179041385650635,0.21052762866020203,-0.006067691890911397,0.15499760504870239,0.00617343624417499,0.4232987376068223,0.421047776937,0.44579315095405947,0.42106478292979294
10931.477,-2.135441887327361,1.7120791752083218,-1.4453001842909283,0.07201705152262249,-0.46207294544359506,0.21801736235448743,-1.9809001684188843,1.7247791290283203,-1.4327428976642054,0.0601409487426281,-0.4167211055755615,0.2105226069688797,0.006743444271621367,0.1549159697047799,0.012557286626722952,0.4674532174761821,0.421038508415,0.44672557855878986,0.4288661176591701
10931.497,-2.134034580853082,1.7032955592376589,-1.4411425141356742,0.07036532371882497,-0.4391807985635022,0.20788350777707648,-1.9809001684188843,1.7247791290283203,-1.4327428976642054,0.0601409487426281,-0.4167211055755615,0.2105226069688797,-0.0015043707931252613,0.15462674060793605,0.008399616471468807,0.4445922214640318,0.421038508415,0.44878664828896636,0.42319602576777815
10931.517,-2.1325723414785775,1.6944655134390463,-1.4369834586700172,0.07311196872361876,-0.4415022899209916,0.20795277327830983,-1.9793965816497803,1.7143610715866089,-1.4274795691119593,0.0601409487426281,-0.4167211055755615,0.2105226069688797,0.0007180733402995243,0.15446077496830832,0.00950388955805792,0.4473095920463092,0.421038508415,0.45099461075551867,0.4243621276774675
10931.537,-2.1310620568804466,1.6855930784120225,-1.4328359353651134,0.07551422990489978,-0.4436217513415031,0.2073761652406612,-1.9778931140899658,1.703943133354187,-1.4222167173968714,0.0601409487426281,-0.4167211055755615,0.2105226069688797,0.002888576174135911,0.1542371734687207,0.010619217968242056,0.44979165780337094,0.421038508415,0.45304587429224263,0.42542807312338626
10931.557,-2.1295073326615652,1.6766762301458082,-1.428724604652223,0.07773621094237143,-0.4458424133009835,0.20556653564003202,-1.9763790369033813,1.6935266256332397,-1.4169533888446253,0.0645197331905365,-0.41607996821403503,0.21052630245685577,0.005001464667591996,0.15397141338919867,0.011771215807597768,0.4523574532321723,0.421052664518,0.45524276491802246,0.4264415369813841
10931.578,-2.1279018408715413,1.6677259497757788,-1.4245914614613853,0.08027458950674342,-0.4475140185324043,0.20665715955617425,-1.9763790369033813,1.6935266256332397,-1.4169533888446253,0.0645197331905365,-0.41607996821403503,0.21052630245685577,-0.0034508799754299525,0.1536649811260535,0.007638072616759972,0.45443430054853035,0.421052664518,0.4532445347904349,0.4203145239997539
10931.598,-2.1262577921920687,1.658750645416473,-1.4204379606944464,0.08220243397183839,-0.44876521795549007,0.2076750383424108,-1.9763790369033813,1.6935266256332397,-1.4169533888446253,0.0645197331905365,-0.41607996821403503,0.21052630245685577,-0.01193291066801442,0.15339692216570824,0.0034845718498210942,0.45601531203602425,0.421052664518,0.44973017508185986,0.41424976178432443
10931.617,-2.12457557677342,1.649749988152743,-1.416251185567191,0.08411077093060805,-0.450032863176677,0.20933875635819524,-1.972944974899292,1.6727561950683594,-1.4064272085772913,0.0689004436135292,-0.4153721332550049,0.21052762866020203,0.0006085904124143657,0.15336477626581768,0.009823976989899785,0.4576164418344672,0.421047836542,0.4480723669144753,0.4226178326254968
10931.637,-2.122856563767484,1.640752096076827,-1.4120389803790658,0.08595065029491937,-0.4498946037859882,0.21061025940166592,-1.9712225198745728,1.6623718738555908,-1.4011638800250452,0.0689004436135292,-0.4153721332550049,0.21052762866020203,0.0026241252576721524,0.15314506856295595,0.010875100354020617,0.45782500373829027,0.421047836542,0.4493849051752035,0.4236252104457594
10931.658,-2.121138266692074,1.6318208492865947,-1.407868209858159,0.08591485376862146,-0.44656233950186613,0.20853852604079123,-1.9694894552230835,1.6519893407821655,-1.3959005514727991,0.07326441258192062,-0.4146295487880707,0.21052631735801697,0.0046972951871576615,0.1529119533819676,0.011967658385359847,0.4545844101884306,0.421052664518,0.4513026851904102,0.4247186505598415
10931.678,-2.1193811251174486,1.6229369768112676,-1.4037086959790295,0.08367340832019006,-0.42304154646789105,0.19807208949347446,-1.9694894552230835,1.6519893407821655,-1.3959005514727991,0.07326441258192062,-0.4146295487880707,0.21052631735801697,-0.003719089817939499,0.1526359096901674,0.007808144506230352,0.43106580612889756,0.421052664518,0.45449257679355826,0.4189752248891805
10931.697,-2.1175886655637366,1.6140860930894023,-1.3995578551993737,0.09433997651000126,-0.4658359853556213,0.218465304189732,-1.9694894552230835,1.6519893407821655,-1.3959005514727991,0.07326441258192062,-0.4146295487880707,0.21052631735801697,-0.012112367411097426,0.15239200387448995,0.003657303726574579,0.4750986932124053,0.421052664518,0.449495940731708,0.41248711555181283
10931.718,-2.115765608181011,1.6052623965619568,-1.3954269737354292,0.08681225631761932,-0.42017602510364244,0.1967086411342152,-1.9656188488006592,1.631295919418335,-1.3853743712054651,0.0776301696896553,-0.4138295650482178,0.21052762866020203,0.0005621560373450137,0.15238594963225616,0.010052602529964094,0.42887772816702296,0.421047925949,0.4535344061153601,0.4215970231386625
10931.738,-2.1138740236877394,1.596402357469991,-1.3913058192209804,0.0995570785920246,-0.4663178469398517,0.21690286917885954,-1.9636781215667725,1.6209501028060913,-1.380111042653219,0.0776301696896553,-0.4138295650482178,0.21052762866020203,0.002660837076066385,0.15216543878644628,0.011194776567761355,0.4766001027419942,0.421047925949,0.4503576094173352,0.42194927146341304
10931.758,-2.111960858829716,1.5875375496217279,-1.3872183020829953,0.09110308848241286,-0.4221337070838442,0.19464367324830859,-1.9617269039154053,1.6106064319610596,-1.3748481909381312,0.08197660744190216,-0.412995308637619,0.21052631735801697,0.004743751842028049,0.15192074038801404,0.012370111144864193,0.4316712648238566,0.421052604914,0.4547160505882916,0.4238214899253303
10931.777,-2.110028790451306,1.578696941065255,-1.383136940658114,0.10168780938875863,-0.46529518717708507,0.21480849604375493,-1.9617269039154053,1.6106064319610596,-1.3748481909381312,0.08197660744190216,-0.412995308637619,0.21052631735801697,-0.0036820916104026435,0.1516512689057009,0.008288749719982835,0.4760971405731035,0.421052604914,0.45073302398193715,0.4171491045754632
10931.798,-2.1080646203932076,1.5698685217901134,-1.3790213573434507,0.09820850290277365,-0.44142096374744233,0.20577916572867475,-1.9617269039154053,1.6106064319610596,-1.3748481909381312,0.08197660744190216,-0.412995308637619,0.21052631735801697,-0.012098874770299795,0.15141968768402064,0.004173166405319506,0.4520473006681735,0.421052604914,0.4475632907452039,0.41152864804539896
10931.817,-2.1060876097440824,1.561074990803731,-1.3748607569639717,0.09885053245410505,-0.43967654930952627,0.2080300189694073,-1.9574216604232788,1.5899989604949951,-1.364321533833639,0.0863240584731102,-0.41210466623306274,0.21052762866020203,0.00057238734370137,0.1514524112811865,0.010539223130332731,0.45050840538438136,0.421048820019,0.4491848369166929,0.42013127153209195
10931.836,-2.1041018450548368,1.5523437660211066,-1.3706919852893196,0.09928823446914326,-0.4365612391613926,0.208438583747014,-1.9552634954452515,1.5796962976455688,-1.3590582052813929,0.0863240584731102,-0.41210466623306274,0.21052762866020203,0.0027781006882528145,0.15130531205922113,0.011633780007926697,0.44758570804284215,0.421048820019,0.4514844959594903,0.4214013878637136
10931.857,-2.1020954006076833,1.5436633676900806,-1.3665142478922196,0.10032222235548403,-0.43401991654182437,0.2088868698504366,-1.9530950784683228,1.569395899772644,-1.353795353566305,0.0906524732708931,-0.4111781418323517,0.21052631735801697,0.005029361589806904,0.15112235019020961,0.012718894325914665,0.4453470764707849,0.421052664518,0.4543170445931177,0.4226029050280283
10931.877,-2.1000838061555327,1.5350348579233601,-1.3623494763456288,0.10057972260533457,-0.4314254883266065,0.20823857732499937,-1.9530950784683228,1.569395899772644,-1.353795353566305,0.0906524732708931,-0.4111781418323517,0.21052631735801697,-0.003199307155703244,0.15091763216336407,0.00855412277932377,0.44290066860318955,0.421052664518,0.45343131234529843,0.41669610832331966
10931.897,-2.0980563179436746,1.5264456673590288,-1.3582084777132257,0.10137441059068986,-0.429459528207195,0.20704993161563182,-1.9530950784683228,1.569395899772644,-1.353795353566305,0.0906524732708931,-0.4111781418323517,0.21052631735801697,-0.011397944168994877,0.15075997573406003,0.004413124146920744,0.4411806183006874,0.421052664518,0.451562243293535,0.41087132346083594
10931.917,-2.095997833814094,1.517857012324312,-1.3540423618626176,0.10292420648615239,-0.4294327517655196,0.2083057925448039,-1.9483569860458374,1.5488841533660889,-1.343269173298971,0.09497855603694916,-0.4101860821247101,0.2105226069688797,0.0014506140720689543,0.15085887156468364,0.010773188563646618,0.44151927069804986,0.421038657427,0.4542603273682489,0.4196511284975506
10931.937,-2.093907973742633,1.5092707390965234,-1.3499106969222334,0.1044930035707665,-0.42931366138005894,0.20658324701470043,-1.9459824562072754,1.5386295318603516,-1.338005844746725,0.09497855603694916,-0.4101860821247101,0.2105226069688797,0.003764081362733592,0.15076381907522607,0.011904852175508518,0.4417767405214237,0.421038657427,0.45725581278103883,0.4210226117098066
10931.957,-2.091768592327445,1.5006953937843257,-1.345762250594853,0.10696907075706463,-0.42876726560052714,0.20742231636449382,-1.943597674369812,1.5283772945404053,-1.332742993031637,0.0992879644036293,-0.4091786742210388,0.21052630245685577,0.006078853035838352,0.15061193878190968,0.01301925756321598,0.4418255772603122,0.421052604914,0.4605664302325562,0.4222866027645492
10931.977,-2.0895721972378896,1.4920924317388886,-1.3415757125559484,0.1098197544753719,-0.4301481022624653,0.20932690194065903,-1.943597674369812,1.5283772945404053,-1.332742993031637,0.0992879644036293,-0.4091786742210388,0.21052630245685577,-0.0021676623608184037,0.15040097684183196,0.008832719524311416,0.44385014465502953,0.421052604914,0.45971759092138387,0.4162670771222996
10931.997,-2.0873292327400232,1.4834647678968325,-1.3373980649578718,0.11214822490106775,-0.4313831921326256,0.20888237991826802,-1.943597674369812,1.5283772945404053,-1.332742993031637,0.0992879644036293,-0.4091786742210388,0.21052630245685577,-0.010451820750343913,0.15022202023685394,0.004655071926234822,0.44562488789664934,0.421052604914,0.4575304241815429,0.4103229417567533
10932.017,-2.085035194109394,1.4748190245127142,-1.333206283529449,0.11470193152896531,-0.4322871691964779,0.2095890714165708,-1.9384287595748901,1.5079692602157593,-1.322216812764303,0.1035938635468483,-0.40810516476631165,0.21052762866020203,0.0022864657357609813,0.1502902420269738,0.010989470765145892,0.447139728627284,0.421048104763,0.4597840773203763,0.4189612432907126
10932.038,-2.0827043217676406,1.466146458122941,-1.3290616963120518,0.11654361708511714,-0.43362831947918956,0.2072293608653305,-1.9357353448867798,1.4973585605621338,-1.3167427221881312,0.1035938635468483,-0.40810516476631165,0.21052762866020203,0.004877903785026075,0.15016751166196268,0.01231897412392069,0.44891927165242573,0.421048104763,0.46222432784094153,0.42049562074461905
10932.057,-2.0803432457466453,1.4574710176673968,-1.3249581669178006,0.11805380104718984,-0.43377202276774407,0.2051764697080861,-1.9332387447357178,1.4875667095184326,-1.3116901556598108,0.1078796535730362,-0.4069978892803192,0.21052631735801697,0.006609904440347484,0.15000598004398344,0.01326801125798971,0.44946077488275593,0.421052604914,0.46485272827280244,0.4214511189889757
10932.077,-2.0779392547497446,1.448788551669642,-1.3208590836105278,0.12019954985334316,-0.4341232999177526,0.20495416537780228,-1.9332387447357178,1.4875667095184326,-1.3116901556598108,0.1078796535730362,-0.4069978892803192,0.21052631735801697,-0.0017825604630449382,0.14979587979200495,0.009168927950716999,0.45036473297693713,0.421052604914,0.4634110191793042,0.41553598240624273
10932.097,-2.0754946686837177,1.440081224575278,-1.3167556741885031,0.11640886028344752,-0.414634623528493,0.1954004486618849,-1.9332387447357178,1.4875667095184326,-1.3116901556598108,0.1078796535730362,-0.4069978892803192,0.21052631735801697,-0.010210103362641887,0.14962410557096026,0.005065518528692303,0.4305823812472855,0.421052604914,0.4626896173292815,0.4098962444895648
10932.117,-2.0729987669926775,1.4313335409719374,-1.3126374478570706,0.13136324689524245,-0.46040440017018236,0.21674875428326762,-1.9276413917541504,1.467272162437439,-1.3011639753924769,0.11216264218091965,-0.405832976102829,0.21052762866020203,0.002362190187644317,0.1497156341421696,0.011473472464593737,0.4786845129943959,0.421047329903,0.45923047741553147,0.4179314733971233
10932.138,-2.070452631835638,1.4225436819363397,-1.308515924852227,0.12730675784919604,-0.4394929517702919,0.20607615023768663,-1.924837350845337,1.457126259803772,-1.2959006468402308,0.11216264218091965,-0.405832976102829,0.21052762866020203,0.004355764109591133,0.14960211251470668,0.012615278011996134,0.45747138799020953,0.421047329903,0.46074701491562825,0.41955804416935694
10932.157,-2.0678712707192366,1.4137191254783075,-1.304405393378742,0.12906805581725236,-0.44122782289198204,0.20552657366975555,-1.922023057937622,1.4469833374023438,-1.2906373182879847,0.11642352491617203,-0.4046367406845093,0.21052631735801697,0.006303852966306263,0.14946059816653184,0.013768075090757392,0.4596418581992635,0.421052634716,0.46232260992013646,0.4207436926710752
10932.178,-2.0652393042629527,1.4048690253094294,-1.3002946059755098,0.1253317360205557,-0.42143334139880245,0.19575178111728397,-1.922023057937622,1.4469833374023438,-1.2906373182879847,0.11642352491617203,-0.4046367406845093,0.21052631735801697,-0.002313385597117426,0.14926204052489772,0.009657287687525162,0.43959925308404135,0.421052634716,0.4647672042414701,0.41514474163302884
10932.197,-2.062575807635211,1.3960251715010532,-1.2961922669661523,0.1401840330373179,-0.4654659899088306,0.2159125794372239,-1.922023057937622,1.4469833374023438,-1.2906373182879847,0.11642352491617203,-0.4046367406845093,0.21052631735801697,-0.010935791632606696,0.14910472353666313,0.005554948678167637,0.48603933029079366,0.421052634716,0.4588423562353699,0.40874732315996815
10932.218,-2.0598684851430336,1.3871853846551643,-1.2921041454484736,0.13536612460591635,-0.44198934228479886,0.20440607587947215,-1.9159996509552002,1.4268110990524292,-1.2801111380206507,0.12068133801221848,-0.4033833146095276,0.21052762866020203,0.0014813068796752371,0.14921878039304612,0.011993007427822944,0.462174664309738,0.421048790216,0.4565783938667196,0.4176745880880133
10932.237,-2.057097130611931,1.3783527154187125,-1.2880474217103635,0.1385677265521142,-0.4416334618129482,0.20283618690108093,-1.9129825830459595,1.4167264699935913,-1.2748478094684046,0.12068133801221848,-0.4033833146095276,0.21052762866020203,0.0033574327274580665,0.14909820758747647,0.013199612241958869,0.4627570428969814,0.421048790216,0.45738356178064693,0.41895881115619277
10932.258,-2.0542942511736273,1.36954231618193,-1.28400557923479,0.14014397192486122,-0.44051996186957476,0.2020921237926433,-1.909955382347107,1.4066449403762817,-1.2695844809161585,0.12491580098867416,-0.4020962119102478,0.21052631735801697,0.0052427032569580465,0.14893900710957567,0.014421098318631476,0.46217094076101745,0.421052634716,0.4585510865118465,0.42021312462868066
10932.277,-2.0514419505203954,1.3607446221395847,-1.2799339936858263,0.14261503265848416,-0.43988470210766406,0.20357927744374113,-1.909955382347107,1.4066449403762817,-1.2695844809161585,0.12491580098867416,-0.4020962119102478,0.21052631735801697,-0.0033970662208780145,0.14870692024507678,0.010349512769667779,0.46230711274701697,0.421052634716,0.4556882098048781,0.41430086603945254
10932.297,-2.0485677462288754,1.3519703628011528,-1.2758159558475863,0.14371021457286143,-0.43871296691201883,0.20590189190750263,-1.909955382347107,1.4066449403762817,-1.2695844809161585,0.12491580098867416,-0.4020962119102478,0.21052631735801697,-0.012015530372151619,0.14852044937915615,0.006231474931427838,0.46154359743594225,0.421052634716,0.45168824968496885,0.4084383907987628
10932.317,-2.0456604321558003,1.3432093353360826,-1.2716524602151411,0.14536570365058177,-0.4380513732439501,0.20817478161771721,-1.9035089015960693,1.3866044282913208,-1.2590587774859827,0.1291426122188568,-0.4007435142993927,0.2105226069688797,0.0004244894922898687,0.14862708885576287,0.012593682729158395,0.46143672975850836,0.421038210392,0.4494417160802095,0.4170330334313187
10932.337,-2.0427036528461073,1.334453336297655,-1.2675054592997865,0.14783896549486678,-0.43779995195164184,0.20735004578206145,-1.9002803564071655,1.376585841178894,-1.2537954489337366,0.1291426122188568,-0.4007435142993927,0.2105226069688797,0.002326969061511301,0.148506324953145,0.013710010366049907,0.46197218982633936,0.421038210392,0.4502072129801631,0.41823847683663073
10932.357,-2.0397218370177637,1.3257332503986827,-1.263377921396267,0.14909079141392917,-0.4360042949390939,0.20637689517147004,-1.89704167842865,1.3665704727172852,-1.2485325972186487,0.13335253298282623,-0.3993775546550751,0.21052630245685577,0.004252196274744345,0.14834832391555577,0.014845324177618302,0.4606782493157008,0.421052634716,0.45136484874010585,0.4194403592448225
10932.378,-2.0366557515521095,1.3170223559840624,-1.2592976265050202,0.14600406978860184,-0.4148044959216557,0.1942997567201158,-1.89704167842865,1.3665704727172852,-1.2485325972186487,0.13335253298282623,-0.3993775546550751,0.21052630245685577,-0.004373932115212462,0.14808097110629484,0.010765029286371464,0.4395902962536449,0.421052634716,0.45053531602949526,0.4137901186276972
10932.397,-2.0335110754125183,1.3083245449696392,-1.2552393785216691,0.16550927050277395,-0.4577795270692918,0.21359199912112375,-1.89704167842865,1.3665704727172852,-1.2485325972186487,0.13335253298282623,-0.3993775546550751,0.21052630245685577,-0.01301723111559773,0.14780742913131184,0.0067067813030203816,0.4865411932112169,0.421052634716,0.4442551565795123,0.4071797506865451
10932.417,-2.0303071272855835,1.2996366860977169,-1.2511699447739502,0.1601974063578135,-0.43439294362614395,0.20347168740001195,-1.8901746273040771,1.3466696739196777,-1.2380059401141565,0.13755294680595398,-0.39794495701789856,0.21052762866020203,-0.0006196051383007203,0.14781351624259598,0.013164004659793616,0.4627281212721436,0.421047508717,0.44171933062674723,0.4159570782478944
10932.437,-2.027072063819239,1.2909806902968146,-1.2471051953664598,0.16175317331368322,-0.43279979003566593,0.20323747037008144,-1.8867357969284058,1.3367210626602173,-1.2327426115619105,0.13755294680595398,-0.39794495701789856,0.21052762866020203,0.0012715221506344465,0.14759685870715003,0.014362583804549356,0.46177210007453595,0.421047508717,0.4395378702399956,0.41710085864244845
10932.457,-2.0238270319767864,1.2823795408161267,-1.243036016817458,0.16225159211910034,-0.4300574740250082,0.20345892744565422,-1.8832868337631226,1.3267759084701538,-1.2274797598468226,0.14173033833503723,-0.39648181200027466,0.21052631735801697,0.0032102157918808966,0.14735087135601546,0.01555625697063534,0.45939625692354336,0.421052634716,0.4406579801648915,0.4182293295475176
10932.476,-2.0205923478774377,1.2738470154182346,-1.2389560821605254,0.16173420496390387,-0.42662626988529095,0.20399673284217018,-1.8832868337631226,1.3267759084701538,-1.2274797598468226,0.14173033833503723,-0.39648181200027466,0.21052631735801697,-0.005309465698308959,0.14705808886251842,0.01147632231370288,0.4560417515262933,0.421052634716,0.4381053477833546,0.4122744556815392
10932.497,-2.017370022760852,1.2653881616742342,-1.234854838881833,0.1611162558404222,-0.4229426872292575,0.20506216394879595,-1.8832868337631226,1.3267759084701538,-1.2274797598468226,0.14173033833503723,-0.39648181200027466,0.21052631735801697,-0.013754574410162465,0.14682495942882487,0.007375079035010446,0.4524136336650789,0.421052634716,0.4347196107771667,0.40639207240053415
10932.517,-2.0141314884943085,1.2569765860173647,-1.2307506769407441,0.16192671332364172,-0.4205787828342923,0.20520809704996418,-1.876002311706543,1.3070240020751953,-1.2169531027423304,0.14590124785900116,-0.3949624001979828,0.21052762866020203,-0.001111430962615123,0.1469121440022802,0.013797574198413765,0.45050364407460236,0.421049237251,0.4332940469345889,0.4151449765612088
10932.537,-2.010886096023296,1.2486142765572734,-1.2266471584720533,0.16226962354707292,-0.41811547299543894,0.20517592343006327,-1.8723547458648682,1.297149896621704,-1.2116902510272425,0.14590124785900116,-0.3949624001979828,0.21052762866020203,0.0010502736294565607,0.14678398521997904,0.014956907444810819,0.44834747651625806,0.421049237251,0.43518077766832286,0.41649379076897125
10932.558,-2.007628199579213,1.2403144887015258,-1.2225571086484464,0.16289482220059587,-0.41498939277832103,0.2045024911758834,-1.8686972856521606,1.2872796058654785,-1.2064269224749964,0.15004535019397736,-0.3934103846549988,0.21052631735801697,0.0032631989237358675,0.1466181182787925,0.016130186173449967,0.4456664226153398,0.421052664518,0.4376389349487574,0.41781632892526127
10932.578,-2.0043260956132913,1.2320485701377235,-1.218480797846195,0.16510519830750173,-0.4132959282186837,0.20381554012666103,-1.8686972856521606,1.2872796058654785,-1.2064269224749964,0.15004535019397736,-0.3934103846549988,0.21052631735801697,-0.0050368270253853195,0.14635665947455007,0.012053875371198508,0.444882910140262,0.421052664518,0.43613190399985813,0.41186380047860965
10932.596,-2.00097409808679,1.2237918248929234,-1.2144045868886582,0.16759987632140577,-0.41283726223099537,0.2038105478723883,-1.8686972856521606,1.2872796058654785,-1.2064269224749964,0.15004535019397736,-0.3934103846549988,0.21052631735801697,-0.013347607797692347,0.14611534760853923,0.007977664413661767,0.445370079186164,0.421052664518,0.4336113147527825,0.4059212307259276
10932.618,-1.9975741922688521,1.215550086207803,-1.210329104898925,0.1619002770397266,-0.39246374689852664,0.1940705709337526,-1.860998511314392,1.2676854133605957,-1.1959007422076624,0.15418265759944916,-0.3918021023273468,0.21052762866020203,-0.0006128921025408268,0.14618698070886416,0.014428362691262686,0.4243450224509526,0.421047717333,0.43780593438141807,0.4151058249066383
10932.637,-1.9941335881023377,1.2073087148483994,-1.2062801854023615,0.18108442981433268,-0.433756387331717,0.21310102613231532,-1.8571439981460571,1.2578903436660767,-1.1906374136554163,0.15418265759944916,-0.3918021023273468,0.21052762866020203,0.001578182755556462,0.146021088440777,0.015642771746945172,0.4698131205590343,0.421047717333,0.4349929138116009,0.4155097723957615
10932.657,-1.990662914759516,1.1990782650342284,-1.2022419602162389,0.17353366713729135,-0.4115224906995664,0.2019112593017239,-1.8532795906066895,1.2480993270874023,-1.1853740851031702,0.15829382836818695,-0.3901645541191101,0.21052631735801697,0.0037654572143719714,0.14581859830648658,0.016867875113068642,0.4464068965182637,0.421052634716,0.43755447270801756,0.41723705134076705
10932.677,-1.9871581045823654,1.1908814552865752,-1.1982231068873073,0.1752405088696455,-0.40984048741099105,0.20094266646046913,-1.8532795906066895,1.2480993270874023,-1.1853740851031702,0.15829382836818695,-0.3901645541191101,0.21052631735801697,-0.004558806103638617,0.14552167757643733,0.012849021784137049,0.44551274460523826,0.421052634716,0.43617945363446803,0.41127961223772597
10932.697,-1.9836391594232161,1.1827147747516207,-1.1941825992096926,0.17594725795362445,-0.4083340267388123,0.2020253838763231,-1.8532795906066895,1.2480993270874023,-1.1853740851031702,0.15829382836818695,-0.3901645541191101,0.21052631735801697,-0.012859285855486575,0.14527007824554994,0.008808514106522392,0.4444248410049421,0.421052634716,0.43366940845137614,0.40537916548774006
10932.717,-1.98010533269033,1.1745854110673257,-1.1900998509960723,0.1766913366404511,-0.4064681842058754,0.20413741067655977,-1.845170259475708,1.228671908378601,-1.1748479048358362,0.16239114105701447,-0.3884614408016205,0.2105226069688797,-7.678904687473398e-05,0.1453713083049068,0.015251946160236063,0.4430202310357565,0.421038210392,0.4358895569651321,0.41424319514029057
10932.738,-1.976575369454613,1.1665219309186554,-1.1860285609234031,0.1764981617819904,-0.4031740074247151,0.2035645036290143,-1.8411104679107666,1.2189604043960571,-1.1695850531207483,0.16239114105701447,-0.3884614408016205,0.2105226069688797,0.002241456148070642,0.1452429307238754,0.0164435078026548,0.4399436990321315,0.421038210392,0.4388763789111179,0.41568388020582864
10932.757,-1.9730467169716466,1.1585082978805445,-1.181940916508648,0.17643262416052136,-0.4006816519332391,0.20438222075188048,-1.837040901184082,1.209252953529358,-1.1643217245685022,0.16647198796272278,-0.3867459297180176,0.21052630245685577,0.0046075772938725945,0.14509091024746718,0.01761919194014583,0.43765902470390705,0.421052664518,0.4421027084421832,0.41707039733469314
10932.777,-1.9694981238528178,1.1505459933339819,-1.177861332727168,0.17742965593756832,-0.398115227319443,0.20397918906954704,-1.837040901184082,1.209252953529358,-1.1643217245685022,0.16647198796272278,-0.3867459297180176,0.21052630245685577,-0.0035148045174118042,0.1448415312046268,0.013539608158665839,0.4357126175804832,0.421052664518,0.4417441928080563,0.4111590839827225
10932.798,-1.9659149573149377,1.1426100518450375,-1.1737767939445924,0.1791583268900916,-0.3967970744385581,0.20422693912432424,-1.837040901184082,1.209252953529358,-1.1643217245685022,0.16647198796272278,-0.3867459297180176,0.21052630245685577,-0.011627338617516657,0.14461882202949428,0.009455069376090197,0.435208631296725,0.421052664518,0.4402927307421432,0.4052544459536671
10932.817,-1.9622938272290686,1.1346844173623638,-1.1696747464061414,0.181056504289501,-0.3962817241250347,0.20510237691807323,-1.8285242319107056,1.1900001764297485,-1.1537955443011683,0.17053815722465515,-0.3849654793739319,0.21052762866020203,0.0013054950781876407,0.1447495544567941,0.015879202104973178,0.43552004631310826,0.421048313379,0.4434304300550877,0.41420832863457163
10932.838,-1.9586265471147386,1.1267623558618232,-1.1655888079509684,0.18336400572917644,-0.3961030750544115,0.20429692277277242,-1.8242608308792114,1.1803760528564453,-1.1485322157489222,0.17053815722465515,-0.3849654793739319,0.21052762866020203,0.0036961469506151395,0.14461989041150883,0.01705659220204625,0.43631071996924786,0.421048313379,0.4469933137332376,0.41557387069089574
10932.858,-1.9549256616641695,1.118843874299391,-1.1615194735842929,0.17623264049791837,-0.37707055058051486,0.19377782697864218,-1.8199876546859741,1.1707563400268555,-1.143268887196676,0.1745765507221222,-0.3831557631492615,0.21052631735801697,0.006073086828182542,0.14445167856944424,0.018250586387616785,0.4160589311814871,0.421052634716,0.45270513904963167,0.41736532594452885
10932.877,-1.9511878610725333,1.1109314524652585,-1.1574592068220662,0.1967263469258102,-0.4164432544229196,0.2136982506408921,-1.8199876546859741,1.1707563400268555,-1.143268887196676,0.1745765507221222,-0.3831557631492615,0.21052631735801697,-0.002087887330971823,0.14418096980575004,0.01419031962539008,0.46039130721570243,0.421052634716,0.45024621536356907,0.410472580820022
10932.897,-1.9473954375123632,1.1030032092231103,-1.1533816255101366,0.1896211780043643,-0.39641216209875396,0.20387906559202926,-1.8199876546859741,1.1707563400268555,-1.143268887196676,0.1745765507221222,-0.3831557631492615,0.21052631735801697,-0.010284929576437382,0.14393557615146244,0.01011273831346049,0.4392483800704954,0.421052634716,0.4485768447883141,0.4049242843604989
10932.918,-1.9435598891623864,1.0950601079017046,-1.1493203107148247,0.19177741751209554,-0.39715506609773915,0.20306573977963172,-1.8110675811767578,1.1516870260238647,-1.132742706929342,0.17860381305217743,-0.3812902867794037,0.21052762866020203,0.002532354181165243,0.14406389802332029,0.016577603785482564,0.440856097676683,0.421048223972,0.4513495996798342,0.4138366974433518
10932.938,-1.93967721205032,1.0871070189331085,-1.1452637154954537,0.18488938628323692,-0.3787185223025551,0.19317120091653703,-1.8066024780273438,1.1421548128128052,-1.127479378377096,0.17860381305217743,-0.3812902867794037,0.21052762866020203,0.004795465956178253,0.14393105277378682,0.017784337118357696,0.4212674639033331,0.421048223972,0.45660953195762966,0.4156491395479513
10932.958,-1.9357410664999595,1.0791399816949032,-1.1412194621531941,0.19680727751373372,-0.398351861901567,0.2022126671085637,-1.802127718925476,1.1326271295547485,-1.122216526662008,0.18260374665260315,-0.3793957829475403,0.21052631735801697,0.007020692816667208,0.14375017046464555,0.019002935491186035,0.44412593798149785,0.421052604914,0.4596869420340956,0.416429577895361
10932.977,-1.9317370495032362,1.0711481916306362,-1.137185580288644,0.21073773666706275,-0.4206205296931077,0.21230957181583127,-1.802127718925476,1.1326271295547485,-1.122216526662008,0.18260374665260315,-0.3793957829475403,0.21052631735801697,-0.0013339696625682199,0.14344496821440378,0.014969053626635809,0.47023552585098416,0.421052604914,0.4563969641026873,0.4099043368686486
10932.998,-1.9276773490064043,1.0631297392189794,-1.133118253372435,0.20298502485562606,-0.4009226206105566,0.20336634582449767,-1.802127718925476,1.1326271295547485,-1.122216526662008,0.18260374665260315,-0.3793957829475403,0.21052631735801697,-0.009733795019945389,0.14317070269943452,0.010901726710426995,0.44916361817886336,0.421052604914,0.45381669602135877,0.4043302704938212
10933.017,-1.9235705263572607,1.055083202104369,-1.129045578041742,0.20534113245269972,-0.40232685572173515,0.20363376653020504,-1.7928084135055542,1.1137503385543823,-1.1116903463946741,0.18658705055713654,-0.3774369955062866,0.2105226069688797,0.002868426076639556,0.14329108551661457,0.01735523164706798,0.4514933305926321,0.421038478613,0.45557633998821284,0.4130926095011457
10933.038,-1.9194290695368261,1.0470186924392535,-1.1249880528137641,0.2070728410172071,-0.4032254832469742,0.20287626139447046,-1.7881437540054321,1.1043144464492798,-1.106427017842428,0.18658705055713654,-0.3774369955062866,0.2105226069688797,0.004912753282633554,0.1431590107430863,0.0185610349713361,0.45310238792962265,0.421038478613,0.45746254310614054,0.41437538703625343
10933.058,-1.915275573646975,1.0389635038524423,-1.1209469469260052,0.20767479448801857,-0.4027594293317687,0.2020552943835379,-1.7881437540054321,1.1043144464492798,-1.106427017842428,0.18658705055713654,-0.3774369955062866,0.2105226069688797,-0.003568630774329805,0.14290035037767215,0.014519929083577132,0.4529931544739836,0.421038478613,0.4553632231359643,0.40844464121624335
10933.078,-1.9110977938491884,1.030925225232571,-1.1169193212480226,0.20888898990377186,-0.40191393102135026,0.20138128391304672,-1.7786171436309814,1.0855422019958496,-1.095900837575094,0.19449560344219208,-0.3734343945980072,0.21052762866020203,0.008999352589156996,0.14301450446012623,0.02101848367292858,0.45280980914022256,0.421048432589,0.45797460705883763,0.4172698626544906
10933.097,-1.906878882781557,1.0228863672621809,-1.112884383971183,0.21094555337696513,-0.4019428985107293,0.20174686383757467,-1.7786171436309814,1.0855422019958496,-1.095900837575094,0.19449560344219208,-0.3734343945980072,0.21052762866020203,0.0005005774496290652,0.14274654734290435,0.01698354639608901,0.45378774354151713,0.421048432589,0.4564464928282389,0.41130138363382923
10933.118,-1.9026110011061057,1.0148419870246057,-1.1088433455971343,0.2133940837679088,-0.4022190118699776,0.20205191869802908,-1.7737547159194946,1.0762063264846802,-1.090637509022848,0.19449560344219208,-0.3734343945980072,0.21052762866020203,0.0024985291951107255,0.14269997106280602,0.018205836574286316,0.45516908283145274,0.421048432589,0.45778233166429877,0.41274007714501604
10933.137,-1.8983053568989114,1.0067941217038279,-1.1048071987680044,0.2152822103550138,-0.40239326603010844,0.20180734145208967,-1.7688922882080078,1.0668705701828003,-1.08537465730776,0.19449560344219208,-0.3734343945980072,0.21052762866020203,0.004475204796169842,0.1426074842070903,0.019432541460244313,0.4562168590331964,0.421048432589,0.45929104756621714,0.41410497018193065
10933.158,-1.893955813605553,0.9987384503471493,-1.1007621821768798,0.21747716466317593,-0.40278356782513897,0.2022508295518128,-1.764020562171936,1.0575395822525024,-1.080111328755514,0.19841162860393524,-0.37137332558631897,0.21052631735801697,0.006425533642450396,0.1424761565872611,0.020650853421365856,0.45760187307174116,0.421052634716,0.4609364674217492,0.41537841680676374
10933.176,-1.8895574862641997,0.9906764446675195,-1.096725948868355,0.2199163670828639,-0.40310028400935194,0.20181166544019316,-1.764020562171936,1.0575395822525024,-1.080111328755514,0.19841162860393524,-0.37137332558631897,0.21052631735801697,-0.002180247904680452,0.14221619105196592,0.016614620112840983,0.45903973277727594,0.421052634716,0.4584266202664642,0.40941178234161546
10933.197,-1.8851430478677056,0.9826266498756627,-1.0927021616922825,0.2207219198198889,-0.4024897395840518,0.20118935879923022,-1.764020562171936,1.0575395822525024,-1.080111328755514,0.19841162860393524,-0.37137332558631897,0.21052631735801697,-0.010786212241585671,0.1420079631707262,0.012590832936768548,0.458911406415879,0.421052634716,0.4547175577718797,0.40358355521477923
10933.217,-1.8807075382549026,0.9745997960221878,-1.0886884512418966,0.22177548063531086,-0.4013426926649847,0.2006855225149144,-1.753914713859558,1.0390714406967163,-1.06958514848818,0.20231330394744873,-0.3692573010921478,0.21052762866020203,0.001664077494908149,0.14223306272199251,0.019103302753716633,0.45842320280376564,0.421048253775,0.455607083407245,0.41255454745388564
10933.237,-1.876247308884614,0.9666020257482639,-1.0847016380313959,0.22301146850955458,-0.3998885136874662,0.19934066052068689,-1.748856782913208,1.0298399925231934,-1.0643218199359339,0.20231330394744873,-0.3692573010921478,0.21052762866020203,0.0036011252336000596,0.14217741890381363,0.020379818095461966,0.45775277683360527,0.421048253775,0.4568333323637584,0.41405935326017496
10933.257,-1.8717777191581948,0.9586501833715877,-1.0807355810714816,0.22347948633641274,-0.3975921188612938,0.19830284800941975,-1.7437896728515625,1.020613670349121,-1.0590584913836878,0.2061855047941208,-0.36711424589157104,0.21052631735801697,0.005570698704137421,0.1420893417246745,0.021677089687793805,0.45598443317510945,0.421052634716,0.4585093662556847,0.41556380872505544
10933.277,-1.8672509115357094,0.9507145858331516,-1.0767578838181353,0.2263403811193276,-0.39677987691314365,0.1988848626629733,-1.7437896728515625,1.020613670349121,-1.0590584913836878,0.2061855047941208,-0.36711424589157104,0.21052631735801697,-0.0029974031067839663,0.14184348785971806,0.017699392434447514,0.45666223173364445,0.421052634716,0.45610972778716996,0.40969278549888655
10933.297,-1.8626612994351959,0.9427811329817843,-1.072755904736793,0.22948060502066905,-0.3966726425597046,0.20009895406275058,-1.7437896728515625,1.020613670349121,-1.0590584913836878,0.2061855047941208,-0.36711424589157104,0.21052631735801697,-0.011591906025265095,0.14161212940415122,0.013697413353105148,0.45810900386023107,0.421052634716,0.4523571192389358,0.403810145002977
10933.318,-1.858050101794322,0.9348614282742708,-1.0687423218011631,0.23055988203865785,-0.3959852353670352,0.20067914677711016,-1.733297348022461,1.0023623704910278,-1.0485323111163538,0.21004162728786469,-0.36491629481315613,0.21052762866020203,0.0008633501952523687,0.1418410427212552,0.02021001068480932,0.4580707210110311,0.421047955751,0.45035946779888647,0.41278348968174344
10933.336,-1.8534125540526993,0.9269670760099624,-1.0647447389468523,0.2318773870971641,-0.3947176132427008,0.19987914272935817,-1.7280462980270386,0.9932394027709961,-1.0432689825641077,0.21004162728786469,-0.36491629481315613,0.21052762866020203,0.002802371731479174,0.14177752345450018,0.02147575638274457,0.4576431149469479,0.421047955751,0.4514754245364874,0.4142599415586546
10933.357,-1.848772158383025,0.9191225967359807,-1.0607497481144552,0.23201978347865226,-0.39222396369052287,0.1997495416154935,-1.7227860689163208,0.9841218590736389,-1.0380056540118616,0.21386800706386566,-0.3626924157142639,0.21052631735801697,0.004782392582352565,0.141684605955412,0.022744094102593593,0.45557860196344335,0.421052634716,0.45307155755976974,0.41574068367632283
10933.378,-1.844131924165565,0.9113334929864518,-1.0567704962231206,0.23201171086793923,-0.38945518746794416,0.19896259456238877,-1.7227860689163208,0.9841218590736389,-1.0380056540118616,0.21386800706386566,-0.3626924157142639,0.21052631735801697,-0.0037179243574180926,0.14145366683930605,0.01876484221125896,0.45320381623353334,0.421052634716,0.4509010984605744,0.40997464970604236
10933.397,-1.8394542024357428,0.9035777792732946,-1.05278861115867,0.2338860864860033,-0.3877856856493953,0.1990942532181857,-1.7227860689163208,0.9841218590736389,-1.0380056540118616,0.21386800706386566,-0.3626924157142639,0.21052631735801697,-0.012209040362817947,0.14124355384657022,0.014782957146808329,0.45271981173181364,0.421052634716,0.4475817918452559,0.4041889426539163
10933.418,-1.8347422746170823,0.8958412463285053,-1.0487767089573945,0.23559639094930868,-0.38682664726620686,0.20059511007763808,-1.711911916732788,0.9660958647727966,-1.0274794737445276,0.217673197388649,-0.36040499806404114,0.2105226069688797,0.00034944079206331025,0.1415022477626048,0.02129723521286686,0.45278256500162417,0.421038448811,0.44602200061753133,0.4132637587355039
10933.437,-1.8300049243169796,0.8881260630683401,-1.044779064829466,0.2368675149999644,-0.38575916299983876,0.19988220639206594,-1.7064701318740845,0.9570857286453247,-1.0222166220294397,0.217673197388649,-0.36040499806404114,0.2105226069688797,0.0023886966769169557,0.14145873797183553,0.022562442800026172,0.45253930440219614,0.421038448811,0.4475723946314951,0.41479549818556855
10933.459,-1.8252458651971875,0.8804383242142185,-1.0407900583379814,0.2163208690731615,-0.3494426751739371,0.18131847687870212,-1.701019287109375,0.9480811357498169,-1.0169532934771937,0.22145551443099976,-0.3581099808216095,0.21052630245685577,0.004438867254518163,0.141379238622029,0.023836764860787785,0.410859085197414,0.421052604914,0.4540903825007135,0.4174410477336744
10933.477,-1.8204680041185277,0.872785567460813,-1.036801767557611,0.2654367265917786,-0.4251531529662841,0.2215717100202156,-1.701019287109375,0.9480811357498169,-1.0169532934771937,0.22145551443099976,-0.3581099808216095,0.21052630245685577,-0.004016470002599665,0.14114278787035103,0.019848474080417455,0.5010645540501757,0.421052604914,0.4478629563351512,0.4092688587524284
10933.498,-1.8156566545837458,0.865156810469431,-1.032800659795582,0.2405674767557237,-0.3814378495954651,0.20005538811527812,-1.701019287109375,0.9480811357498169,-1.0169532934771937,0.22145551443099976,-0.3581099808216095,0.21052630245685577,-0.012468222886084672,0.14093513814064995,0.015847366318388456,0.450825551547723,0.421052604914,0.4446819249153748,0.404660271535929
10933.516,-1.8108126309065766,0.8575442449414901,-1.028785827704021,0.2422011838531725,-0.3806282763887409,0.2007416045736768,-1.6897679567337036,0.9302875399589539,-1.0064271132098597,0.22521574795246124,-0.3557521402835846,0.21052762866020203,0.00012479279328930087,0.14122104851038852,0.02235871449416127,0.45101582454288974,0.421048343182,0.4460593454019933,0.41379871084945463
10933.538,-1.80593986235547,0.8499487516374685,-1.0247844910821438,0.24363842755000795,-0.3797746651927873,0.2000668310894921,-1.6832365989685059,0.9199707508087158,-1.0003216902362269,0.22521574795246124,-0.3557521402835846,0.21052762866020203,0.0038767662309918613,0.14122372993707225,0.0244628008459169,0.45107361348083913,0.421048343182,0.4480535616446048,0.41653577349506515
10933.558,-1.8010351360066719,0.8423683762258432,-1.0207884859788035,0.24523631743455893,-0.3790187705729955,0.19980025516265407,-1.6784981489181519,0.9125056862831116,-0.9959009329425257,0.22894509136676788,-0.35336875915527344,0.21052631735801697,0.004255848027933967,0.14112562922575284,0.024887553036277765,0.45130477336218133,0.421052664518,0.4499828462144498,0.416838621966143
10933.578,-1.7961024494304372,0.8348024683299903,-1.0167913715441854,0.24663432882878228,-0.3782953948187921,0.19985572174471594,-1.6784981489181519,0.9125056862831116,-0.9959009329425257,0.22894509136676788,-0.35336875915527344,0.21052631735801697,-0.004209397837324089,0.14089301809919935,0.020890438601659733,0.45146528279185155,0.421052664518,0.44800523155068706,0.41098394959506823
10933.598,-1.7911268196936523,0.8272404261175399,-1.012777444232399,0.23693474936348508,-0.3600972482009437,0.19113939579353,-1.6784981489181519,0.9125056862831116,-0.9959009329425257,0.22894509136676788,-0.35336875915527344,0.21052631735801697,-0.012693384312173733,0.14069207535061154,0.01687651128987322,0.43093110473330953,0.421052664518,0.4466791247301859,0.40560016345239996
10933.617,-1.786099411454373,0.8196681938527437,-1.0087459034284927,0.2646004336430409,-0.39853854024754765,0.21218635809772715,-1.6668747663497925,0.8949529528617859,-0.9853742758380335,0.2326556295156479,-0.35093188285827637,0.21052762866020203,-0.00016579244485842581,0.1410045511755842,0.023371627590459187,0.47824050956848824,0.421048492193,0.4427456514817049,0.413590618903185
10933.638,-1.781026472444843,0.8120856054340878,-1.004728210143302,0.2536469504709572,-0.37912942092451885,0.20088466425515256,-1.6610583066940308,0.8861796259880066,-0.9801109472857874,0.2326556295156479,-0.35093188285827637,0.21052762866020203,0.001804486222533097,0.1409930087094094,0.024617262857514532,0.4560267165880335,0.421048492193,0.4438627700388329,0.41574322353456783
10933.657,-1.7759304595857108,0.8045140440893555,-1.0007183453586164,0.2548006429510479,-0.37857806722835435,0.2004932392299021,-1.6552331447601318,0.8774122595787048,-0.9748480955706995,0.23633316159248352,-0.34847086668014526,0.21052631735801697,0.003770052305116567,0.14095310685917226,0.025870249787916855,0.45622463284807174,0.421052604914,0.44523744505503465,0.41723781891743583
10933.679,-1.7708476568677785,0.796990983159383,-0.9966935545862331,0.24203822467703187,-0.3582409966854628,0.1916567034575798,-1.6552331447601318,0.8774122595787048,-0.9748480955706995,0.23633316159248352,-0.34847086668014526,0.21052631735801697,-0.004740012870371485,0.1407545004210908,0.021845459015533586,0.43225427965764124,0.421052604914,0.44494910732389265,0.41205107055033063
10933.698,-1.7657886247439551,0.7895369533460936,-0.9926558431951958,0.2662648486190163,-0.39231735858936895,0.21251112584146203,-1.6552331447601318,0.8774122595787048,-0.9748480955706995,0.23633316159248352,-0.34847086668014526,0.21052631735801697,-0.013178849584923026,0.1406090378444669,0.01780774762449633,0.47406315043768343,0.421052604914,0.4396624613467534,0.4053246799120729
10933.717,-1.7607551468009244,0.7821543595406834,-0.9886003955980437,0.25167389714604516,-0.369129690262457,0.20277237985318144,-1.6432428359985352,0.8601081371307373,-0.9643214384662073,0.2399905025959015,-0.34595608711242676,0.21052762866020203,-0.0004962028264514501,0.1410166245994845,0.024278957131836365,0.4467035009183994,0.421047568321,0.4413704374030597,0.41527953126627654
10933.737,-1.7557422499495794,0.7748445729893849,-0.9845366159464165,0.2506448425617781,-0.36548932755694397,0.20318898257692414,-1.6372430324554443,0.8514592051506042,-0.9590585867511194,0.2399905025959015,-0.34595608711242676,0.21052762866020203,0.00173839481924834,0.14109870442840244,0.02547802919529707,0.4431274429834171,0.421047568321,0.4437449228325759,0.41710752942778795
10933.758,-1.7507392667316264,0.7675963735054213,-0.9804656540647734,0.23823729610637223,-0.34515235639859215,0.19385532770817285,-1.6312345266342163,0.8428164124488831,-0.9537952581988733,0.24361653625965118,-0.34341856837272644,0.21052631735801697,0.004031063719383492,0.14114952245649187,0.026670395865900032,0.4193490177154129,0.421052634716,0.4490295780554033,0.4195158990148701
10933.777,-1.745759047958554,0.7603950659148335,-0.9763664582070186,0.2621167775269095,-0.37901618897366024,0.21574715040550124,-1.6312345266342163,0.8428164124488831,-0.9537952581988733,0.24361653625965118,-0.34341856837272644,0.21052631735801697,-0.004145528949046934,0.14103885613116404,0.022571200008145276,0.46079772199689023,0.421052634716,0.44619119230599236,0.41259746813067666
10933.797,-1.7407615972465371,0.7532234679196423,-0.9722508668476382,0.2498725355953938,-0.35857989975173205,0.20577956796453045,-1.6312345266342163,0.8428164124488831,-0.9537952581988733,0.24361653625965118,-0.34341856837272644,0.21052631735801697,-0.012305666747155518,0.14096682401275792,0.018455608648764832,0.43703147827665495,0.421052634716,0.4443879627188202,0.40754288203743116
10933.818,-1.7357386035529605,0.7460654256713201,-0.9681125694379379,0.25114968467334875,-0.3579021124083019,0.20691487048049784,-1.6188828945159912,0.8257688879966736,-0.9432690779315394,0.24721553921699524,-0.3408195674419403,0.2105226069688797,0.0005792044840567112,0.14144809353026827,0.02484349150639853,0.43721150960262595,0.421038597822,0.44718533500637314,0.41703809128944097
10933.837,-1.7306918578156492,0.7389148707884524,-0.9639840145954932,0.25233728688300905,-0.3575277441680951,0.20642774213650242,-1.612702488899231,0.8172484040260315,-0.9380062262164515,0.24721553921699524,-0.3408195674419403,0.2105226069688797,0.00293500126616468,0.14159455983315586,0.025977788379041744,0.43759409133304283,0.421038597822,0.4502795501889637,0.4188314882829091
10933.857,-1.725619723800065,0.7317733928669079,-0.9598581901063574,0.25360670077367187,-0.3570738960694316,0.20629122445228648,-1.606513500213623,0.8087341785430908,-0.9327428976642054,0.2507917284965515,-0.3382141888141632,0.21052630245685577,0.005284268713361212,0.14170861488661815,0.02711529244215205,0.43796085225960335,0.421052634716,0.45366916179536837,0.4205736575742753
10933.878,-1.7205462645966847,0.7246467265969808,-0.9557129183454447,0.2536729601634786,-0.3563333134885762,0.20726358804111225,-1.606513500213623,0.8087341785430908,-0.9327428976642054,0.2507917284965515,-0.3382141888141632,0.21052630245685577,-0.0028764075938667727,0.14165414645179347,0.022970020681239323,0.43740249719198443,0.421052634716,0.45313885142681287,0.41490543876362396
10933.897,-1.71541533300515,0.7175200909758572,-0.9515562197155655,0.25654657957113314,-0.3563317810484015,0.20783493148942433,-1.606513500213623,0.8087341785430908,-0.9327428976642054,0.2507917284965515,-0.3382141888141632,0.21052630245685577,-0.011069008475540681,0.14162307724182902,0.018813322051360104,0.4390718815905713,0.421052634716,0.4514097470255076,0.40920440536797065
10933.918,-1.7101605263611106,0.7103634755374775,-0.9473994347053016,0.2627403322201327,-0.35783077194372154,0.20783925052755825,-1.5938054323196411,0.7919500470161438,-0.9222167173968714,0.2543409466743469,-0.33554795384407043,0.21052762866020203,0.0016875504829648308,0.14209865843283034,0.025182717308430247,0.4439096979465382,0.421048402786,0.4537203841329273,0.41850161197957747
10933.937,-1.7047642989696419,0.7031736003836293,-0.943263702030462,0.2698113695675467,-0.35949375768456143,0.20678663373747064,-1.587446928024292,0.7835613489151001,-0.9169533888446253,0.2543409466743469,-0.33554795384407043,0.21052762866020203,0.003810638238775879,0.14216551858907628,0.026310313185836653,0.44942208132637984,0.421048402786,0.4557904666762926,0.41994322618694435
10933.958,-1.699236019682956,0.6959616174457439,-0.9391471728373173,0.27641396432826537,-0.3605991468863982,0.20582645965273957,-1.5810799598693848,0.7751790881156921,-0.9116900602923792,0.25785595178604126,-0.33285975456237793,0.21052631735801697,0.00583553727720898,0.14213447377289795,0.0274571125449381,0.4542392345875378,0.421052604914,0.457673800245898,0.4212252230286691
10933.977,-1.6936239639223853,0.6887390450180033,-0.9350406761375999,0.2806027880224028,-0.3611286213791475,0.2053248349813887,-1.5810799598693848,0.7751790881156921,-0.9116900602923792,0.25785595178604126,-0.33285975456237793,0.21052631735801697,-0.0027246468332982055,0.14188238156531596,0.02335061584522069,0.4571904007070997,0.421052604914,0.4552582961617079,0.4151494299959664
10933.997,-1.6879633989044445,0.6815083222033533,-0.9309305982990181,0.2830282509166072,-0.361536140757489,0.20550389194329222,-1.5810799598693848,0.7751790881156921,-0.9116900602923792,0.25785595178604126,-0.33285975456237793,0.21052631735801697,-0.011321643637365306,0.14166898853282608,0.01924053800663894,0.4590082904187808,0.421052604914,0.4514526641565157,0.4091800904814121
10934.018,-1.6822510322483208,0.6742628201304794,-0.9268201044828273,0.28561833279994675,-0.36227510363578674,0.2055246908050581,-1.568021297454834,0.7586662173271179,-0.9011638800250452,0.26134803891181946,-0.33011916279792786,0.21052762866020203,0.0010826013916911265,0.14202532782412639,0.02565622445778204,0.46119631836075636,0.421048045158,0.4490670793011401,0.4181984018575558
10934.037,-1.676492503684986,0.6670027649203742,-0.9227375129193784,0.2879264281604556,-0.3630027604973364,0.20412957816798488,-1.5614875555038452,0.7504132390022278,-0.8959005514727991,0.26134803891181946,-0.33011916279792786,0.21052762866020203,0.002921986891563158,0.14203840074188379,0.02683696144657932,0.46321040586859985,0.421048045158,0.4496280654825238,0.41962926927029554
10934.057,-1.6706938449506774,0.6597425459304911,-0.9186938187038964,0.2899329367091027,-0.36301094948623425,0.2021847107696871,-1.5549455881118774,0.7421668767929077,-0.890637222920553,0.2648058831691742,-0.32735782861709595,0.21052631735801697,0.004731200853755349,0.1420177630362461,0.028056595783343408,0.46447296417507644,0.421052604914,0.45035055478848446,0.42105160414842174
10934.077,-1.664878377255556,0.652519944638231,-0.9146731387761399,0.2907733847761699,-0.3611300646379641,0.20103399640172406,-1.5549455881118774,0.7421668767929077,-0.890637222920553,0.2648058831691742,-0.32735782861709595,0.21052631735801697,-0.003968478375413587,0.1417957748067183,0.024035915855586842,0.46353237093160043,0.421052604914,0.44713680966215136,0.4152299603336753
10934.097,-1.6590482972676606,0.6453554843615651,-0.9106521084333519,0.2915039993884081,-0.35822301382547833,0.20105151713501154,-1.5549455881118774,0.7421668767929077,-0.890637222920553,0.2648058831691742,-0.32735782861709595,0.21052631735801697,-0.012632701598858126,0.14159885101364067,0.02001488551279884,0.46172094411231673,0.421052604914,0.44287951424966476,0.409471411287457
10934.12,-1.6532135216442254,0.638259298571902,-0.9066322689360722,0.25368589665953717,-0.3085298169278188,0.17477563030854643,-1.5415422916412354,0.7259325981140137,-0.880111042653219,0.26823949813842773,-0.32454437017440796,0.21052762866020203,-0.00020252200440554202,0.14197545579366624,0.02652122628285314,0.39931862025572745,0.421048074961,0.4502628746176441,0.42057476815363964
10934.138,-1.6473830078328646,0.6312399173515801,-0.9026011743685406,0.3239174339639648,-0.3899656233505841,0.22394969819583735,-1.5348362922668457,0.7178189754486084,-0.874847714100973,0.26823949813842773,-0.32454437017440796,0.21052762866020203,0.0017711345947921536,0.14198436381487256,0.027753460267567642,0.5067896950970767,0.421048074961,0.44427628234220734,0.41879427992805834
10934.157,-1.6415466930854463,0.624278162054541,-0.8985581470226285,0.3071744603866728,-0.36640817352388516,0.212790912940135,-1.5348362922668457,0.7178189754486084,-0.874847714100973,0.26823949813842773,-0.32454437017440796,0.21052762866020203,-0.006736419193297635,0.14174489080648484,0.023710432921655533,0.47797812706045467,0.421048074961,0.4395034924280455,0.41389918946544385
10934.177,-1.6356742780654363,0.6173540389423574,-0.894539035417656,0.2936207510207962,-0.3462061556331103,0.2009555802625144,-1.5212554931640625,0.7017344236373901,-0.864321533833639,0.2750054895877838,-0.3188183903694153,0.2105226069688797,0.005802240864790337,0.14204943386207322,0.030217501584017037,0.45378421757169496,0.421038210392,0.44142355637752567,0.42370737593846597
10934.198,-1.6297932304060234,0.6104875976485987,-0.8905175472133786,0.29405238296422576,-0.34332206468044024,0.2010744102094805,-1.5212554931640625,0.7017344236373901,-0.864321533833639,0.2750054895877838,-0.3188183903694153,0.2105226069688797,-0.002663747478542991,0.14177209918740813,0.026196013379739647,0.45185950040856177,0.421038210392,0.43953465061494734,0.417824544795229
10934.217,-1.6238783526238656,0.6036621671664405,-0.8865015072218412,0.29574388910143573,-0.34127152410046196,0.20080199957248865,-1.5143803358078003,0.6937639713287354,-0.8590586821185511,0.2750054895877838,-0.3188183903694153,0.2105226069688797,-0.0006001093612469088,0.14180194169582586,0.027442825103290103,0.4513869837734152,0.421038210392,0.4379828822195124,0.419478538339516
10934.237,-1.61792961116847,0.5968762129357288,-0.8825127122362387,0.29743707276328707,-0.3392977115281794,0.19943974927576918,-1.507505178451538,0.6857934594154358,-0.853795353566305,0.2750054895877838,-0.3188183903694153,0.2105226069688797,0.0014688619641536754,0.14176626716860205,0.028717358669933746,0.4509880632253932,0.421038210392,0.43956187640929306,0.42104673286540323
10934.257,-1.6119811542391091,0.5901439079954993,-0.8785362140791695,0.2974228464886012,-0.336615247034741,0.19882490786720516,-1.500622034072876,0.6778299808502197,-0.8485325018512171,0.2783505320549011,-0.3159213364124298,0.21052630245685577,0.003576937321754445,0.14169300101373083,0.030003712227952395,0.448966890394147,0.421052634716,0.44163300446791487,0.4226283326902232
10934.277,-1.605996292611961,0.5834350589937962,-0.8745634689227104,0.29924308135087135,-0.33544245007783297,0.19863725781861755,-1.500622034072876,0.6778299808502197,-0.8485325018512171,0.2783505320549011,-0.3159213364124298,0.21052630245685577,-0.004845920334866069,0.1413883046473448,0.026030967071493327,0.44928690661825016,0.421052634716,0.43968055500831055,0.4166661368937832
10934.298,-1.5999866758953358,0.576749214369526,-0.8706002048167674,0.30048083582470386,-0.33429223120621526,0.19816320529282722,-1.500622034072876,0.6778299808502197,-0.8485325018512171,0.2783505320549011,-0.3159213364124298,0.21052630245685577,-0.013270698518374272,0.14111889298625005,0.022067702965550273,0.44925869838289384,0.421052634716,0.43638437776721123,0.41078480080159596
10934.318,-1.5939541267963873,0.5700887205426162,-0.8666490096673802,0.3016274549408446,-0.33302469133822116,0.1975597574650443,-1.4865472316741943,0.6621742248535156,-0.8380058447467249,0.2816636860370636,-0.3129655718803406,0.21052762866020203,-0.0006507169514469308,0.14147635064360237,0.02864316492065533,0.44908822114375313,0.421048551798,0.4350458153318126,0.420133304123565
10934.337,-1.5879053111868628,0.5634574500735963,-0.8627180329462123,0.30244078049712597,-0.33156352347391327,0.19654883607198245,-1.4792239665985107,0.6540371179580688,-0.8325322310077112,0.2816636860370636,-0.3129655718803406,0.21052762866020203,0.0018781503241760006,0.14146654532769676,0.030185801938501067,0.44855998757288335,0.421048551798,0.43682260736611567,0.42209900977679216
10934.358,-1.581844585200048,0.5568707707575995,-0.8587793954713263,0.28860599936333575,-0.31365139599028297,0.18755416546504278,-1.4724562168121338,0.6465330719947815,-0.8274796644793909,0.28493934869766235,-0.309991717338562,0.21052631735801697,0.0035917506539201033,0.1413939274826089,0.03129973099193539,0.42601261406655916,0.421052604914,0.44136358636695944,0.42416587603153244
10934.376,-1.5757861906959119,0.5503395455091442,-0.8548612004464924,0.318862868634837,-0.3437486972829079,0.20622079077820588,-1.4724562168121338,0.6465330719947815,-0.8274796644793909,0.28493934869766235,-0.309991717338562,0.21052631735801697,-0.004758212135486425,0.1410944274514021,0.027381535967101467,0.46862856759258975,0.421052604914,0.4377148210212693,0.41686483835239097
10934.399,-1.5697216261496374,0.5438555257472093,-0.8509069534017033,0.28878878790902657,-0.30876284579701024,0.18829747831754853,-1.4724562168121338,0.6465330719947815,-0.8274796644793909,0.28493934869766235,-0.309991717338562,0.21052631735801697,-0.0130738268132886,0.14082724668710456,0.023427288922312384,0.42255107838984285,0.421052604914,0.4371964660561666,0.41235438521181156
10934.418,-1.563647645517836,0.5374108357112004,-0.8469323478043096,0.3196831911741253,-0.33919421244983733,0.20918976830134306,-1.4580549001693726,0.6311771273612976,-0.8169534842120569,0.288189172744751,-0.30696696043014526,0.21052762866020203,-0.0003221472164796485,0.14121558533394063,0.029978863592252658,0.46586332281427323,0.421048343182,0.4343983789603083,0.4204583522790656
10934.438,-1.5575463297107293,0.5309879529434776,-0.8429728517278036,0.30506579034868214,-0.3211441383791325,0.19797480382098015,-1.450850248336792,0.6235029697418213,-0.8116901556598108,0.288189172744751,-0.30696696043014526,0.21052762866020203,0.0019052184178645765,0.14120712537450755,0.03128269606799272,0.4427177989583856,0.421048343182,0.4369621564202294,0.4229136603265806
10934.458,-1.551445198140685,0.5245961733941387,-0.8390005565411507,0.3050565784955576,-0.3195889774599688,0.19861475932830838,-1.443637728691101,0.6158360838890076,-0.8064268271075647,0.2914018929004669,-0.3039247393608093,0.21052631735801697,0.004157403327346695,0.1411732543147193,0.03257372943358594,0.44160727547012546,0.421052634716,0.4396871204902185,0.42457382576891267
10934.476,-1.5453359085492375,0.5182397521792996,-0.8350462687875678,0.3054644795657028,-0.3178210607350145,0.1977143876748275,-1.443637728691101,0.6158360838890076,-0.8064268271075647,0.2914018929004669,-0.3039247393608093,0.21052631735801697,-0.0040967905091449375,0.1408927963281778,0.028619441680003077,0.44061997744052783,0.421052634716,0.4386836452214408,0.4187166243108252
10934.498,-1.5392191192186142,0.5119248583970792,-0.8310712280470856,0.305839466552306,-0.31574468913284415,0.19875203703785166,-1.443637728691101,0.6158360838890076,-0.8064268271075647,0.2914018929004669,-0.3039247393608093,0.21052631735801697,-0.012324461094062586,0.14064655224053058,0.024644400939520805,0.43938780413091444,0.421052634716,0.4365365760201729,0.4129025901023489
10934.519,-1.5331214272013653,0.5056419517326258,-0.8270734903102418,0.30488460085578784,-0.31414533321581356,0.1998868868378246,-1.4289164543151855,0.6007866263389587,-0.7959006468402308,0.294587105512619,-0.30083248019218445,0.21052762866020203,0.0005281198766384221,0.14110601181221988,0.031172843470011036,0.4376130203445996,0.421048372984,0.4391454545262908,0.4225461208409319
10934.539,-1.527002383563509,0.49938048672194013,-0.8230551002560186,0.2913830303652313,-0.2981650004997517,0.19135190733812857,-1.4215517044067383,0.5932658314704895,-0.7906373182879847,0.294587105512619,-0.30083248019218445,0.21052762866020203,0.0028655680277824974,0.14115981089905263,0.03241778196803391,0.41675841684661175,0.421048372984,0.44452534510161956,0.42505340965420785
10934.558,-1.5208608989441739,0.4931404509023859,-0.8190048326030047,0.3070742309600501,-0.3120017909709014,0.20251338264627264,-1.4141795635223389,0.5857524871826172,-0.7853739897357386,0.2977352738380432,-0.29772305488586426,0.21052631735801697,0.005207862039808872,0.14117639591777112,0.03363084286726614,0.4376227496582896,0.421052634716,0.44793196263725515,0.4259498037065755
10934.578,-1.514685917944688,0.4869101408946158,-0.8149141779961118,0.32499900000006676,-0.32791105306790513,0.2152976109070762,-1.4141795635223389,0.5857524871826172,-0.7853739897357386,0.2977352738380432,-0.29772305488586426,0.21052631735801697,-0.0029838785398511314,0.14093414479056335,0.02954018826037319,0.4615368037595296,0.421052634716,0.44517604546983286,0.4191918194923023
10934.598,-1.508452172508207,0.48068226434943173,-0.8108014236609773,0.31168727181725364,-0.3113938272524072,0.20563771675223497,-1.4141795635223389,0.5857524871826172,-0.7853739897357386,0.2977352738380432,-0.29772305488586426,0.21052631735801697,-0.011212976366324595,0.1407172544225685,0.025427433925238718,0.4404374471468857,0.421052634716,0.44318485300956045,0.4139638022278875
10934.618,-1.5021831513491035,0.47445265499010303,-0.8066535376661728,0.31345105794832995,-0.3114804679596362,0.20739429973569973,-1.3988441228866577,0.5707220435142517,-0.774637524281637,0.3008476197719574,-0.2945575714111328,0.2105226069688797,0.001998008595952533,0.14121882994850996,0.032016013384535746,0.4417638864255199,0.421038538218,0.4457306778364381,0.4236870221368087
10934.638,-1.49591779539533,0.4682399895649081,-0.8025432646847319,0.31326779768183866,-0.3106332712529666,0.20551364906755623,-1.391623854637146,0.5636526346206665,-0.7695849577533167,0.3008476197719574,-0.2945575714111328,0.2105226069688797,0.003858093739659882,0.1413007927369968,0.032958306931415216,0.44106789915238387,0.421038538218,0.44860875410061707,0.42512106167173863
10934.657,-1.4896517206793085,0.4620622727781589,-0.7984681661772182,0.313303735794235,-0.30888583933071595,0.2037549253712401,-1.391623854637146,0.5636526346206665,-0.7695849577533167,0.3008476197719574,-0.2945575714111328,0.2105226069688797,-0.004363646482061487,0.14110642341669413,0.028883208423901463,0.43987606214431596,0.421038538218,0.4476415952928193,0.41930591422886204
10934.677,-1.4834030285633362,0.4559365857042229,-0.7944143110387138,0.31243460582021315,-0.3062843537179716,0.20269275693922617,-1.376428246498108,0.5490840673446655,-0.7590587774859827,0.3069884181022644,-0.28816530108451843,0.21052762866020203,0.008501142473443857,0.1415902112100476,0.03535553355273113,0.4374433799973989,0.421047657728,0.45153684369285557,0.42897260799942477
10934.697,-1.477149465710018,0.4498554616761613,-0.7904166731903552,0.3126781426590869,-0.3040562013964432,0.19988189241356719,-1.376428246498108,0.5490840673446655,-0.7590587774859827,0.3069884181022644,-0.28816530108451843,0.21052762866020203,0.00034588043715096106,0.14138939334042117,0.03135789570437253,0.43606094935117523,0.421047657728,0.45441544941724976,0.42322896528614923
10934.718,-1.4708718378529437,0.4438070352798978,-0.7863957473788947,0.3138813928468585,-0.30242131980657466,0.20104629056863751,-1.368753433227539,0.5418798923492432,-0.7537954489337366,0.3069884181022644,-0.28816530108451843,0.21052762866020203,0.0027194181152005725,0.14155938196423734,0.032600298445158105,0.43578352662079667,0.421047657728,0.4576587875552144,0.4251937034878002
10934.737,-1.464549979750479,0.4377701269250621,-0.7823705983132602,0.3160929051163334,-0.3018454177351948,0.20125745327733494,-1.3607717752456665,0.5343875885009766,-0.748321835194723,0.3069884181022644,-0.28816530108451843,0.21052762866020203,0.005492395428910973,0.14168515520007197,0.03404876311853722,0.43697687702015486,0.421047657728,0.4611782211417294,0.4273048418408887
10934.758,-1.4581757052901883,0.43173959564460007,-0.7783441536915114,0.3187137230365709,-0.3015265640439444,0.201322231101352,-1.3533968925476074,0.5274794101715088,-0.7432692686664026,0.3100033402442932,-0.28492677211761475,0.21052631735801697,0.00739154412132062,0.1417394679011258,0.035074885025108804,0.4386509292131291,0.421052664518,0.4648036274735842,0.42869273342408154
10934.779,-1.4517534905373801,0.42572243071112126,-0.7742802604729804,0.30581975012439616,-0.28653166349025483,0.19351872468605524,-1.3533968925476074,0.5274794101715088,-0.7432692686664026,0.3100033402442932,-0.28492677211761475,0.21052631735801697,-0.0008311148002565771,0.14151965405982408,0.031010991806577737,0.41898144579888874,0.421052664518,0.469416853656389,0.42348357339335907
10934.797,-1.4452526414826565,0.4197045622343882,-0.7702238410211542,0.3421499502444172,-0.31672991982417553,0.21349576061981645,-1.3533968925476074,0.5274794101715088,-0.7432692686664026,0.3100033402442932,-0.28492677211761475,0.21052631735801697,-0.009113279516083456,0.1413147005684475,0.026954572354751516,0.4661175293018819,0.421052664518,0.4654232434090041,0.4160725917691481
10934.818,-1.4386698905294413,0.4136688074772346,-0.7661709546982143,0.3134643311230827,-0.2874168932139212,0.19299458681749326,-1.3377549648284912,0.5133891701698303,-0.7327426115619105,0.3129870295524597,-0.2816395163536072,0.21052762866020203,0.0035721345229160623,0.14182811011827412,0.03342834313630383,0.4251627645708309,0.421048343182,0.47005648096587493,0.42701765786022616
10934.836,-1.4320194700265363,0.4076187480869315,-0.7620939090302619,0.3500221317275521,-0.3184241784331043,0.21458135094223452,-1.329930305480957,0.5063481330871582,-0.7274797598468226,0.3129870295524597,-0.2816395163536072,0.21052762866020203,0.00568398609774505,0.14190624116711004,0.0346141491834393,0.47305521852576804,0.421048343182,0.470065005555852,0.4268789451401473
10934.858,-1.4253025631938065,0.4015676133033695,-0.7580283352190424,0.33584534162915625,-0.30255673917149617,0.20327869055653355,-1.3220986127853394,0.499315083026886,-0.7222164312945765,0.3159326910972595,-0.27833765745162964,0.21052631735801697,0.0077454753249577984,0.14193530508387828,0.03581190392446598,0.45189353745460376,0.421052634716,0.47244500580552495,0.4292821227580872
10934.876,-1.4185262556457392,0.39550696873405083,-0.75392791006979,0.3388153773959719,-0.30303222845931804,0.20502125745814795,-1.3220986127853394,0.499315083026886,-0.7222164312945765,0.3159326910972595,-0.27833765745162964,0.21052631735801697,-0.0007611206133542187,0.14168216400118638,0.03171147877521352,0.4544262143811261,0.421052634716,0.47057159503187174,0.4232015089617453
10934.898,-1.4117056494514288,0.38945640954506516,-0.7497903075271026,0.34103030970807363,-0.30252795944268,0.20688012712985213,-1.3220986127853394,0.499315083026886,-0.7222164312945765,0.3159326910972595,-0.27833765745162964,0.21052631735801697,-0.009289794947775112,0.14146394900854253,0.027573876232526162,0.45574518293340344,0.421052634716,0.46736438892107235,0.4172002711745423
10934.918,-1.4048137254345734,0.38341222627585564,-0.7456391982574896,0.3445962008665918,-0.3022091634813654,0.20755546349499857,-1.306164026260376,0.48555752635002136,-0.7116902510272425,0.31883862614631653,-0.27498164772987366,0.2105226069688797,0.0031738203830357914,0.14196954722255486,0.033948947230247106,0.4581903629884193,0.421037971973,0.4684800883963496,0.4264376092809489
10934.938,-1.3978608548909766,0.37735285976605554,-0.7414391902458497,0.3476435271722534,-0.3029683254833919,0.21000040057741057,-1.2981929779052734,0.4786829948425293,-0.7064269224749964,0.31883862614631653,-0.27498164772987366,0.2105226069688797,0.005071489015457273,0.1420414093728296,0.03501226777085331,0.4609958470424881,0.421037971973,0.46958878260200443,0.427826157400616
10934.958,-1.3908699189376759,0.37129180683684226,-0.7372032802842721,0.34954679765740476,-0.30305264645404867,0.2117954980742586,-1.2902151346206665,0.4718164801597595,-0.7011640707599085,0.3217218816280365,-0.2716253697872162,0.21052630245685577,0.00694522211467484,0.1420857467952389,0.03603920952436357,0.46250552915541704,0.421052634716,0.4708124409164715,0.4291774197654134
10934.977,-1.3838491480257469,0.3652351019379889,-0.7329596589986057,0.3510385455887869,-0.3028352449360572,0.21218106427868627,-1.2902151346206665,0.4718164801597595,-0.7011640707599085,0.3217218816280365,-0.2716253697872162,0.21052630245685577,-0.0017220757723207109,0.14185891972318582,0.031795588238697214,0.46350958203857145,0.421052634716,0.4679111353722322,0.42307271450345524
10934.997,-1.3767987014803045,0.3591719381858116,-0.7286757741413086,0.35252232729648697,-0.30315818762981994,0.21419424287966232,-1.2902151346206665,0.4718164801597595,-0.7011640707599085,0.3217218816280365,-0.2716253697872162,0.21052630245685577,-0.010411741635769967,0.14169369260051023,0.027511703381400077,0.46486935424431436,0.421052634716,0.4636507808326451,0.41702872909435873
10935.019,-1.3696986831048061,0.353103152641589,-0.7243985466037406,0.3380961131086601,-0.2889897878113141,0.20367750178274158,-1.2736694812774658,0.4581288993358612,-0.6904271284686487,0.3245646357536316,-0.2682150900363922,0.21052762866020203,0.0023170886792485967,0.14229071007039773,0.03397141813509186,0.4447087840311995,0.421048134565,0.4660932951851616,0.42735502249735635
10935.037,-1.3625420025044013,0.34704365622220623,-0.7201700757604096,0.3766674000166928,-0.31892086417413124,0.22255109701469386,-1.2658799886703491,0.45169174671173096,-0.6853745619403284,0.3245646357536316,-0.2682150900363922,0.21052762866020203,0.0036434880063797165,0.1424131059864422,0.03479551382008117,0.4934707685626254,0.421048134565,0.4612728715798069,0.42672983082817806
10935.058,-1.3553319731557996,0.34098467900180274,-0.715954719708526,0.3605014674222165,-0.302948861013562,0.21076780258957997,-1.2577590942382812,0.44499456882476807,-0.6801112333880823,0.3273686170578003,-0.2647925913333893,0.21052631735801697,0.005349868783972117,0.14251281621395445,0.03584348632044365,0.47082330413278617,0.421052634716,0.4614689034708588,0.4290824355370968
10935.078,-1.3480628637902674,0.3349431939586865,-0.7117973754613158,0.3634554683017304,-0.30207425217669215,0.20786721237487554,-1.2577590942382812,0.44499456882476807,-0.6801112333880823,0.3273686170578003,-0.2647925913333893,0.21052631735801697,-0.003508066943186172,0.1423157383128625,0.0316861420732335,0.4725181312793823,0.421052634716,0.45744685232894683,0.4230832333337126
10935.096,-1.3407468118945687,0.32892976481146524,-0.7076713035966476,0.3658025947769517,-0.30067145735449946,0.2063035932289058,-1.2577590942382812,0.44499456882476807,-0.6801112333880823,0.3273686170578003,-0.2647925913333893,0.21052631735801697,-0.012389264670283298,0.14214255567343564,0.027560070208565324,0.47342154429740385,0.421052634716,0.45208405526138934,0.4171885906832333
10935.118,-1.3333811877546962,0.322939722586042,-0.703567811728504,0.3682812069855871,-0.2995021112646257,0.20517459340270283,-1.241259217262268,0.4319196343421936,-0.6695850531207483,0.33013883233070374,-0.26132330298423767,0.21052762866020203,-0.000257141119506199,0.14269902764991443,0.03398275860775568,0.4745893508405025,0.421048104763,0.4483233425138917,0.4264323919773164
10935.138,-1.3259817036611201,0.3169940066625626,-0.6995290982607383,0.3699742046707266,-0.2972857961674792,0.20193567338387927,-1.2330057621002197,0.42538654804229736,-0.6643217245685022,0.33013883233070374,-0.26132330298423767,0.21052762866020203,0.0013507747795206138,0.14279931422590406,0.03520737369223603,0.4744937598633422,0.421048104763,0.4448012240887212,0.42805858070837327
10935.157,-1.3185760332658059,0.3111156095521457,-0.6955483765113579,0.37028351975763035,-0.293919855514431,0.19903608746467327,-1.224745750427246,0.4188618063926697,-0.6590583960162562,0.3328702449798584,-0.25784242153167725,0.21052631735801697,0.0029892685718046763,0.14284407297667862,0.03648998049510177,0.4726133134651067,0.421052634716,0.4416974677792884,0.4297209330548186
10935.178,-1.3111960785388825,0.30531515824580496,-0.6915881122118952,0.36899773637167177,-0.29002256533708254,0.19801321498682317,-1.224745750427246,0.4188618063926697,-0.6590583960162562,0.3328702449798584,-0.25784242153167725,0.21052631735801697,-0.005828652034653922,0.14259217142415784,0.03252971619563905,0.4691797984820502,0.421052634716,0.4376841948739722,0.4240117735985318
10935.197,-1.3038597515571173,0.29960052503552465,-0.687623227984926,0.3668163490802546,-0.285731660507779,0.19824421134413112,-1.224745750427246,0.4188618063926697,-0.6590583960162562,0.3328702449798584,-0.25784242153167725,0.21052631735801697,-0.014559533264577602,0.14237379814011786,0.02856483196866988,0.4648143506927207,0.421052634716,0.4328663605124889,0.41837598822677224
10935.217,-1.296549605318618,0.29396619504372357,-0.6836392278169159,0.36550731191698366,-0.2817164995839047,0.19920000839615934,-1.2076386213302612,0.4058828055858612,-0.6483214537249964,0.3355676531791687,-0.2543156147003174,0.21052762866020203,-0.0017577735933055616,0.14292445914192936,0.035317774091919496,0.46130762217891663,0.421048790216,0.43020369662602154,0.42828663112724624
10935.238,-1.289275678763698,0.288399904619055,-0.6796521702331401,0.3463774550156315,-0.26506144880861815,0.1898598849523624,-1.1995849609375,0.39977923035621643,-0.6432688871966761,0.3355676531791687,-0.2543156147003174,0.21052762866020203,-0.00024374722042976027,0.14300251624756793,0.03638328303646399,0.43600649091288335,0.421048790216,0.43318386500441786,0.4307371231209401
10935.256,-1.2820248936772933,0.2829059334726142,-0.6756696340312244,0.3816202677008369,-0.28915637612491923,0.20960716851930972,-1.1911894083023071,0.39342981576919556,-0.63800555864443,0.3382243514060974,-0.250777930021286,0.21052631735801697,0.0017540260628454984,0.1430508208777173,0.03766407538679439,0.4786180094408833,0.421052575111,0.4295123619784797,0.43067946140280955
10935.278,-1.2747927380575295,0.27747704563484443,-0.671686652417017,0.36160778098030033,-0.27144439188256453,0.1991490807060232,-1.1911894083023071,0.39342981576919556,-0.63800555864443,0.3382243514060974,-0.250777930021286,0.21052631735801697,-0.006715793555833863,0.14279166560029172,0.03368109377258699,0.4519786494206456,0.421052575111,0.4270655614165764,0.42590175179254336
10935.299,-1.2675766573574263,0.2720998269662676,-0.6676969947018615,0.34362289047062566,-0.2560580318291844,0.18998370071589651,-1.1911894083023071,0.39342981576919556,-0.63800555864443,0.3382243514060974,-0.250777930021286,0.21052631735801697,-0.01514193903129648,0.14257173521950248,0.02969143605743152,0.42837558490449845,0.421052575111,0.425679215003525,0.4208826641736633
10935.317,-1.260366915969704,0.26677231086189257,-0.6636984405252295,0.3794600730333682,-0.28039558443735557,0.21045021982015658,-1.1741541624069214,0.38106128573417664,-0.6274798552142542,0.34083741903305054,-0.24718928337097168,0.2105226069688797,-0.0024944928484602336,0.14313764759721195,0.036218585310975326,0.4716413301858601,0.421037644148,0.42208886235549714,0.4289401311995951
10935.336,-1.253158072991852,0.26148434928427694,-0.6597057060891409,0.36044214891751786,-0.2643980788990571,0.19963672181822958,-1.165633201599121,0.3748815655708313,-0.6222165266620081,0.34083741903305054,-0.24718928337097168,0.2105226069688797,-0.00033961939894588955,0.14324599970860447,0.03748917942713281,0.44685696305691736,0.421037644148,0.4238513487269262,0.43175257730646216
10935.357,-1.2459376321997597,0.25624942816636415,-0.6557342826084739,0.36102203959672785,-0.26174605588992633,0.1985711740290174,-1.1571060419082642,0.36871039867401123,-0.6169536749469202,0.34342846274375916,-0.24360254406929016,0.21052630245685577,0.0018358460700271806,0.14330091064066958,0.03878060766155367,0.4457436266208164,0.421052604914,0.42602986087239453,0.4335554743852747
10935.377,-1.2387726668218857,0.25109458934098783,-0.6517611856764141,0.35824826888588185,-0.25774194126318994,0.19865484659865515,-1.1571060419082642,0.36871039867401123,-0.6169536749469202,0.34342846274375916,-0.24360254406929016,0.21052630245685577,-0.006417949662427744,0.14304449011400197,0.03480751072949384,0.4411564076464446,0.421052604914,0.4246882208910493,0.4278820516916258
10935.397,-1.2316231525842471,0.24600908164042262,-0.6476897946976212,0.35747571187412425,-0.25427538502271,0.20356954893519813,-1.1571060419082642,0.36871039867401123,-0.6169536749469202,0.34342846274375916,-0.24360254406929016,0.21052630245685577,-0.014605420136018635,0.14281139551143773,0.030736119750701008,0.43849560518296765,0.421052604914,0.4224493664022359,0.42206377359566866
10935.418,-1.2244527639341212,0.24098699375627108,-0.6435626091327913,0.3585194325310805,-0.25110439422493364,0.2063592782557608,-1.139813780784607,0.356702983379364,-0.606427017842428,0.3459745943546295,-0.23996521532535553,0.21052762866020203,-0.001727223704827141,0.14335607563444594,0.03713559129036326,0.43747730669679497,0.421048372984,0.42506293435945836,0.43172062694106794
10935.438,-1.217282438215069,0.23601925051690348,-0.639387270097111,0.341444081849212,-0.23655920186743526,0.19882566835966342,-1.1311644315719604,0.3507038354873657,-0.6011641661273401,0.3459745943546295,-0.23996521532535553,0.21052762866020203,0.0006736524198851096,0.1434169142411273,0.03822310396977091,0.4151515284010787,0.421048372984,0.4300837145185046,0.43428387664432255
10935.457,-1.2100559095548309,0.23109172466728883,-0.6351277365883271,0.3803436136920869,-0.25934346576601375,0.224185974143776,-1.1311644315719604,0.3507038354873657,-0.6011641661273401,0.3459745943546295,-0.23996521532535553,0.21052762866020203,-0.007456196713947344,0.14309202452868927,0.03396357046098697,0.4600384382701759,0.421048372984,0.42690858179916286,0.42623621588825616
10935.478,-1.2027937747320883,0.22620587860453495,-0.630842940088963,0.36310674112920555,-0.24429230313236186,0.21423982496352786,-1.113390564918518,0.3386557698249817,-0.5904272238360804,0.3509504199028015,-0.23262879252433777,0.21052762866020203,0.005869996208341555,0.14353903686793226,0.04041571625288265,0.43730967799456244,0.421049118042,0.4304868661378251,0.43668850692967
10935.496,-1.1955612822580024,0.22135262155945284,-0.6265352589405119,0.3616246237292891,-0.24266285227087847,0.2153840574374451,-1.113390564918518,0.3386557698249817,-0.5904272238360804,0.3509504199028015,-0.23262879252433777,0.21052762866020203,-0.0022161873429064755,0.14320315602231404,0.0361080351044315,0.4352223790339852,0.421049118042,0.4331229141066824,0.4304615441699181
10935.518,-1.1883490099586733,0.21652316958303064,-0.6221798804453508,0.36061361495858263,-0.24147259881583943,0.21776892475330156,-1.1046167612075806,0.33284005522727966,-0.5851638952838343,0.3509504199028015,-0.23262879252433777,0.21052762866020203,0.00025125327580070855,0.14332007618852138,0.037015985161516496,0.43377035384844265,0.421049118042,0.4364072188375932,0.43208045778767173
10935.538,-1.1811446256976534,0.2117083423626071,-0.6178344721032705,0.3602192130431312,-0.24074136101592183,0.21727041709927264,-1.0961939096450806,0.327256977558136,-0.580111328755514,0.3509504199028015,-0.23262879252433777,0.21052762866020203,0.002312273746423371,0.14339722676368563,0.037723143347756505,0.43308178114801454,0.421049118042,0.43972032013623924,0.4333280867410577
10935.558,-1.1739532154738277,0.2069066009009634,-0.6135108235719795,0.3595705111834386,-0.2400870730769441,0.21618242655982964,-1.0961939096450806,0.327256977558136,-0.580111328755514,0.3509504199028015,-0.23262879252433777,0.21052762866020203,-0.005712237935345935,0.14317155144183474,0.033399494816465536,0.43222436730251684,0.421049118042,0.4393554981283992,0.4272168493012853
10935.576,-1.166721971892687,0.20212489634012842,-0.6091631391765036,0.36156217908203175,-0.2390852280582753,0.21738421978882336,-1.078526258468628,0.3158109188079834,-0.5695846716510218,0.3557687997817993,-0.2251892387866974,0.21052762866020203,0.007282678967701073,0.14370093304496587,0.039578467525481775,0.43332705962288665,0.421048253775,0.44352540498588716,0.4366050707352268
10935.598,-1.1594487592568519,0.1973716260256803,-0.6048276916512484,0.3636606317838133,-0.23766351571721783,0.21677237625802656,-1.078526258468628,0.3158109188079834,-0.5695846716510218,0.3557687997817993,-0.2251892387866974,0.21052762866020203,-0.0007801351262652079,0.14344235287312107,0.03524302000022661,0.4342875776872682,0.421048253775,0.4464595195257131,0.4303497953637983
10935.618,-1.1521387259118852,0.1926473851385036,-0.6004821253108854,0.36550166724035765,-0.23621204435367957,0.2172783170134064,-1.0696319341659546,0.3101811707019806,-0.5643218199359339,0.3557687997817993,-0.2251892387866974,0.21052762866020203,0.0016619969404605,0.14359247612342943,0.03616030537495152,0.43503133810724937,0.421048253775,0.44966757177713723,0.4319411752079031
10935.637,-1.1447775141170933,0.1879474244792454,-0.596146478671112,0.3680605897315599,-0.23499803295778082,0.21678233198393668,-1.0607377290725708,0.30455145239830017,-0.5590584913836878,0.3557687997817993,-0.2251892387866974,0.21052762866020203,0.004075125470828292,0.14367525239119733,0.03708798728742424,0.4365135928006613,0.421048253775,0.4530719166561921,0.43339003097939205
10935.658,-1.1373646873199115,0.1832667586813188,-0.5918297553118734,0.3706413398509999,-0.23403328989122088,0.21583616795721905,-1.0518379211425781,0.29893067479133606,-0.5537951628314417,0.35811904072761536,-0.22144095599651337,0.21052631735801697,0.006453839240333256,0.1437056616202622,0.03803459248043173,0.43816574757186255,0.421052664518,0.45665157276579194,0.43474991582140127
10935.678,-1.1298861710612957,0.17858781639390137,-0.587523425791704,0.37392581295663285,-0.2339471143870429,0.21531647602335327,-1.0518379211425781,0.29893067479133606,-0.5537951628314417,0.35811904072761536,-0.22144095599651337,0.21052631735801697,-0.0017454117230647076,0.14342554312449582,0.03372826296026232,0.44090165713682716,0.421052664518,0.45880202609364,0.42841494021951626
10935.698,-1.1223288474044641,0.17390143687680593,-0.5832275056634585,0.3778661828333317,-0.23431897584965733,0.21479600640758817,-1.0518379211425781,0.29893067479133606,-0.5537951628314417,0.35811904072761536,-0.22144095599651337,0.21052631735801697,-0.010018158403119155,0.14318141471907883,0.02943234283201679,0.44444527840123604,0.421052664518,0.4566344635794088,0.42213401687608615
10935.717,-1.1146930225951013,0.1692055589580192,-0.5789445695377171,0.3817912404598097,-0.23479389593421138,0.21414680628239446,-1.0338226556777954,0.28803884983062744,-0.5432689825641077,0.3604210615158081,-0.21764515340328217,0.2105226069688797,0.0026732369822082686,0.14371576485894147,0.0356755869736094,0.4480400841872474,0.421037703753,0.4587105219375293,0.4313602296929665
10935.737,-1.1069971823926528,0.16450603260660351,-0.5746650658363406,0.3847920101140264,-0.23497631756565515,0.2139751850641559,-1.02481210231781,0.28259772062301636,-0.5380061308490198,0.3604210615158081,-0.21764515340328217,0.2105226069688797,0.004794880312915237,0.14379514347939193,0.03665893498732076,0.45070680776794037,0.421037703753,0.46082548899854403,0.43274018401164205
10935.76,-1.099249539475275,0.15981394122684628,-0.5703672491329281,0.3521655871691401,-0.21327688090750796,0.19535530470922347,-1.015796184539795,0.27716565132141113,-0.5327428022967737,0.36270108819007874,-0.21385324001312256,0.21052630245685577,0.006879894287177751,0.14383516039794747,0.0376244468361544,0.4115757142523102,0.421052604914,0.46770210252412703,0.43576728862162084
10935.778,-1.0914501279049982,0.15513735860626215,-0.5660544054537519,0.4333006427924583,-0.2598101455875868,0.23960242662051712,-1.015796184539795,0.27716565132141113,-0.5327428022967737,0.36270108819007874,-0.21385324001312256,0.21052630245685577,-0.0015907999640178833,0.14356842523742447,0.03331160315697812,0.5050537169656711,0.421052604914,0.46111910933207956,0.4259013329426448
10935.798,-1.0836006373036016,0.150474585193553,-0.5617324094509056,0.3924745300612638,-0.23313867063036875,0.2160998001375939,-1.015796184539795,0.27716565132141113,-0.5327428022967737,0.36270108819007874,-0.21385324001312256,0.21052630245685577,-0.010097213726029584,0.14333916536028626,0.028989607154131902,0.4563464423900637,0.421052604914,0.45793957476640407,0.4215705014748712
10935.818,-1.0757022828520268,0.14582649079440085,-0.557406535072229,0.3949177225701157,-0.23240471995253445,0.21629371892910865,-0.9975551962852478,0.26665523648262024,-0.5222166220294397,0.36493241786956787,-0.21001452207565308,0.21052762866020203,0.0024011058638148813,0.143877682821537,0.03518991304278929,0.4580780726571658,0.421048402786,0.4590492398003942,0.4307303750122515
10935.838,-1.0677642933202418,0.14119765605947449,-0.5531146228864701,0.3968994766166863,-0.23144173676231602,0.21459560930278182,-0.9884318709373474,0.2614048719406128,-0.5169532934771937,0.36493241786956787,-0.21001452207565308,0.21052762866020203,0.00435369994723539,0.14395990166640849,0.03616132940927641,0.45930435232687716,0.421048402786,0.46020216601518027,0.43212031632725234
10935.857,-1.0597900336812165,0.13660158555667334,-0.5488472118591969,0.39871298194256277,-0.22980352513504096,0.21337055135899893,-0.9793033003807068,0.25616371631622314,-0.5116899649249476,0.367122620344162,-0.20617057383060455,0.21052631735801697,0.006289311302888914,0.14399188141171854,0.03715724693424938,0.4600420536683197,0.421052634716,0.46161845960415493,0.43346087352574764
10935.878,-1.0518082785532594,0.13204074306465818,-0.5445773676385112,0.3990877563891422,-0.22804212459578033,0.21349221102962843,-0.9793033003807068,0.25616371631622314,-0.5116899649249476,0.367122620344162,-0.20617057383060455,0.21052631735801697,-0.002285864563655933,0.14372981309320507,0.03288740271356361,0.45949697844490905,0.421052634716,0.45894644651093297,0.4273350560931258
10935.898,-1.0437832246788685,0.12751331476761224,-0.540294627905032,0.40125269371078637,-0.22637141484735596,0.21413698666928316,-0.9793033003807068,0.25616371631622314,-0.5116899649249476,0.367122620344162,-0.20617057383060455,0.21052631735801697,-0.010881088392105352,0.14349281644569767,0.02860466298008446,0.4605400145698418,0.421052634716,0.4550854794780775,0.42117996151128145
10935.917,-1.0357261370356412,0.12301119445804565,-0.5360010512831146,0.4028543821892121,-0.22510601549388934,0.21467883111071032,-0.9608451128005981,0.24603961408138275,-0.5011637846576136,0.3692722022533417,-0.20228545367717743,0.21052762866020203,0.001548691603623753,0.14401653161988692,0.03483726662550102,0.4613192885397167,0.421047925949,0.4530147718134145,0.4303426098254996
10935.937,-1.0276616257179878,0.11852849858997272,-0.5317259534443916,0.40322556587386843,-0.224134793398754,0.21375489193148622,-0.9516133069992065,0.24098247289657593,-0.4959004561053675,0.3692722022533417,-0.20228545367717743,0.21052762866020203,0.003461746548473206,0.14410530494839427,0.03582549733902407,0.4611947417413267,0.421047925949,0.45392046321998514,0.43180291704381757
10935.958,-1.0195911874884744,0.11408691320924819,-0.5274589933847029,0.4035219114668603,-0.22207926903137915,0.21334800297977452,-0.9423764944076538,0.23593464493751526,-0.4906376043902796,0.37138137221336365,-0.19839651882648468,0.21052631735801697,0.005389601550199276,0.14415245662151985,0.03682138899442333,0.4604600100356188,0.421052604914,0.4551723498257623,0.4332262828158627
10935.977,-1.0115327501422537,0.10969151876444716,-0.5232400777860515,0.4029218673022397,-0.2197697222352542,0.2109457799279653,-0.9423764944076538,0.23593464493751526,-0.4906376043902796,0.37138137221336365,-0.19839651882648468,0.21052631735801697,-0.003178869140534779,0.1439090316976872,0.032602473395771936,0.45882939844243237,0.421052604914,0.4525716478320699,0.4272230493008766
10935.998,-1.0034596394140654,0.1053496596527187,-0.5190243266743453,0.40365553643732094,-0.21709295560142897,0.21078755559988224,-0.9423764944076538,0.23593464493751526,-0.4906376043902796,0.37138137221336365,-0.19839651882648468,0.21052631735801697,-0.011735775049106709,0.14368667499006857,0.02838672228406569,0.4581808510395018,0.421052604914,0.44882649883264353,0.42121592989975915
10936.018,-0.9953513563685215,0.101061621597618,-0.5148168578855423,0.4054141522683455,-0.21440190275035484,0.21037343943555598,-0.9237092137336731,0.2262013554573059,-0.4801109472857874,0.37344929575920105,-0.19446727633476257,0.21052762866020203,0.0007403634845782325,0.1441943183821616,0.03470591059975492,0.4584317843493193,0.4210485816,0.4468210267199864,0.43047712450863157
10936.036,-0.9872242926310232,0.09682315258100177,-0.5106323390391192,0.4063531868660439,-0.21192345082618572,0.20922594231658925,-0.9143730401992798,0.22133967280387878,-0.4748480955706995,0.37344929575920105,-0.19446727633476257,0.21052762866020203,0.0027031921533812106,0.1442371711503995,0.035784243468419685,0.4580901428748667,0.4210485816,0.44792838006629115,0.43196527768486875
10936.058,-0.9791088741669758,0.09263474087163404,-0.5064332607882975,0.4057709231935127,-0.2094205854638155,0.20995391253650036,-0.9050319194793701,0.21648739278316498,-0.4695847670184534,0.37547552585601807,-0.1905345469713211,0.21052631735801697,0.0047026988306997156,0.14423854971891586,0.036848493769844115,0.4564204398504687,0.421052604914,0.44948251760343294,0.43343026493012354
10936.077,-0.9710147369330606,0.08849172061551425,-0.5022446943721102,0.4047068617237323,-0.20715101282030807,0.20942832082384438,-0.9050319194793701,0.21648739278316498,-0.4695847670184534,0.37547552585601807,-0.1905345469713211,0.21052631735801697,-0.0037821626887800525,0.14395249055911247,0.03265992735365675,0.4544485623304011,0.421052604914,0.44722789381710515,0.42739485209132705
10936.098,-0.9629555132597243,0.08439251942233067,-0.49804527497216305,0.40296118365802097,-0.204960059654705,0.20997096999277243,-0.9050319194793701,0.21648739278316498,-0.4695847670184534,0.37547552585601807,-0.1905345469713211,0.21052631735801697,-0.012216013624239706,0.1437183610252313,0.028460507953709635,0.45191996947019775,0.421052604914,0.44403006615790663,0.42144982802546344
10936.117,-0.9549115375919046,0.08032997337353692,-0.4938272180920221,0.40219878338220433,-0.2031273024352535,0.21090284400244294,-0.8861643671989441,0.2071494460105896,-0.45905858675111944,0.3774506747722626,-0.18655797839164734,0.2105226069688797,0.000421273897411506,0.14425385473283636,0.03476863134090269,0.4504283713307879,0.421037882566,0.4456433696079259,0.43088294839974123
10936.137,-0.9468691325560566,0.07630332905115422,-0.4896423111779528,0.4021202517836209,-0.20133221611474034,0.20924534569889805,-0.8767281174659729,0.20248550176620483,-0.45379525819887334,0.3774506747722626,-0.18655797839164734,0.2105226069688797,0.0025547556246741515,0.14434395010756917,0.035847052979079475,0.4495601869268387,0.421037882566,0.4474715471517166,0.43251473104882326
10936.157,-0.9388310391737015,0.07231515180046422,-0.48546637545568305,0.40190466910898587,-0.1994088625301476,0.2087967861089306,-0.8672871589660645,0.19783103466033936,-0.44853240648378545,0.3794032335281372,-0.18258832395076752,0.21052630245685577,0.0047091818955454015,0.14439732425198634,0.0369339689718976,0.44851591142794295,0.421052634716,0.4498017450285314,0.43410772840231393
10936.179,-0.9307942168301633,0.0683649689745155,-0.48128036137265173,0.3827058259042521,-0.18810394410335438,0.19933400396506076,-0.8672871589660645,0.19783103466033936,-0.44853240648378545,0.3794032335281372,-0.18258832395076752,0.21052630245685577,-0.0036388717353920963,0.144157438847995,0.03274795488886628,0.426307611442092,0.421052634716,0.4532980760439445,0.42889227578565986
10936.196,-0.9227401101679328,0.06444913208652192,-0.47709318612762874,0.42390035063851583,-0.20609667831292566,0.2203776444721936,-0.8672871589660645,0.19783103466033936,-0.44853240648378545,0.3794032335281372,-0.18258832395076752,0.21052630245685577,-0.011988109725505396,0.1439515437792084,0.028560779643843293,0.4712042412964803,0.421052634716,0.44849266525544945,0.42135922406396076
10936.218,-0.9146417455127686,0.06056161191792342,-0.4728744491996714,0.4049182327493728,-0.19437600842568226,0.21093684639326185,-0.84822678565979,0.18889212608337402,-0.43800622621645147,0.381303995847702,-0.17857536673545837,0.21052762866020203,0.0006789980500046741,0.14449638998912656,0.034868222983219954,0.44901164756737877,0.4210485816,0.45021053862028865,0.4315013039256807
10936.236,-0.9064960999921383,0.056698472398520106,-0.46864919928128834,0.4072822760226219,-0.19315697596594947,0.2112624959145425,-0.838694155216217,0.18442773818969727,-0.4327428976642054,0.381303995847702,-0.17857536673545837,0.21052762866020203,0.002798535470662021,0.14458228540927726,0.03590630161708297,0.4506142295826857,0.4210485816,0.45207143490263463,0.4329876081779409
10936.258,-0.8983096349001631,0.05285613835415848,-0.4644408258839672,0.40932325462705216,-0.19211670223136082,0.21041866988060265,-0.8291571140289307,0.17997296154499054,-0.4274795691119593,0.38316285610198975,-0.17456099390983582,0.21052631735801697,0.004888804723788151,0.14462661397318327,0.0369612567720079,0.4520180074947372,0.421052634716,0.45409162737899383,0.43441703185548747
10936.278,-0.8900888322392579,0.049036643879976194,-0.46023823899441785,0.4110401330362874,-0.1909747237049456,0.2101293444728799,-0.8291571140289307,0.17997296154499054,-0.4274795691119593,0.38316285610198975,-0.17456099390983582,0.21052631735801697,-0.0035653080519717772,0.14437549011598477,0.03275866988245857,0.45309368629244867,0.421052634716,0.4520090189610208,0.4283037869668693
10936.298,-0.8818448934253705,0.045242290314755906,-0.45603643794505216,0.41219694068537305,-0.18971767825687325,0.21009005246369833,-0.8291571140289307,0.17997296154499054,-0.4274795691119593,0.38316285610198975,-0.17456099390983582,0.21052631735801697,-0.012031098358289735,0.14416521265607263,0.028556868833092885,0.4536228539948251,0.421052634716,0.448679371204435,0.422285997322826
10936.317,-0.8735801894133941,0.04147481913623252,-0.4518350988731207,0.4132352005898015,-0.18837355892205745,0.21006695359198904,-0.8099128007888794,0.17143727838993073,-0.4169533888446253,0.38497862219810486,-0.17050878703594208,0.21052762866020203,0.0005343530895233345,0.1447186638146921,0.03488171002849538,0.4540131040903257,0.421048432589,0.44989100463869147,0.4316714558342302
10936.338,-0.8652983807462857,0.03773830611900719,-0.44765232527156185,0.4140904333840411,-0.18682565087418015,0.20913868009239756,-0.8002883195877075,0.1671745628118515,-0.4116900602923792,0.38497862219810486,-0.17050878703594208,0.21052762866020203,0.0025778123752966675,0.14482198549203684,0.035962264979182645,0.4541559085765684,0.421048432589,0.4513788190735894,0.4332662154929315
10936.358,-0.8570057474427328,0.034037965890450494,-0.4434830405477027,0.4146316651685944,-0.18501701142379637,0.2084642361884064,-0.7906596064567566,0.16292151808738708,-0.4064267317401331,0.3867526650428772,-0.16645626723766327,0.21052631735801697,0.004625582226082239,0.14488403790515111,0.037056308807569605,0.45390989095870743,0.421052634716,0.453182173713791,0.43481872191629456
10936.378,-0.8487060479051698,0.0303741658751141,-0.4393172004782965,0.4149849768690939,-0.18319000076282105,0.20829200346576518,-0.7906596064567566,0.16292151808738708,-0.4064267317401331,0.3867526650428772,-0.16645626723766327,0.21052631735801697,-0.0038407682393394316,0.14464936378235504,0.03289046873816337,0.453493615669104,0.421052634716,0.4510276237749987,0.4288289733708146
10936.398,-0.8403927081875107,0.026747609002170547,-0.43513919948347374,0.3958733198764599,-0.17269318442061815,0.19895242831882634,-0.7906596064567566,0.16292151808738708,-0.4064267317401331,0.3867526650428772,-0.16645626723766327,0.21052631735801697,-0.012303748871175704,0.1444483737777113,0.02871246774334063,0.4317789324152119,0.421052634716,0.44974904021430584,0.4235819301286211
10936.418,-0.8320586483804189,0.023156013135104958,-0.43094181050514513,0.43863472672565956,-0.1890313614402854,0.2209152094041587,-0.7712398767471313,0.15479286015033722,-0.3959005514727991,0.38848212361335754,-0.16236664354801178,0.21052762866020203,0.00027005307334032613,0.1450072741155809,0.035041259032346006,0.47749499767532555,0.421047836542,0.44601789405756187,0.43134809491786186
10936.437,-0.8237075456710277,0.019593468625592414,-0.4267447847274436,0.41755513546044626,-0.17812722547173906,0.20985128888049615,-0.7615278363227844,0.15073367953300476,-0.39063722292055303,0.38848212361335754,-0.16236664354801178,0.21052762866020203,0.0023230966988928223,0.1451160721395125,0.036107561806890565,0.4538365188907625,0.421047836542,0.4475070980305799,0.43387026288520625
10936.458,-0.8153668199520987,0.016056896180800972,-0.42253613902991843,0.39717741517498373,-0.16840821165160058,0.20041169987603996,-0.7518117427825928,0.14668428897857666,-0.38537437120546514,0.3901710510253906,-0.15827779471874237,0.21052631735801697,0.004398517059005229,0.14520129693238926,0.037161767824453296,0.4313063770983455,0.421052634716,0.45170436909223965,0.43634953591462705
10936.479,-0.8070706837164878,0.012551305525217438,-0.4182933698837531,0.4148068117714893,-0.17527953277535077,0.21213845730363634,-0.7518117427825928,0.14668428897857666,-0.38537437120546514,0.3901710510253906,-0.15827779471874237,0.21052631735801697,-0.003990317630778055,0.14501477569006666,0.03291899867828796,0.45024244174631256,0.421052634716,0.44985445439637034,0.4295720402066078
10936.497,-0.7988219635071103,0.009084154954567492,-0.414074133854349,0.43414316895084853,-0.18248160899681004,0.2220650541977019,-0.7518117427825928,0.14668428897857666,-0.38537437120546514,0.3901710510253906,-0.15827779471874237,0.21052631735801697,-0.01232502882721305,0.1448856493942775,0.028699762648883853,0.4708734982043328,0.421052634716,0.4450565448627188,0.423030714610056
10936.518,-0.7905925285448364,0.005652477653728449,-0.40987148807800844,0.4114717481047138,-0.1715838650382068,0.21013228881244086,-0.731833815574646,0.13881224393844604,-0.3746374289142054,0.3918052315711975,-0.15414908528327942,0.2105226069688797,0.0008288185414693713,0.1455452602001836,0.035234059163803066,0.4457650886761662,0.421038329601,0.44713485468025915,0.43379767799030894
10936.537,-0.7823826185068063,0.002262514962121709,-0.40566584635610026,0.4104955018925431,-0.16949813457663723,0.21028208609081908,-0.7224304676055908,0.1351126730442047,-0.36958486238588506,0.3918052315711975,-0.15414908528327942,0.2105226069688797,0.002659679828000562,0.14572697417887015,0.0360809839702152,0.4440687799414845,0.421038329601,0.4496411969240851,0.4353441815289734
10936.558,-0.7741855561670161,-0.0010947605092636037,-0.4014673767460264,0.39033630188287155,-0.15987026053728334,0.19992712428313583,-0.7126314640045166,0.13126878440380096,-0.36432201067079717,0.39341646432876587,-0.15002936124801636,0.21052630245685577,0.004936207065499555,0.14589259112000463,0.037145366075229225,0.42177252427036566,0.421052634716,0.45491091164581693,0.4380161528783963
10936.578,-0.7660150562519914,-0.0044406742939984145,-0.39720366314280725,0.43002631135299,-0.17610072552705971,0.2244059791355309,-0.7126314640045166,0.13126878440380096,-0.36432201067079717,0.39341646432876587,-0.15002936124801636,0.21052630245685577,-0.003270529416386718,0.1457949544347503,0.03288165247201008,0.4646702081612291,0.421052634716,0.45191417348424023,0.4304762418478189
10936.598,-0.757863496520902,-0.0077616720916071635,-0.39288416564855044,0.3881695109924213,-0.15814275226226157,0.20569035686310036,-0.7126314640045166,0.13126878440380096,-0.36432201067079717,0.39341646432876587,-0.15002936124801636,0.21052630245685577,-0.011442680314144513,0.1457548272480648,0.028562154977753273,0.4191400185862865,0.421052634716,0.4520873531414294,0.4262540635229744
10936.616,-0.7496661599691743,-0.011047741321186244,-0.38857982078131137,0.4314387658751193,-0.17295101208099012,0.22654446669401723,-0.6928867697715759,0.12396474182605743,-0.353795353566305,0.39497309923171997,-0.14587058126926422,0.21052762866020203,0.0013935902124012495,0.14645930377792934,0.03478446721500639,0.4648008974787995,0.421048671007,0.4497168481797875,0.434301915379981
10936.637,-0.7413850592754746,-0.014288917197455286,-0.3842947179113113,0.4140550346759468,-0.16205879380991473,0.21425514349532612,-0.6826174855232239,0.12017211318016052,-0.3483217398272913,0.39497309923171997,-0.14587058126926422,0.21052762866020203,0.004071082859614536,0.1466861366976665,0.03597297808402,0.4446118497533854,0.421048671007,0.45238847268192467,0.43713750807442475
10936.657,-0.7330011202578455,-0.017470168560888566,-0.3800156839493323,0.4191969508723062,-0.15906256816819198,0.21395169809428188,-0.6731345057487488,0.11668114364147186,-0.343269173298971,0.3964875638484955,-0.14171423017978668,0.21052631735801697,0.005834237846023757,0.14678742373634052,0.036746510650361275,0.44829282410193694,0.421052634716,0.45495090344986183,0.4382437815628241
10936.678,-0.7245405056326001,-0.020597064102200746,-0.3757251993769659,0.42303073129151,-0.1563447770764158,0.21452422863314624,-0.6731345057487488,0.11668114364147186,-0.343269173298971,0.3964875638484955,-0.14171423017978668,0.21052631735801697,-0.002553851296452324,0.14656521070475442,0.032456026077994915,0.45089113444220547,0.421052634716,0.4532709629913209,0.43203750725991114
10936.698,-0.7160337091858291,-0.023683696572291413,-0.3713892148109637,0.405085545071982,-0.14698249857126458,0.20647545551761912,-0.6731345057487488,0.11668114364147186,-0.343269173298971,0.3964875638484955,-0.14171423017978668,0.21052631735801697,-0.010965333272115269,0.14636390091140214,0.02812004151199271,0.4308099277489191,0.421052634716,0.45233007496122374,0.42657706405586376
10936.717,-0.7074971718894549,-0.0267381823102657,-0.36703254098639604,0.44929143664576576,-0.16076240725983462,0.22929862234285694,-0.653240442276001,0.10979437083005905,-0.3327425161944788,0.39795568585395813,-0.13752347230911255,0.21052762866020203,0.0016487071546074095,0.14690885793607342,0.03429002479191723,0.47705611251986474,0.421048015356,0.4488595934659874,0.4341837774113365
10936.738,-0.6989355451834623,-0.029760328378090506,-0.3626888158676793,0.42808133529028525,-0.15110730338794187,0.21718625593109547,-0.6432915329933167,0.10635628551244736,-0.3274796644793909,0.39795568585395813,-0.13752347230911255,0.21052762866020203,0.0037314267623766786,0.1470036228259694,0.035209151388288396,0.45384430650277013,0.421048015356,0.45058326455578823,0.43651756884711845
10936.758,-0.6903652079175784,-0.03275137901621039,-0.3583535426111178,0.428516863323818,-0.14955253191633158,0.21676366284305917,-0.6333392262458801,0.10292819887399673,-0.3222163359271448,0.39938294887542725,-0.13333630561828613,0.21052631735801697,0.005816154097342749,0.1470614932387184,0.03613720668397297,0.45374855388128893,0.421052634716,0.45261269788730113,0.437906491148048
10936.778,-0.6817970577502315,-0.035706229640729226,-0.3540223493425074,0.4284075083579943,-0.14774253122271683,0.21655966342579133,-0.6333392262458801,0.10292819887399673,-0.3222163359271448,0.39938294887542725,-0.13333630561828613,0.21052631735801697,-0.002608122856731225,0.14683618048312536,0.0318060134153626,0.4530586079397463,0.421052634716,0.4506229278980743,0.43179276083913526
10936.797,-0.6732174984414555,-0.0386211221017948,-0.3496821595969485,0.4289779654294345,-0.14574462305009755,0.21700948727321026,-0.6333392262458801,0.10292819887399673,-0.3222163359271448,0.39938294887542725,-0.13333630561828613,0.21052631735801697,-0.01102978184438401,0.14664525486519284,0.027465823669803657,0.4529489218167863,0.421052634716,0.447704059717565,0.42570574925128746
10936.819,-0.6646068679383542,-0.04150533790276467,-0.34533257307517284,0.43053152514566695,-0.14421079004534565,0.21747932608403484,-0.6125030517578125,0.0962035208940506,-0.3112691084491175,0.4007624685764313,-0.1291155070066452,0.21052762866020203,0.0024119837873792793,0.1472165744266124,0.03406346462605536,0.45393094528838074,0.421047955751,0.449237656523571,0.43553330864418327
10936.837,-0.655950261912793,-0.044362272421329396,-0.3409962561819486,0.4328303013079767,-0.14284672593811001,0.21681584467619783,-0.603285551071167,0.0932338610291481,-0.30642682710756475,0.4007624685764313,-0.1291155070066452,0.21052762866020203,0.0036166345775312247,0.14728607423272,0.03456942907438387,0.4556804613704356,0.421047955751,0.4507707975952993,0.4362990936619955
10936.858,-0.6472584959737204,-0.04719719351637386,-0.33666134784730384,0.43458829694414464,-0.1417460547491291,0.21674541672750802,-0.5932632684707642,0.09001604467630386,-0.30116349855531865,0.4021013081073761,-0.12489929050207138,0.21052631735801697,0.005637380160487135,0.14734713188027335,0.035497849291985184,0.457015796725859,0.421052604914,0.4524602490171145,0.43762268272823257
10936.878,-0.6385360108782725,-0.050000600420617936,-0.33234621839259293,0.4361242547628768,-0.14017034520914423,0.21575647273083592,-0.5932632684707642,0.09001604467630386,-0.30116349855531865,0.4021013081073761,-0.12489929050207138,0.21052631735801697,-0.0028866828507852563,0.14712562377578198,0.031182719837274275,0.4579915250910935,0.421052604914,0.4499277056774512,0.4314658338413182
10936.897,-0.6297794407198398,-0.05276033145341519,-0.32802724121636795,0.4378285079120769,-0.13798655163685067,0.21594885880653533,-0.5932632684707642,0.09001604467630386,-0.30116349855531865,0.4021013081073761,-0.12489929050207138,0.21052631735801697,-0.011430012777856234,0.14692814306441504,0.026863742661049295,0.45893935429524835,0.421052604914,0.44640304225033534,0.42535224184452924
10936.918,-0.6209943944773589,-0.05547137858576667,-0.323706315440111,0.4183355353797134,-0.12909748250017394,0.2057583703094977,-0.5730973482131958,0.08397291600704193,-0.29063731828798467,0.4033828377723694,-0.12064757198095322,0.2105226069688797,0.001054620334708864,0.14743719378524198,0.033068997152126356,0.4376721077184865,0.421038657427,0.44949361900466234,0.4353068225019697
10936.936,-0.6121833004673571,-0.058121424155413104,-0.3194221838284876,0.46374178999441173,-0.13947608261126088,0.22548061113531284,-0.5630127787590027,0.08095671981573105,-0.2853744665728968,0.4033828377723694,-0.12064757198095322,0.2105226069688797,0.0030102862248219467,0.14748358726439598,0.034047717255590804,0.48408235282358814,0.421038657427,0.445561443977955,0.4349328097709028
10936.956,-0.6033253457477822,-0.06071598281788915,-0.315151358676734,0.44289773596908033,-0.12972793312097047,0.21354125758301823,-0.5529252290725708,0.07795065641403198,-0.2801111380206507,0.40464144945144653,-0.11640710383653641,0.21052630245685577,0.00493672040391252,0.1474592736602357,0.03504022065608331,0.4612953090913169,0.421052634716,0.44673137443518646,0.4370768329686475
10936.979,-0.5944361248092797,-0.0632731617046447,-0.3109315220042028,0.42329623515388093,-0.12177042317512302,0.2009446034477387,-0.5529252290725708,0.07795065641403198,-0.2801111380206507,0.40464144945144653,-0.11640710383653641,0.21052630245685577,-0.0036864028332715473,0.14715206999234443,0.030820383983552135,0.44025388032254664,0.421052634716,0.44590698457897543,0.43163615246788617
10936.998,-0.5855524861849417,-0.06579135144923165,-0.3067086568913843,0.46755992763576665,-0.13253630235774608,0.22225605858794897,-0.5529252290725708,0.07795065641403198,-0.2801111380206507,0.40464144945144653,-0.11640710383653641,0.21052630245685577,-0.012294327780427626,0.14688482643100584,0.02659751887073364,0.4857557533006298,0.421052634716,0.43976250444399995,0.4240295085938162
10937.018,-0.5766671196689751,-0.06826996261653673,-0.3025152132304033,0.42311269122360456,-0.11802910320140504,0.19968779337395973,-0.5326361656188965,0.07233324646949768,-0.2695849577533167,0.4058419466018677,-0.11213194578886032,0.21052762866020203,0.00014270643632722374,0.14733623775135657,0.03293025547708661,0.4390627000852537,0.42104780674,0.4425752161168481,0.43477415643399875
10937.037,-0.5678269233553184,-0.07071387546238317,-0.2983475909915754,0.4652734901867581,-0.12862699188507856,0.21934853888299308,-0.5220842361450195,0.06941781938076019,-0.26411134401430303,0.4058419466018677,-0.11213194578886032,0.21052762866020203,0.002531457450236342,0.14738682795965427,0.034236246977272344,0.48252811012962415,0.42104780674,0.43872425953149663,0.4349113657341497
10937.057,-0.5590502444390973,-0.07311447018783424,-0.29415787610325245,0.43883394580147245,-0.12002973626993332,0.2094857444115737,-0.5123412609100342,0.06673683971166611,-0.2590587774859827,0.4070023000240326,-0.10786314308643341,0.21052631735801697,0.004155025988514069,0.14738674900396967,0.03509909861726973,0.454785255921404,0.421052634716,0.4404263060698853,0.4371123668645929
10937.078,-0.5503086313440557,-0.07546258576465092,-0.2900104559298848,0.41626729026344184,-0.11181502747373745,0.19749619874287885,-0.5123412609100342,0.06673683971166611,-0.2590587774859827,0.4070023000240326,-0.10786314308643341,0.21052631735801697,-0.004281780197209727,0.14711853785914145,0.030951678443902064,0.4308592130695973,0.421052634716,0.44048570035340157,0.431921449211362
10937.097,-0.5416015443555141,-0.07777128987264659,-0.2858234113340248,0.4582677362334165,-0.1215107425245985,0.22037076820045748,-0.5123412609100342,0.06673683971166611,-0.2590587774859827,0.4070023000240326,-0.10786314308643341,0.21052631735801697,-0.012670524952003551,0.1468952739222981,0.026764633848042063,0.4739353877021506,0.421052634716,0.43512876572692466,0.42449535889247103
10937.119,-0.5329058900099256,-0.0800289912767268,-0.28162846114678797,0.41407877834873197,-0.10750959066720847,0.19975953271947186,-0.49193844199180603,0.06154778599739075,-0.24853212038149053,0.4081132113933563,-0.10356353223323822,0.21052762866020203,6.436099703563403e-06,0.14738492330974373,0.03309634076529744,0.427644884682618,0.421048462391,0.43890947050119844,0.4354189873478088
10937.136,-0.5242137308227441,-0.08222454734146789,-0.2773971587055058,0.4574820624776291,-0.1155555823533781,0.22270012848580623,-0.48132747411727905,0.05885513499379158,-0.24305850664247686,0.4081132113933563,-0.10356353223323822,0.21052762866020203,0.0026116509207723543,0.14743095693066907,0.03433865206302894,0.471638476440767,0.421048462391,0.4360843538814243,0.4355164975297525
10937.158,-0.515515254389788,-0.08437050139615843,-0.2730764824876764,0.41421316349735315,-0.10218828832433263,0.20574648657485253,-0.4715302288532257,0.056379854679107666,-0.23800594011415654,0.40918272733688354,-0.09927137196063995,0.21052631735801697,0.004395498467873481,0.14739750608468638,0.035070542373519864,0.42642449237789715,0.421052634716,0.44082946418729274,0.4382681673605125
10937.178,-0.5067997093279474,-0.08647481578352278,-0.26872899197367145,0.45871289798598824,-0.11075338880729327,0.22881529020798336,-0.4715302288532257,0.056379854679107666,-0.23800594011415654,0.40918272733688354,-0.09927137196063995,0.21052631735801697,-0.0039251810910354845,0.1470917607459578,0.030723051859514905,0.4716550137260641,0.421052634716,0.43712289209258304,0.4302929554139279
10937.198,-0.4980640818143852,-0.08854685745113644,-0.26434987307409236,0.43678137566857406,-0.10360208337842136,0.2189559449741753,-0.4715302288532257,0.056379854679107666,-0.23800594011415654,0.40918272733688354,-0.09927137196063995,0.21052631735801697,-0.01225457421461663,0.14682514312155642,0.026343932959935812,0.44867805050187143,0.421052634716,0.43430068342335676,0.42483962004158093
10937.218,-0.4893386535375088,-0.09059009966677078,-0.2599727220747258,0.41549658460049305,-0.09729724836057364,0.20843576186824153,-0.4506129324436188,0.05152661353349686,-0.22726899782289678,0.41019290685653687,-0.09494709223508835,0.2105226069688797,0.0008927236219594611,0.14729577281654652,0.03270372425182905,0.4265453143120049,0.421038210392,0.4385096359239041,0.43509345270003696
10937.238,-0.48063459906162587,-0.09259836133732802,-0.25562663382940753,0.45810813030401576,-0.1056979826596117,0.2287414865928965,-0.44035810232162476,0.04915293678641319,-0.2220061461078089,0.41019290685653687,-0.09494709223508835,0.2105226069688797,0.0031256526903968157,0.1473290772545328,0.033620487721598646,0.46994784276220153,0.421038210392,0.4359064980586252,0.4348331256785106
10937.258,-0.4719633216605381,-0.0945538126855543,-0.25129965765265583,0.4335638700843562,-0.0977725674180721,0.2163488088525397,-0.43051111698150635,0.04688449203968048,-0.21695357957948858,0.41118180751800537,-0.09063579887151718,0.21052630245685577,0.004979719753872951,0.14730336624623894,0.03434607807316725,0.4442580766241201,0.421052634716,0.43889207382603096,0.43682301292032744
10937.277,-0.46334742004721297,-0.0964631816803605,-0.24698174177559273,0.4307950806568541,-0.09546844973822634,0.21589579384844218,-0.43051111698150635,0.04688449203968048,-0.21695357957948858,0.41118180751800537,-0.09063579887151718,0.21052630245685577,-0.0032055344010711168,0.14702551788439247,0.030028162196104158,0.44106246501531027,0.421052634716,0.438129970746804,0.43072250066195267
10937.297,-0.45476618117747736,-0.09833516250394825,-0.24267332968346822,0.4290619434774149,-0.09359904117734437,0.2154206046015235,-0.43051111698150635,0.04688449203968048,-0.21695357957948858,0.41118180751800537,-0.09063579887151718,0.21052630245685577,-0.011351694632710622,0.14679303537255178,0.025719750103979644,0.4389817271010506,0.421052634716,0.43638186447794824,0.42465570478351095
10937.318,-0.446211139886168,-0.10017314711188974,-0.23840369662933575,0.42775206455613063,-0.09189923039506852,0.2134816527019637,-0.40949583053588867,0.04247255250811577,-0.2062166372882288,0.4121105968952179,-0.08629319071769714,0.21052762866020203,0.001990825205841734,0.14728152014345633,0.03218705934110694,0.43735576957920314,0.421048283577,0.4394840920818488,0.43438614908363504
10937.336,-0.4376974856035539,-0.10198166636921147,-0.2341494246877904,0.4256827141601279,-0.09042596287233678,0.21271359709197038,-0.3996051549911499,0.04040151834487915,-0.2011640707599085,0.4121105968952179,-0.08629319071769714,0.21052762866020203,0.004017733680577569,0.1473358569964674,0.032985353927881905,0.43504694478503864,0.421048283577,0.44309942086528115,0.43573116252674515
10937.358,-0.42920003584320177,-0.10375434527001226,-0.22988804389497808,0.42487248800833394,-0.08863394503810505,0.2130690396359654,-0.38930028676986694,0.038254525512456894,-0.1959007422076624,0.41299864649772644,-0.08195986598730087,0.21052631735801697,0.006490712588883049,0.147364785505614,0.033987301687315674,0.4338917907303484,0.421052604914,0.44717825373473097,0.4372755357964042
10937.378,-0.42068791777188663,-0.10547628154710154,-0.225625069387823,0.4256059035564666,-0.08609681385258446,0.21314872535310095,-0.38930028676986694,0.038254525512456894,-0.1959007422076624,0.41299864649772644,-0.08195986598730087,0.21052631735801697,-0.0015627338705082906,0.14710977581643214,0.029724327180160603,0.4340798951353654,0.421052604914,0.4500995628472123,0.4311327029755673
10937.398,-0.41214649705772843,-0.10715468951559526,-0.22131220730705048,0.4270710356985879,-0.08392039842285433,0.21564310403391937,-0.38930028676986694,0.038254525512456894,-0.1959007422076624,0.41299864649772644,-0.08195986598730087,0.21052631735801697,-0.009629782057471697,0.146877692101684,0.025411465099388075,0.4350762463847499,0.421052604914,0.44898249339455415,0.4249558786958
10937.419,-0.4035294675282616,-0.10879142572947242,-0.21697056198807177,0.39168316044767,-0.07439710063407733,0.19734751450777815,-0.3681967854499817,0.03428596258163452,-0.18516379991640264,0.4138358533382416,-0.07759855687618256,0.21052762866020203,0.0037036900362458595,0.1473289521746744,0.03180676207166913,0.3985154176186392,0.421048283577,0.4568552398105683,0.43584377106896977
10937.437,-0.39485525508863406,-0.11040341985425761,-0.21264226720893292,0.48190069108963834,-0.08955522915458784,0.2404608210628805,-0.3582647144794464,0.03242359682917595,-0.18011123338808233,0.4138358533382416,-0.07759855687618256,0.21052762866020203,0.005623703162584488,0.14733227181952216,0.0325310338208506,0.4899467335974586,0.421048283577,0.45293837770447054,0.4335735722190413
10937.458,-0.38612205252815424,-0.11198661136980603,-0.20831021858365448,0.43666012801445986,-0.07915957577569317,0.2166024312591943,-0.3479169011116028,0.03049401380121708,-0.17484790483583623,0.41463252902030945,-0.07324759662151337,0.21052631735801697,0.007913240912657764,0.1473015368628089,0.033462313747818245,0.4435910588924919,0.421052664518,0.4562636816096415,0.43656797605006364
10937.478,-0.3773450106420635,-0.11354039955435091,-0.20399078181008007,0.4179543755153872,-0.07398991354750024,0.20568746540203384,-0.3479169011116028,0.03049401380121708,-0.17484790483583623,0.41463252902030945,-0.07324759662151337,0.21052631735801697,-0.00036039810323415175,0.1470095098094902,0.029142876974243836,0.4242772805513893,0.421052664518,0.4605174051221264,0.43096128682286977
10937.499,-0.36854817828626796,-0.11506767314358168,-0.19966301367874517,0.4398416178201794,-0.07636367946681692,0.21638840658170197,-0.3479169011116028,0.03049401380121708,-0.17484790483583623,0.41463252902030945,-0.07324759662151337,0.21052631735801697,-0.008649161467219817,0.14676186940069758,0.02481510884290894,0.4462493912588176,0.421052664518,0.4584401283640574,0.4240442371204116
10937.518,-0.35973084344576345,-0.11655979688652784,-0.1953232408381422,0.4640702547577084,-0.07853282857515137,0.22840909687104144,-0.3271580934524536,0.027040725573897362,-0.16432553926576787,0.4152052402496338,-0.06884277611970901,0.21044039726257324,0.0040828666309950905,0.14719179424515233,0.03099770157237433,0.4704878891120931,0.420873761177,0.45855706239410376,0.4322584889259452
10937.538,-0.3508921517478537,-0.11802388667326569,-0.1910208482408303,0.4419345848858405,-0.07320448933529426,0.2151196298608999,-0.31677794456481934,0.02531965635716915,-0.1590645948993128,0.4152052402496338,-0.06884277611970901,0.21044039726257324,0.006278313729720722,0.1472132237163371,0.0319562533415175,0.44779490212981743,0.420873761177,0.46121832343270486,0.43444108984367086
10937.557,-0.3420557946839202,-0.11946605670872246,-0.18674167427591581,0.4418178531870304,-0.07210850177126447,0.21395869824105368,-0.3063981235027313,0.023609299212694168,-0.15380460420717412,0.4150668978691101,-0.064349465072155,0.2100127637386322,0.008474626384878014,0.14720804221829242,0.03293707006874169,0.44752411335014386,0.420025467873,0.4644121307488118,0.4354706662671099
10937.578,-0.33322388324865837,-0.1208805965104417,-0.18249543604157523,0.4415955717936164,-0.0707269900908507,0.21231191173170474,-0.3063981235027313,0.023609299212694168,-0.15380460420717412,0.4150668978691101,-0.064349465072155,0.2100127637386322,0.00015766440079125962,0.14695892791513415,0.028690831834401104,0.44709820613134327,0.420025467873,0.46657492881013407,0.4294243236918109
10937.597,-0.3243913564294627,-0.12226833177991259,-0.17827215063400792,0.44162634095014336,-0.06938676347202999,0.21116427037375607,-0.3063981235027313,0.023609299212694168,-0.15380460420717412,0.4150668978691101,-0.064349465072155,0.2100127637386322,-0.008160320629390806,0.14675642685210175,0.024467546426833797,0.4469315637352882,0.420025467873,0.46477124284812227,0.42346867039631003
10937.617,-0.3155638266412932,-0.1236343570338243,-0.1740528807009799,0.4413764893988422,-0.06830126269409502,0.2109634966467958,-0.285754919052124,0.020618250593543053,-0.14337522188295537,0.41274556517601013,-0.05957939475774765,0.20851504802703857,0.004377520844777806,0.14723526442468993,0.030677658818024534,0.4465358302165718,0.417023509741,0.4668843602778759,0.4316055850415549
10937.637,-0.3066805029042941,-0.12496658906830538,-0.16984508285077032,0.4441661868402584,-0.06661160172259968,0.21038989250588677,-0.27543628215789795,0.019128765910863876,-0.1381624380694788,0.41274556517601013,-0.05957939475774765,0.20851504802703857,0.006438257239666061,0.14730316188167253,0.031682644781291514,0.44903440032913045,0.417023509741,0.4690439018708346,0.43299025807207464
10937.657,-0.2977276263600224,-0.12627271847307697,-0.16564042366435028,0.44764382720381296,-0.06530647023715422,0.21023295931641334,-0.26512598991394043,0.01765083707869053,-0.13295442262758428,0.4092247784137726,-0.05473307892680168,0.20643436908721924,0.008424721776231808,0.14732915734713986,0.032686001036766,0.45228490266046906,0.412868767977,0.472232473492023,0.4326027458997353
10937.678,-0.2886939434933592,-0.12755057917487722,-0.16143115738889607,0.45168414336438256,-0.06389303509442881,0.21046331378725777,-0.26512598991394043,0.01765083707869053,-0.13295442262758428,0.4092247784137726,-0.05473307892680168,0.20643436908721924,-7.682806069666745e-05,0.14710164450274707,0.028476734761311795,0.4560810512755543,0.412868767977,0.47104430947219217,0.42667408525576794
10937.697,-0.2795769915414935,-0.12879678757738522,-0.15720819875414732,0.4558475975833339,-0.062310420124039784,0.21114793173282873,-0.26512598991394043,0.01765083707869053,-0.13295442262758428,0.4092247784137726,-0.05473307892680168,0.20643436908721924,-0.008655256961438219,0.1469041345312577,0.024253776126563042,0.4599815949535188,0.412868767977,0.46826186885901616,0.42080002972449465
10937.72,-0.270422615503929,-0.13001500988009873,-0.15299347189404114,0.4359226684421625,-0.05801058584173184,0.20070127904655605,-0.24494126439094543,0.015149535611271858,-0.12278443971742803,0.403398334980011,-0.049774959683418274,0.20323196053504944,0.0030610240932085926,0.147352212924544,0.03020903217661311,0.43967144836368555,0.406457573175,0.4698296807072216,0.4277091808470588
10937.738,-0.2612464036939778,-0.13120179340206484,-0.14878887814674857,0.48295851630730313,-0.062462290629029624,0.2212944077495286,-0.23485630750656128,0.013905161991715431,-0.11770373979677373,0.403398334980011,-0.049774959683418274,0.20323196053504944,0.0045877932480108165,0.14741579913139274,0.03108513834997484,0.48688191336208725,0.406457573175,0.46410248260036707,0.42726280719761883
10937.758,-0.25204546265402283,-0.1323536346857902,-0.14456928276054798,0.4600470520295465,-0.05759206419024902,0.21097976932461285,-0.22478808462619781,0.01267256960272789,-0.1126320997821253,0.3963586390018463,-0.04483432322740555,0.19944316148757935,0.006079653490828837,0.14744016549338987,0.031937182978422685,0.4635449348755525,0.398886322975,0.46284951927818474,0.42631804144006885
10937.778,-0.24284640669136576,-0.13347635468572572,-0.14035844934838768,0.45995279812281403,-0.056135999995550544,0.21054167060341947,-0.22478808462619781,0.01267256960272789,-0.1126320997821253,0.3963586390018463,-0.04483432322740555,0.19944316148757935,-0.002565214254805437,0.14723800712556667,0.02772634956626238,0.4632828993212484,0.398886322975,0.4605217514606583,0.4208251414573303
10937.798,-0.23364585688765993,-0.13456834912652005,-0.13614722726645695,0.4600274901752499,-0.05459972203852473,0.21056110409194023,-0.22478808462619781,0.01267256960272789,-0.1126320997821253,0.3963586390018463,-0.04483432322740555,0.19944316148757935,-0.011208764968138822,0.14708063049075482,0.023515127484331655,0.4631811786777682,0.398886322975,0.45686127841154306,0.4154021626694443
10937.818,-0.22443824715404415,-0.13562283259112862,-0.1319437116486211,0.4603804866707401,-0.05272417322927758,0.21017578088720515,-0.20541448891162872,0.010662500746548176,-0.10289317766298467,0.3869968056678772,-0.039954330772161484,0.1945296674966812,-0.00038707033419041123,0.14751661704342825,0.029050533985636423,0.46331533809384023,0.389053821564,0.4509185499118607,0.41945609422761576
10937.837,-0.21522364492805485,-0.13662523075744037,-0.1277953510536457,0.46073011133131136,-0.05011990831905225,0.20741802976310666,-0.19573956727981567,0.009663642384111881,-0.098029915486471,0.3869968056678772,-0.039954330772161484,0.1945296674966812,0.0006809978529141933,0.14757913107466147,0.029765435567174703,0.46336065820468364,0.389053821564,0.4451231181873908,0.42042575328339193
10937.857,-0.20600156912893114,-0.13757227385652449,-0.12368561110680601,0.4611037899461205,-0.04735215495317193,0.2054869973374992,-0.18608978390693665,0.00867617130279541,-0.09317952791322881,0.3764376938343048,-0.035179972648620605,0.18903900682926178,0.001716930044202928,0.1475877334112451,0.0305060831935772,0.4634231297699697,0.378077983856,0.4423438712056679,0.4174220121143182
10937.879,-0.19678478057568316,-0.13846383599792345,-0.11961410511028306,0.4608394276523398,-0.04457810706897498,0.20357529982170391,-0.18608978390693665,0.00867617130279541,-0.09317952791322881,0.3764376938343048,-0.035179972648620605,0.18903900682926178,-0.006939503165126027,0.1473648804770706,0.02643457719705425,0.46286608298087045,0.378077983856,0.43839319536693705,0.4122954066540239
10937.899,-0.18759498822570236,-0.13930543855157163,-0.11557664591821896,0.4177178341085483,-0.03825466153115805,0.18352087237468287,-0.1678803265094757,0.007133678533136845,-0.08404237428774053,0.3635345995426178,-0.030618999153375626,0.18241316080093384,-0.01557000392025243,0.14716792270414994,0.022397118004990155,0.4193425177703554,0.364821761847,0.4374025040426782,0.40843433363497356
10937.918,-0.17846301657540853,-0.1401085696563965,-0.11155852957618151,0.5073317583488373,-0.044618394712421384,0.22322868566838663,-0.1678803265094757,0.007133678533136845,-0.08404237428774053,0.3635345995426178,-0.030618999153375626,0.18241316080093384,-0.005875172601466522,0.14750510271798298,0.02751615528844098,0.5091453261054005,0.364821761847,0.42432841763734963,0.4072302337178129
10937.938,-0.16938910540644314,-0.14087110831951088,-0.10756556572640694,0.4320910080327965,-0.03631136490910126,0.1901411356977537,-0.15879195928573608,0.006368204019963741,-0.07948190370668584,0.3635345995426178,-0.030618999153375626,0.18241316080093384,-0.005271457095333118,0.14752601921083972,0.028083662019721095,0.43349201987802183,0.364821761847,0.4180774039948184,0.41040539498805484
10937.957,-0.16039069536133932,-0.1416036436860122,-0.10359647550278857,0.4736005286838712,-0.03855449297328059,0.20889948545103842,-0.14973710477352142,0.005613177083432674,-0.07493859926332647,0.349460244178772,-0.026238782331347466,0.17522196471691132,-0.004627405297542539,0.14752924601613054,0.0286578762394621,0.47504837507102377,0.350443899632,0.4119348584530946,0.40513506282026157
10937.978,-0.15151251200706084,-0.14231678837140083,-0.09961411984610086,0.4439091677042344,-0.03565723426865336,0.19911778283003922,-0.14973710477352142,0.005613177083432674,-0.07493859926332647,0.349460244178772,-0.026238782331347466,0.17522196471691132,-0.012944948862039472,0.1473731829379834,0.02467552058277439,0.44525463160572604,0.350443899632,0.4072170773863404,0.4014557987383428
10937.999,-0.14276484057701438,-0.1429863912413203,-0.0956270921405306,0.41655578240654534,-0.031885850950335484,0.18985846218066887,-0.14973710477352142,0.005613177083432674,-0.07493859926332647,0.349460244178772,-0.026238782331347466,0.17522196471691132,-0.021128906376770264,0.14725492687733913,0.02068849287720413,0.4176971338457716,0.350443899632,0.40388984359076513,0.397557071037786
10938.017,-0.13417769032573273,-0.14362581427697652,-0.09163184163807006,0.4519552763777064,-0.03365384398149434,0.21027634223218833,-0.1330433487892151,0.004492964595556259,-0.06657296815981084,0.3330423831939697,-0.022199861705303192,0.16689249873161316,-0.012423828584190475,0.1476011784123771,0.02505887347825922,0.4531386563354994,0.333781450987,0.39206187597617,0.395266166133698
10938.038,-0.12572374400618236,-0.144217151055255,-0.08763089282882919,0.42269731596829224,-0.029566838913279374,0.20004744045767703,-0.12471728771924973,0.003937968052923679,-0.0624006430255335,0.3330423831939697,-0.022199861705303192,0.16689249873161316,-0.011963760953387267,0.14767471244619482,0.02523024980329569,0.4236630249943175,0.333781450987,0.38256943805524385,0.39654759411848
10938.066,-0.11736944091532764,-0.1447296872338093,-0.08369645988422313,0.4177151545336182,-0.02562680892715514,0.19672164722600907,-0.12471728771924973,0.003937968052923679,-0.0624006430255335,0.3330423831939697,-0.022199861705303192,0.16689249873161316,-0.019750559813443522,0.14753297247789854,0.02129581685868963,0.4183953106289779,0.333781450987,0.3724999468193153,0.3913945254996573
10938.078,-0.1091516819946079,-0.14519978516383147,-0.0797932294089346,0.41088794606438833,-0.02350489650273335,0.1951615237779161,-0.10899479687213898,0.003007797058671713,-0.054525200520650685,0.29551082849502563,-0.015029140748083591,0.14794757962226868,-0.011657030419688455,0.14774852176240597,0.025268028888283917,0.4114541284899795,0.295892745256,0.3602621222657228,0.38425665757179533
10938.098,-0.10108537562150566,-0.14562268356419017,-0.07592635784561053,0.40331531864630843,-0.02114492001747323,0.1933435781619835,-0.10899479687213898,0.003007797058671713,-0.054525200520650685,0.29551082849502563,-0.015029140748083591,0.14794757962226868,-0.019160765599223282,0.14760231629738918,0.02140115732495984,0.40375727323922245,0.295892745256,0.34709907656959615,0.3793635436981539
10938.117,-0.09323228753405521,-0.14599891994715986,-0.07210866229187898,0.3926544043639514,-0.018811819148073665,0.19088477768241052,-0.10160702466964722,0.0026320687029510736,-0.05082685152162725,0.29551082849502563,-0.015029140748083591,0.14794757962226868,-0.019061269897880338,0.1476413729246644,0.021281810770251736,0.39298933194889435,0.295892745256,0.3362068739978062,0.3796282573912341
10938.137,-0.08561410713241652,-0.14633270197678971,-0.06832269659163048,0.3809090200736204,-0.016689101481128652,0.18929828500829304,-0.09421925991773605,0.0022563401143997908,-0.04712802568544561,0.29551082849502563,-0.015029140748083591,0.14794757962226868,-0.018729183848783703,0.1476549008885057,0.021194670906184876,0.3811596834572348,0.295892745256,0.32594839466732195,0.3799416574564836
10938.157,-0.078219454232963,-0.14661916095997052,-0.06458436836352527,0.3697326449646052,-0.01432294915872756,0.18691641140118073,-0.08688166737556458,0.0018879970302805305,-0.04345447221864873,0.27443891763687134,-0.011934165842831135,0.13734912872314453,-0.018228728417519748,0.14763848878645958,0.021129896144876537,0.3698862052099008,0.274698287249,0.32244579654110983,0.37544797267026053
10938.178,-0.07107415127862815,-0.14686886177851433,-0.06083102094727553,0.3572651477414374,-0.01248504092805337,0.18766737082545887,-0.08688166737556458,0.0018879970302805305,-0.04345447221864873,0.27443891763687134,-0.011934165842831135,0.13734912872314453,-0.024821729712353555,0.14752071834797137,0.017376548728626796,0.3573633467096192,0.274698287249,0.31923949270475227,0.37170196345736745
10938.198,-0.06416073517308246,-0.14708329482626115,-0.05716113536479809,0.3456708052697392,-0.010721652387106987,0.18349427911986665,-0.08688166737556458,0.0018879970302805305,-0.04345447221864873,0.27443891763687134,-0.011934165842831135,0.13734912872314453,-0.031194554931316676,0.1474299369198596,0.013706663146149357,0.3457187655524907,0.274698287249,0.31627669845312567,0.3679794312607787
10938.218,-0.05743432967992296,-0.14727270775510437,-0.053570980804774834,0.336320274650634,-0.0094706464419545,0.1795077279972445,-0.07427164912223816,0.001415126258507371,-0.03714496294130498,0.25101232528686523,-0.009325488470494747,0.12559349834918976,-0.024774708683082163,0.14757296879622073,0.016426017863469852,0.33634490486953794,0.251185506582,0.3042918135227168,0.3602173727823902
10938.238,-0.050865211786634446,-0.1474223605343119,-0.050053087604511555,0.31281513779320136,-0.007126322819806275,0.16751872383146355,-0.06799633800983429,0.0011819889768958092,-0.034004990254537404,0.25101232528686523,-0.009325488470494747,0.12559349834918976,-0.024544672416380357,0.14756113050291042,0.01604809734997415,0.3127799154424009,0.251185506582,0.29476756529927706,0.3603868941397514
10938.258,-0.04441241970985954,-0.14751028952755174,-0.04666452597808297,0.33962063561557004,-0.004627841749408479,0.17834534875721386,-0.0617794468998909,0.000954402843490243,-0.03089458147157842,0.22647853195667267,-0.006999962497502565,0.1132933497428894,-0.024273641971565407,0.14749294498274715,0.015769944506504548,0.33946680517547,0.226586684585,0.29010557096513345,0.3547710654693319
10938.279,-0.03808602603934169,-0.1475491415043716,-0.04331782418742995,0.3012568414440457,-0.001850094134222336,0.15936675193099883,-0.0617794468998909,0.000954402843490243,-0.03089458147157842,0.22647853195667267,-0.006999962497502565,0.1132933497428894,-0.030102033578313675,0.1473382111008633,0.012423242715851532,0.3010543583556751,0.226586684585,0.2877533787464387,0.3520280419169367
10938.298,-0.03192134069136904,-0.1475539744484109,-0.04000245303245393,0.3244571235735321,-0.00025436547574958534,0.17449321868081027,-0.0617794468998909,0.000954402843490243,-0.03089458147157842,0.22647853195667267,-0.006999962497502565,0.1132933497428894,-0.0357733351127192,0.14719549289005462,0.00910787156087551,0.32420773318242974,0.226586684585,0.28270466152527224,0.34798570007753127
10938.318,-0.025914817992762962,-0.14754258001095621,-0.036720677482685635,0.2860248904258674,0.0005425922597771929,0.1562750261882141,-0.05169706046581268,0.0006908950745128095,-0.02585155168642217,0.2003220021724701,-0.00517808785662055,0.10019483417272568,-0.031206872362973682,0.14718701804226678,0.010869125796263465,0.2858121530683716,0.200388908386,0.26936391227191564,0.33697476592444886
10938.338,-0.020054750208452682,-0.14752606012824854,-0.03350607777857947,0.3084246202230773,0.000869467510919732,0.16918945810877764,-0.04668901115655899,0.0005614428664557636,-0.023346726094381154,0.2003220021724701,-0.00517808785662055,0.10019483417272568,-0.031580214813193355,0.14711214236700837,0.010159351684198313,0.3082223818562933,0.200388908386,0.255156214865229,0.3355921627595993
10938.357,-0.014326551709585744,-0.14750625635772419,-0.030315524706196705,0.28640992493709516,0.0009901885261959587,0.15952765361565593,-0.04174260050058365,0.0004356585559435189,-0.02087289491762334,0.17486420273780823,-0.003650930244475603,0.08745115250349045,-0.03188770149811017,0.1470429339097962,0.009442629788573364,0.28624831172389414,0.174902305007,0.2497807324245666,0.331999408134681
10938.378,-0.008745894006920996,-0.14749234507714393,-0.02714834170277271,0.26574560488069504,0.0006624419323730791,0.15081823825368704,-0.04174260050058365,0.0004356585559435189,-0.02087289491762334,0.17486420273780823,-0.003650930244475603,0.08745115250349045,-0.03700005410648874,0.14697779728386381,0.00627544678514937,0.2656296973365004,0.174902305007,0.24550276929113782,0.32914390965358864
10938.398,-0.0033457419589305037,-0.14746779394732057,-0.024029753580894687,0.2700076023936309,0.0012275564911411077,0.15592940609049757,-0.04174260050058365,0.0004356585559435189,-0.02087289491762334,0.17486420273780823,-0.003650930244475603,0.08745115250349045,-0.041939514832941616,0.14693817442662913,0.003156858663271346,0.26990015598580147,0.174902305007,0.24031621927490707,0.3259220418880775
10938.416,0.0018723507027370578,-0.14744227808741284,-0.02087378907067999,0.2746364559001673,0.0013429399952559053,0.1661033952883244,-0.034105245023965836,0.00030376046197488904,-0.01705342928041631,0.15154346823692322,-0.0025835991837084293,0.07578291743993759,-0.03905355371158461,0.14696291792084018,0.0038203597902636798,0.2745485962407096,0.151565492153,0.22337401302662474,0.3120351076689855
10938.437,0.0069230870295511615,-0.14741493988005427,-0.017695872078344388,0.2525368163351928,0.0013669103678982946,0.15889584961331174,-0.030316658318042755,0.000239170462009497,-0.015158955250875294,0.15154346823692322,-0.0025835991837084293,0.07578291743993759,-0.039846646683714494,0.14697203707686443,0.0025369168274690934,0.252473089778043,0.151565492153,0.20759345919480401,0.3108259184667653
10938.458,0.011812864340988966,-0.14737791639033693,-0.01453038916601388,0.24448886556655353,0.0018511744858269502,0.15827414561307065,-0.02658161334693432,0.00017665335326455534,-0.013291184102193654,0.12943832576274872,-0.001720776199363172,0.0647248849272728,-0.040534374480713085,0.14698112618498033,0.0012392050638202253,0.2444361589442983,0.129449769855,0.19857461614308608,0.3081050897878887
10938.478,0.016515364596676935,-0.14733833471070346,-0.011432264876225968,0.23512501277926617,0.001979083981630369,0.1549062144860143,-0.02658161334693432,0.00017665335326455534,-0.013291184102193654,0.12943832576274872,-0.001720776199363172,0.0647248849272728,-0.044780555340170614,0.14701266297435286,-0.001858919225967686,0.2350870229978617,0.129449769855,0.19072367631040485,0.3050374868679896
10938.498,0.02098393647897462,-0.14727572063948613,-0.008443124173861115,0.22342859413032792,0.0031307035610827097,0.14945703512857336,-0.02658161334693432,0.00017665335326455534,-0.013291184102193654,0.12943832576274872,-0.001720776199363172,0.0647248849272728,-0.04880879836084153,0.14704552128136972,-0.004848059928332539,0.22339419786875547,0.129449769855,0.18304487685142964,0.3020378197046782
10938.518,0.025201792407476054,-0.14720009999074413,-0.005539120942617695,0.2108927964204684,0.0037810324370176193,0.1452001615590016,-0.021054085344076157,0.00011758229811675847,-0.010527435933248341,0.10952180624008179,-0.00115247315261513,0.05476399138569832,-0.04707117443156896,0.14705920671335443,-0.004988314990630647,0.21086861764816825,0.109527871013,0.16505637769659132,0.28830604072515437
10938.537,0.029186763107571345,-0.14710427478245147,-0.00274107596910663,0.19924853500041542,0.004791260414528153,0.13990224867249948,-0.01831604167819023,8.877047366695479e-05,-0.009157959614888966,0.10952180624008179,-0.00115247315261513,0.05476399138569832,-0.047906093143701145,0.14706228365556864,-0.006416883645782336,0.1992346532818645,0.109527871013,0.14975350176540508,0.286622237760141
10938.557,0.03296344848558594,-0.1470220785562356,4.5799007228189414e-05,0.18883426889660784,0.0041098113107032016,0.1393437488136994,-0.015623321756720543,6.102298357291147e-05,-0.0078118483172815445,0.0908202975988388,-0.000709629210177809,0.04541153833270073,-0.0485800339313217,0.1470853266113923,-0.007857647324509734,0.18883445692384113,0.0908230692148,0.1400983754721084,0.28494765660832017
10938.577,0.03651296473246213,-0.1469522915981143,0.00274611039126192,0.17747581235607685,0.003489347906307221,0.135015569211019,-0.015623321756720543,6.102298357291147e-05,-0.0078118483172815445,0.0908202975988388,-0.000709629210177809,0.04541153833270073,-0.051732375622833976,0.147155932077488,-0.010557958708543464,0.17748472529559683,0.0908230692148,0.13111885912264173,0.2820768253078472
10938.597,0.03983373419680286,-0.14688228166200323,0.005328786534691935,0.16603847321341242,0.0035004968054765688,0.12913380716868203,-0.015623321756720543,6.102298357291147e-05,-0.0078118483172815445,0.0908202975988388,-0.000709629210177809,0.04541153833270073,-0.05467324277970026,0.14723673576640708,-0.01314063485197348,0.16605476911953806,0.0908230692148,0.12285277437744059,0.2792901787299018
10938.618,0.04291374395202435,-0.14679893813712652,0.007860622781631885,0.15400048775771305,0.004167176243744597,0.12659181234423428,-0.011864792555570602,3.8306101487251e-05,-0.005932633076803029,0.07431718707084656,-0.00044063516543246806,0.037159264087677,-0.05362262384937681,0.14726329674773844,-0.013793255858434914,0.1540284862472553,0.0743184909225,0.10667292806129203,0.26628262934990443
10938.636,0.04573853953487625,-0.14669958173252506,0.010351928033372227,0.14123977913951188,0.00496782022996448,0.12456526258429808,-0.010006863623857498,2.7290221623843536e-05,-0.005003277455465138,0.07431718707084656,-0.00044063516543246806,0.037159264087677,-0.05422353738851723,0.14729607231645742,-0.015355205488837365,0.14128363700826027,0.0743184909225,0.09165804017687115,0.2643249382057772
10938.657,0.04835335192780246,-0.14659371015604183,0.012805432993197013,0.13074061964345687,0.005293578824045935,0.12267524798856157,-0.008186040446162224,1.6752885130699724e-05,-0.004092995320455373,0.0590217299759388,-0.00024164917704183608,0.029511114582419395,-0.05465739764592687,0.14732243429206288,-0.016898428313652385,0.13079768514078338,0.0590222254395,0.08217163882630642,0.2630856817466233
10938.677,0.05073504166502807,-0.14647571406558457,0.015229210525822465,0.11908448686951162,0.005899804523270899,0.1211888766396494,-0.008186040446162224,1.6752885130699724e-05,-0.004092995320455373,0.0590217299759388,-0.00024164917704183608,0.029511114582419395,-0.05668337111061714,0.14737276624260023,-0.019322205846277838,0.11916052346424978,0.0590222254395,0.07354447590239849,0.26016960748201967
10938.698,0.05286062568249081,-0.14639948391142876,0.017691043369667897,0.10121828654275862,0.0036300073406421644,0.11723013541763672,-0.008186040446162224,1.6752885130699724e-05,-0.004092995320455373,0.0590217299759388,-0.00024164917704183608,0.029511114582419395,-0.05844699251427582,0.14747324811343104,-0.02178403869012327,0.10126666292724398,0.0590222254395,0.06607248332228043,0.2571542703089921
10938.717,0.05474603675365944,-0.14632962888278545,0.020117263381861726,0.0992321616392382,0.0036765804548663933,0.12769579011389987,-0.005855764262378216,9.761107321537565e-06,-0.0029280821429651382,0.045927245169878006,-0.00013437062443699688,0.02296372503042221,-0.05764578904110737,0.14752883906169734,-0.023045345524826864,0.09928604022448449,0.0459274426103,0.05242562531271871,0.24530018129947007
10938.737,0.05639309029369419,-0.14627323480551324,0.022532568408329512,0.08235267699993984,0.002819703863548642,0.12076525132075325,-0.004707583226263523,6.401841346814763e-06,-0.0023539702044885757,0.045927245169878006,-0.00013437062443699688,0.02296372503042221,-0.05778938624574098,0.14761914252382863,-0.024886538612818088,0.0823953017662781,0.0459274426103,0.039695067985776995,0.2428430578725657
10938.758,0.05782918818967761,-0.14623524178312985,0.024902678017156024,0.07180489480413445,0.0018996511193006501,0.1185054804495169,-0.0035882689990103245,3.218922756786924e-06,-0.001794163380758107,0.03404717519879341,-6.111239781603217e-05,0.017023613676428795,-0.057757061445006336,0.14772241972831757,-0.02669684139791413,0.07182993280076948,0.0340472310781,0.031194104170308323,0.2413695331251214
10938.777,0.05905816485248633,-0.14618233106424783,0.02713843544990975,0.06144883313909457,0.002645535944043583,0.11178787163524624,-0.0035882689990103245,3.218922756786924e-06,-0.001794163380758107,0.03404717519879341,-6.111239781603217e-05,0.017023613676428795,-0.058656605730850575,0.14783163837098104,-0.028932598830667858,0.061497993052471014,0.0340472310781,0.024348103574297023,0.23848038251868484
10938.797,0.06008159611644903,-0.14612884237588086,0.029280930308610138,0.05117156319701824,0.002674434418289871,0.10712474293268104,-0.0035882689990103245,3.218922756786924e-06,-0.001794163380758107,0.03404717519879341,-6.111239781603217e-05,0.017023613676428795,-0.05936430136177187,0.14793346743397287,-0.031075093689368245,0.051227926947203156,0.0340472310781,0.018052162641259074,0.23564609640648837
10938.817,0.06090903672524392,-0.14607519662470314,0.031363939137492226,0.04137203043884135,0.002682287558827561,0.10415044144183105,-0.00234441040083766,1.7088251524910447e-06,-0.001172367726461232,0.02437479794025421,-2.8542684958665632e-05,0.012187408283352852,-0.058641542506665985,0.14798861568234548,-0.03253630686395346,0.041435796654244635,0.0243748147041,0.006945237240339328,0.22561582997369797
10938.836,0.061556014504437595,-0.14602600349365114,0.0334075227996556,0.03234888896191975,0.002459656552770291,0.10217918311523151,-0.0017350404523313046,9.952580057870364e-07,-0.0008676687823694351,0.02437479794025421,-2.8542684958665632e-05,0.012187408283352852,-0.058378246944948274,0.1480595227791573,-0.034275191582025036,0.03241299469707749,0.0243748147041,0.0,0.22318236832458485
10938.857,0.062034515436250715,-0.14598578594126266,0.0354079974790402,0.02278575865707286,0.0019151215422500538,0.09526069901540977,-0.0011463291011750698,3.2851767173269764e-07,-0.0005729834185999039,0.015898097306489944,-9.119969945459161e-06,0.007949048653244972,-0.05797324699300945,0.14813125046514317,-0.035980980897640104,0.022839273047336853,0.0158980991691,0.0,0.22145635952267445
10938.877,0.06235281714617952,-0.14595670941631345,0.037370993884718526,0.01675272157499488,0.0015303434183608247,0.1033156002975932,-0.0011463291011750698,3.2851767173269764e-07,-0.0005729834185999039,0.015898097306489944,-9.119969945459161e-06,0.007949048653244972,-0.05800152020465492,0.14822760252582756,-0.03794397730331843,0.016798201728297997,0.0158980991691,0.0,0.21876977786093843
10938.898,0.06253607964150351,-0.14593773589212589,0.03930088782863464,0.00916312476599967,0.000948676209357289,0.09649469719369942,-0.0011463291011750698,3.2851767173269764e-07,-0.0005729834185999039,0.015898097306489944,-9.119969945459161e-06,0.007949048653244972,-0.05789921528477013,0.1483275048544796,-0.039873871247234544,0.009193323399970331,0.0158980991691,0.0,0.21606173282284397
10938.917,0.06261344622155907,-0.1459308151834704,0.041205209186092356,0.0038683290030451113,0.00034603543279836823,0.09521606787946732,-0.0006474847323261201,1.5727012225852377e-07,-0.0003235975848596695,0.009650588035583496,-3.1191209473035997e-06,0.004825294017791748,-0.05719581934664912,0.1484130464469648,-0.041528806770952026,0.0038792999371069685,0.00965058896691,0.0,0.20831078676041023
10938.937,0.06263382275161405,-0.14593145816060404,0.0430978373585674,0.0010188265027271872,-3.214885668164405e-05,0.09463140862168648,-0.00040622003143653274,7.929210710244661e-08,-0.00020295778383427887,0.009650588035583496,-3.1191209473035997e-06,0.004825294017791748,-0.056694118958769475,0.14851207860941743,-0.04330079514240168,0.0010164953356757939,0.00965058896691,0.0,0.20592392766343395
10938.958,0.06263804083337704,-0.14593664661644268,0.04496113629927333,0.00021090408814467384,-0.0002594227919260334,0.09316494703326286,-0.00017741427291184664,7.868976581448806e-09,-8.851686586552887e-05,0.004574821796268225,-4.0705239712224284e-07,0.0022874108981341124,-0.05619270759981501,0.14861247637802327,-0.045049653165138856,0.00019903093822765355,0.00457482179627,0.0,0.20405120869111515
10938.978,0.06263833250309084,-0.14594487647348187,0.0467904123523213,1.4583485689571326e-05,-0.0004114928519504232,0.09146380265040222,-0.00017741427291184664,7.868976581448806e-09,-8.851686586552887e-05,0.004574821796268225,-4.0705239712224284e-07,0.0022874108981341124,-0.05592066690236616,0.1487232541398791,-0.04687892921818683,-4.679370942189732e-06,0.00457482179627,0.0,0.2016680491066467
10938.996,0.06263780170472699,-0.14595403130386964,0.04858558865168905,-2.6539918194126547e-05,-0.000457741519420128,0.08975881497459169,-0.00017741427291184664,7.868976581448806e-09,-8.851686586552887e-05,0.004574821796268225,-4.0705239712224284e-07,0.0022874108981341124,-0.05565261768835547,0.14883252014805057,-0.04867410551755458,-4.873949236681279e-05,0.00457482179627,0.0,0.19933515315751138
10939.018,0.06263687403276352,-0.14596372275021396,0.05034722461952335,-4.6383598172425946e-05,-0.00048457231720585903,0.08808179838979252,-8.360193169210106e-05,3.4190290598701267e-09,-4.178682436162262e-05,0.0017246511997655034,-7.184062411624836e-08,0.0008623255998827517,-0.055295235277845085,0.14893523564954458,-0.050389011443884975,-7.071138858446285e-05,0.00172465119977,0.0,0.19414787400306582
10939.036,0.0626355291142785,-0.14597390814270383,0.05208663728021361,-6.724592424975683e-05,-0.000509269624482375,0.08697063303261438,-4.048565460834652e-05,1.6230132793282337e-09,-2.0329152242481996e-05,0.0017246511997655034,-7.184062411624836e-08,0.0008623255998827517,-0.05499116083788087,0.14903904652574024,-0.05210696643245609,-9.366887469636922e-05,0.00172465119977,0.0,0.19192361996028
10939.057,0.06263393958611291,-0.1459843045878405,0.053799589794757074,-7.947640827780925e-05,-0.000519822256822322,0.08564762572530385,-1.5644327504560351e-06,6.128431095930864e-13,-7.788287561538709e-07,7.738624117337167e-05,-9.993266630869968e-11,3.8693120586685836e-05,-0.05469477237098039,0.14914122644379055,-0.05380036862351323,-0.00010731415317206167,7.73862411734e-05,0.0,0.18995861098827407
10939.077,0.06263362496093972,-0.14599347745055857,0.05548483926924628,-1.5731258660699927e-05,-0.00045864313593497156,0.08426247373028459,-1.5644327504560351e-06,6.128431095930864e-13,-7.788287561538709e-07,7.738624117337167e-05,-9.993266630869968e-11,3.8693120586685836e-05,-0.05444253181339231,0.1492423302498889,-0.05548561809800243,-4.114173559394992e-05,7.73862411734e-05,0.0,0.18777535682669694
10939.098,0.06263475925748535,-0.14600167679954068,0.057143300471143965,5.67148272805184e-05,-0.00040996744909642635,0.08292306009307426,-1.5644327504560351e-06,6.128431095930864e-13,-7.788287561538709e-07,7.738624117337167e-05,-9.993266630869968e-11,3.8693120586685836e-05,-0.05419560860275076,0.1493406665381601,-0.05714407929990012,3.320810972039538e-05,7.73862411734e-05,0.0,0.18562542682594949
10939.117,0.0626386149587779,-0.1460071761075663,0.058774935191467786,0.00019278506462323507,-0.00027496540127524443,0.08158173601441031,-1.5644327504560351e-06,6.128431095930864e-13,-7.788287561538709e-07,7.738624117337167e-05,-9.993266630869968e-11,3.8693120586685836e-05,-0.05395539316161861,0.14943461144615344,-0.05877571402022394,0.00017630040261439755,7.73862411734e-05,0.0,0.1835088944582131
10939.138,0.06264571015140089,-0.14600859267265587,0.060397635523398364,0.00035475963114153813,-7.082825447658198e-05,0.0811350165947579,-1.5644327504560351e-06,6.128431095930864e-13,-7.788287561538709e-07,7.738624117337167e-05,-9.993266630869968e-11,3.8693120586685836e-05,-0.05371983138815934,0.14952381035433215,-0.06039841435215452,0.0003498375098084785,7.73862411734e-05,0.0,0.18139855859467632
10939.157,0.06265929523685357,-0.1459959372991685,0.06201176806098127,0.0006792542726193288,0.0006327686743551989,0.08070662687738364,5.2687013521790504e-05,1.3852282654269743e-09,2.6343506760895252e-05,0.0011092002969235182,2.9162700698748267e-08,0.0005546001484617591,-0.05343860626202353,0.14959517661455637,-0.061985424554220375,0.0007171626291057472,0.00110920029692,0.0,0.2555825160527713
10939.176,0.06266611151263879,-0.1459972847167419,0.06360834917587135,0.0003408137892845984,-6.737087867491549e-05,0.07982905575002207,8.041701948968694e-05,2.1142958495090625e-09,4.020850974484347e-05,0.0011092002969235182,2.9162700698748267e-08,0.0005546001484617591,-0.0531787402889332,0.1496803210128048,-0.06356814066612651,0.00033584209047249016,0.00110920029692,0.0,0.2526038597787247
10939.197,0.06266387242884819,-0.14600646547816887,0.06534683057221075,-0.00011195418952758428,-0.0004590380713387076,0.08692406981507222,8.041701948968694e-05,2.1142958495090625e-09,4.020850974484347e-05,0.0011092002969235182,2.9162700698748267e-08,0.0005546001484617591,-0.052915609793436694,0.1497815599798365,-0.0653066220624659,-0.00014169057967407998,0.00110920029692,0.0,0.249344876216611
10939.217,0.06265659622173067,-0.14602249663954103,0.06723746923395292,-0.0003638103558679631,-0.0008015580685907694,0.09453193308504532,0.00011376411566743627,3.2355687018537083e-09,5.6882057833718136e-05,0.003412923775613308,1.941341309930067e-07,0.001706461887806654,-0.05259072391078244,0.1498946032256115,-0.0671805871761192,-0.000416842431230402,0.00341292377561,0.0,0.2458535827399034
10939.237,0.06264145044269212,-0.1460553967550976,0.06927264178048737,-0.0007572889519109739,-0.0016450057777924274,0.10175862732450106,0.00011376411566743627,3.2355687018537083e-09,5.6882057833718136e-05,0.003412923775613308,1.941341309930067e-07,0.001706461887806654,-0.05226816711743415,0.15003309678210436,-0.06921575972265365,-0.0008693354569988847,0.00341292377561,0.0,0.24209871997181584
10939.257,0.06263161160870476,-0.14607549572657053,0.07145473255191942,-0.0004919416994021741,-0.0010049485737157664,0.10910453857914422,0.0004993533948436379,9.780519860669301e-08,0.00024967669742181897,0.007935048080980778,1.980296246983926e-06,0.003967524040490389,-0.05154479634854477,0.15013870422312692,-0.0712050558544976,-0.0005624336018293932,0.00793504808098,0.0,0.24157893307797143
10939.277,0.06262808088201491,-0.14608964912554834,0.07362126599382633,-0.00017653633448858525,-0.0007076699488751521,0.10832667209298107,0.0006977296434342861,1.4731260478129116e-07,0.00034886482171714306,0.007935048080980778,1.980296246983926e-06,0.003967524040490389,-0.05101699037028288,0.15024933850580988,-0.07327240117210919,-0.00022811063529783952,0.00793504808098,0.0,0.2377511906856428
10939.297,0.06262639656159441,-0.14610096591534283,0.07575425451112791,-8.42160210230361e-05,-0.0005658394897122,0.10664942586275102,0.0006977296434342861,1.4731260478129116e-07,0.00034886482171714306,0.007935048080980778,1.980296246983926e-06,0.003967524040490389,-0.05069385848003356,0.15036897214888553,-0.07540538968941077,-0.00012679825346293048,0.00793504808098,0.0,0.23379449064340016
10939.316,0.06262468741950913,-0.1461101559738791,0.0778578928535277,-8.545710426196545e-05,-0.0004595029268039295,0.1051819171176938,0.0009101129835471511,2.0707641112949204e-07,0.00045505649177357554,0.013651693239808083,6.212292646523565e-06,0.006825847551226616,-0.05016326125462482,0.15046785074825705,-0.07740283636175413,-0.0001209380168066058,0.0136516951025,0.0,0.23010733248104734
10939.336,0.06262323454383623,-0.1461191387671723,0.07993514611416598,-7.264378365043094e-05,-0.00044913966469102627,0.10386266303909296,0.0009101129835471511,2.0707641112949204e-07,0.00045505649177357554,0.013651693239808083,6.212292646523565e-06,0.006825847551226616,-0.049848427906148574,0.15058056593650213,-0.0794800896223924,-0.00010827564732592718,0.0136516951025,0.0,0.22625471879606548
10939.357,0.06262198174646785,-0.14612798223180534,0.08198398956150883,-6.263986841727847e-05,-0.0004421732316420918,0.10244217236490649,0.0019698962569236755,1.232680915563833e-06,0.0009849484777078032,0.02158673107624054,2.1257899788906798e-05,0.010793371126055717,-0.04848152703363629,0.15060532680395453,-0.08099904108380103,-9.864000298100698e-05,0.0215867422521,0.0,0.22957990031886216
10939.377,0.06262111062216572,-0.14613692722826077,0.08399850299724047,-4.1482109624332276e-05,-0.00042595221215029376,0.09592921122239137,0.0025095646269619465,1.764128455761238e-06,0.0012547827791422606,0.02158673107624054,2.1257899788906798e-05,0.010793371126055717,-0.04763860367778319,0.1506667797260506,-0.08274372021809821,-7.707313998090682e-05,0.0215867422521,0.0,0.2262583946606871
10939.397,0.0626201503284477,-0.14614601025825746,0.08599179626672851,-5.0541774631824074e-05,-0.00047805421034638587,0.1049101720770321,0.0025095646269619465,1.764128455761238e-06,0.0012547827791422606,0.02158673107624054,2.1257899788906798e-05,0.010793371126055717,-0.04733644931021873,0.15077040504776257,-0.08473701348758625,-9.141311721086996e-05,0.0215867422521,0.0,0.22253355752487228
10939.416,0.06261920994754017,-0.14615497919639764,0.0879666593576034,-4.701904537987841e-05,-0.00044844690703973447,0.0987431545505695,0.0030716299079358578,2.358729261686676e-06,0.001535815536044538,0.03071627765893936,4.717457704828121e-05,0.015358157455921173,-0.04647693733978604,0.1508236586666762,-0.08643084382155886,-8.623476270329467e-05,0.0307163130492,0.0,0.21968146913020442
10939.437,0.06261820379765476,-0.14616413822847218,0.08992406046324075,-4.7911899303657336e-05,-0.0004361443844888948,0.09320957645607986,0.0030716299079358578,2.358729261686676e-06,0.001535815536044538,0.03071627765893936,4.717457704828121e-05,0.015358157455921173,-0.04617980150340417,0.15092337535320752,-0.08838824492719621,-8.688535178359071e-05,0.0307163130492,0.0,0.21604658329470564
10939.458,0.06261713722192508,-0.14617313830798706,0.09186472311039268,-5.6135564719320714e-05,-0.00047368839551398023,0.10214013932253388,0.005146894138306379,7.619687949045328e-06,0.0025734512601047754,0.04206414148211479,0.0001082396847778,0.021032145246863365,-0.04381793936945041,0.15083643803064242,-0.0892912718502879,-9.9352937650106e-05,0.0420642793179,0.0,0.2232379212862342
10939.477,0.06261643680402032,-0.14618185318595855,0.09377503185097097,-3.5020895237171626e-05,-0.0004357438985651917,0.09551543702682973,0.006198497489094734,1.032568070513662e-05,0.003099254798144102,0.04206414148211479,0.0001082396847778,0.021032145246863365,-0.04248096569656311,0.1508327039862796,-0.09067577705282687,-7.566906145957725e-05,0.0420642793179,0.0,0.22050002326344095
10939.497,0.06261549780431969,-0.14619079694661397,0.09567567126514465,-4.4714271461258026e-05,-0.0004258933645672871,0.09050663877525512,0.006198497489094734,1.032568070513662e-05,0.003099254798144102,0.04206414148211479,0.0001082396847778,0.021032145246863365,-0.04219242145661694,0.150921985653793,-0.09257641646700054,-8.519526982622813e-05,0.0420642793179,0.0,0.21692882653208395
10939.517,0.0626144754685175,-0.14619988092907843,0.09757099540804823,-5.1116790107935685e-05,-0.00045419912321328367,0.09476620714311054,0.00728088803589344,1.3252877579361666e-05,0.003640452167019248,0.054606419056653976,0.00019879292813129723,0.027303392067551613,-0.04082686980413175,0.1509080948714281,-0.09393054324102898,-9.5120042154849e-05,0.0546067804098,0.0,0.21542600447529117
10939.538,0.06261351401320359,-0.14620899798978915,0.0994606241435467,-4.807276569491187e-05,-0.0004558530355259078,0.09448143677286128,0.00728088803589344,1.3252877579361666e-05,0.003640452167019248,0.054606419056653976,0.00019879292813129723,0.027303392067551613,-0.0405397748132745,0.150993949562072,-0.09582017197652745,-9.309989540671122e-05,0.0546067804098,0.0,0.2119049311627571
10939.556,0.06261252524785679,-0.14621827834935575,0.10134821048057574,-5.204028140953404e-05,-0.0004884399771834417,0.09934664931610049,0.010712889023125172,3.1403284083353356e-05,0.005356477573513985,0.06936664879322052,0.0003715420898515731,0.03468383848667145,-0.03683653941223179,0.15075016080347264,-0.09599173290706176,-0.00010119106254270131,0.069367647171,0.0,0.22270928565937168
10939.577,0.0626120299319825,-0.1462272677577705,0.10321176626674625,-2.476579371612153e-05,-0.000449470420769131,0.09317778931496593,0.0124470554292202,4.0691837057238445e-05,0.006223573349416256,0.06936664879322052,0.0003715420898515731,0.03468383848667145,-0.03482823059087496,0.15065800683935054,-0.09698819291732999,-7.094231573535114e-05,0.069367647171,0.0,0.22058360216575298
10939.597,0.06261128430750001,-0.14623671728597265,0.1050772438233901,-3.728122412368309e-05,-0.00047247641009685675,0.09327387783015705,0.0124470554292202,4.0691837057238445e-05,0.006223573349416256,0.06936664879322052,0.0003715420898515731,0.03468383848667145,-0.034545388406022864,0.1507320351437468,-0.09885367047397385,-8.6630807811212e-05,0.069367647171,0.0,0.21704879157159104
10939.616,0.0626104007317071,-0.14624610703912355,0.10695001665277132,-4.4178789645056736e-05,-0.0004694876575348167,0.09363864146701663,0.0124470554292202,4.0691837057238445e-05,0.006223573349416256,0.06936664879322052,0.0003715420898515731,0.03468383848667145,-0.034261160282777474,0.15080570822569858,-0.10072644330335506,-9.404240983201573e-05,0.069367647171,0.0,0.21349954631249593
10939.637,0.06260942616971407,-0.14625544634813958,0.10882692885689847,-4.872809965005494e-05,-0.00046696545079141126,0.09384561020430926,0.016762979328632355,7.461429777322337e-05,0.008381607942283154,0.10349196940660477,0.001001308555714786,0.05174845829606056,-0.029681991751193158,0.15044388555960245,-0.10044532091461532,-9.915799920540604e-05,0.103496812284,0.0,0.2295931989425574
10939.657,0.0626083838167662,-0.14626494332973294,0.1107078822800954,-5.2117647392463743e-05,-0.0004748490796576289,0.09404767115779347,0.01935027725994587,9.964701166609302e-05,0.00967531930655241,0.10349196940660477,0.001001308555714786,0.05174845829606056,-0.026822651739378582,0.15024780345267877,-0.10103256297354299,-0.00010426080808881248,0.103496812284,0.0,0.22812754185151418
10939.676,0.06260718500307597,-0.14627457251530762,0.11260325839573816,-5.994068451584884e-05,-0.000481459278767166,0.09476880578868874,0.021937577053904533,0.0001246797328349203,0.010969030670821667,0.10349196940660477,0.001001308555714786,0.05174845829606056,-0.02396182731756165,0.15004195713585564,-0.1016342277249165,-0.0001136604658553886,0.103496812284,0.0,0.22660816042942752
10939.697,0.06260584022026366,-0.14628436019370483,0.11451596058339322,-6.723914061360417e-05,-0.0004893839198498488,0.09563510938066551,0.021937577053904533,0.0001246797328349203,0.010969030670821667,0.10349196940660477,0.001001308555714786,0.05174845829606056,-0.023672343709587675,0.15009708439698122,-0.10354692991257156,-0.00012271859948371122,0.103496812284,0.0,0.22293926729735628
10939.717,0.06260421253212986,-0.14629442448941465,0.11645046212795754,-8.138440668842274e-05,-0.0005032147854801065,0.09672507722610448,0.021937577053904533,0.0001246797328349203,0.010969030670821667,0.10349196940660477,0.001001308555714786,0.05174845829606056,-0.023379150545505906,0.15015240471645938,-0.10548143145713587,-0.00013930045688779206,0.103496812284,0.0,0.2192264371919125
10939.737,0.06260223546539603,-0.14630444102096507,0.11840600071418321,-9.885333668919357e-05,-0.0005008265775098867,0.09777692930914933,0.02813017927110195,0.0002063374558929354,0.014065618626773357,0.14443354308605194,0.0022924698423594236,0.07222601771354675,-0.016923441721450938,0.14955710611153916,-0.10434038208740985,-0.00015732358798114588,0.144451737404,0.0,0.24020585766996674
10939.757,0.06260058639288454,-0.14631388718011307,0.12034205269405318,-8.245362558016278e-05,-0.0004723079574324779,0.0968025990001897,0.03174101933836937,0.00026364921359345317,0.01587126962840557,0.14443354308605194,0.0022924698423594236,0.07222601771354675,-0.013039483164977002,0.14922217976169214,-0.10447078306564761,-0.00013855870765094546,0.144451737404,0.0,0.23948905291748968
10939.777,0.06259812624627997,-0.14632410298113763,0.12230037341942579,-0.00012300733022589002,-0.0005107900512168555,0.09791603626649313,0.03535185754299164,0.0003209609421901405,0.01767691969871521,0.14443354308605194,0.0022924698423594236,0.07222601771354675,-0.009152686115350334,0.14887364531105748,-0.10462345372071058,-0.0001844027421540571,0.144451737404,0.0,0.2386851666047668
10939.797,0.06259528057754468,-0.14633478028912028,0.12428916864511808,-0.0001422834367614285,-0.0005338653991210405,0.09943976128244374,0.03535185754299164,0.0003209609421901405,0.01767691969871521,0.14443354308605194,0.0022924698423594236,0.07222601771354675,-0.008852441637670374,0.1489017958649134,-0.10661224894640287,-0.0002073688500604266,0.144451737404,0.0,0.23480349645070758
10939.817,0.06259247099820128,-0.1463460062475962,0.1263149674613766,-0.0001404789671668883,-0.0005612979237834153,0.10128994081071548,0.03535185754299164,0.0003209609421901405,0.01767691969871521,0.14443354308605194,0.0022924698423594236,0.07222601771354675,-0.008546577163790033,0.14893020615324948,-0.1086380477626614,-0.000210071690422111,0.144451737404,0.0,0.23085175169410377
10939.836,0.06259015217732744,-0.14635747489881046,0.12837757711931175,-0.0001159410437001278,-0.0005734325607528195,0.10313048290388574,0.0437614768743515,0.0004938800120726228,0.021882662549614906,0.1921715885400772,0.004667803179472685,0.09611445665359497,0.0001269475184113994,0.14805344756929711,-0.10649491456969684,-0.00018840079563463112,0.192228272557,0.0,0.25725611107482993
10939.856,0.06258810445322041,-0.146368092722727,0.13042137339129253,-0.00010238620534923304,-0.0005308911958152443,0.10218981359680869,0.04875794053077698,0.0006152428686618805,0.024381637573242188,0.1921715885400772,0.004667803179472685,0.09611445665359497,0.005402762401183557,0.14753367254335148,-0.10603973581805035,-0.00017056009253857163,0.192228272557,0.0,0.25755444108054826
10939.877,0.06258553534106415,-0.14637909349890688,0.13249741300141055,-0.00012845560781041206,-0.0005500388089820627,0.1038019805036349,0.05337005853652954,0.0007272701477631927,0.026688385754823685,0.1921715885400772,0.004667803179472685,0.09611445665359497,0.010299529156600432,0.1470344413300285,-0.10580902724658686,-0.00019999536956257036,0.192228272557,0.0,0.25739933853085933
10939.896,0.06258238472792405,-0.1463911652497859,0.13461627929193082,-0.00015753065700163974,-0.0006035875439382255,0.10594331452370107,0.05337005853652954,0.0007272701477631927,0.026688385754823685,0.1921715885400772,0.004667803179472685,0.09611445665359497,0.010615794384205469,0.1470238276514108,-0.10792789353710713,-0.00023711298949901865,0.192228272557,0.0,0.2531702172883151
10939.917,0.06257833688063541,-0.1464044653360551,0.13678496949457233,-0.00019275463280296978,-0.0006333374414263993,0.10327096203634484,0.05823829397559166,0.0008481044787913561,0.02912326343357563,0.2181890308856964,0.006356173660606146,0.10914081335067749,0.015779682504591518,0.1464689622737464,-0.1076617060609967,-0.00027731535959589325,0.218281596899,0.0,0.2697864456762695
10939.937,0.06257293835207875,-0.14641995143642372,0.13900799341574488,-0.0002841330819260157,-0.0008150579141274495,0.11700125900764759,0.05823829397559166,0.0008481044787913561,0.02912326343357563,0.2181890308856964,0.006356173660606146,0.10914081335067749,0.0161127394725928,0.14644811047468614,-0.10988472998216925,-0.00039432734830944556,0.218281596899,0.0,0.2653994018668521
10939.956,0.06256276820159543,-0.14643834839814218,0.14125956120349226,-0.0005085075241551022,-0.000919848085902858,0.11257838938491152,0.07034289836883545,0.0012708420399576426,0.03517929092049599,0.24332715570926666,0.00856348779052496,0.12173956632614136,0.028498648333844787,0.14514255891516414,-0.10608027028299627,-0.0006329481423053553,0.243477791548,0.009387701083451383,0.28044022184156103
10939.977,0.06255196150822726,-0.14645930643719096,0.14352877974965822,-0.000540334668396732,-0.0010479019524161054,0.11346092730582154,0.07642607390880585,0.0014849291183054447,0.0382227823138237,0.24332715570926666,0.00856348779052496,0.12173956632614136,0.03489287523579626,0.14443848201495074,-0.10530599743583452,-0.0006846668512947004,0.243477791548,0.055274604574640875,0.28127342058690896
10939.996,0.06255777580805738,-0.14649377142452902,0.14584064193116986,0.0002907149915263859,-0.0017232493670219374,0.11559310908357183,0.07642607390880585,0.0014849291183054447,0.0382227823138237,0.24332715570926666,0.00856348779052496,0.12173956632614136,0.03522595957734091,0.14439237264624694,-0.10761785961734616,3.719895385435797e-05,0.243477791548,0.10113824827847667,0.276690399336903
10940.017,0.06273973950346973,-0.1464951959038011,0.14820503718448333,0.009098184770418707,-7.122396360315051e-05,0.11821976266309314,0.08256812393665314,0.001705100410617888,0.041295796632766724,0.2672540247440338,0.011042745783925056,0.13374103605747223,0.04149473315431014,0.1436477628693336,-0.1069092405517166,0.008987930778778613,0.267482072115,0.13777829472221714,0.30011972721437763
10940.036,0.06332730538026143,-0.14638417237003942,0.1506508882389227,0.02937829383894408,0.005551176687963299,0.12229255271929904,0.08256812393665314,0.001705100410617888,0.041295796632766724,0.2672540247440338,0.011042745783925056,0.13374103605747223,0.04124837625201318,0.1435242602071032,-0.10935509160615597,0.029878673484760844,0.267482072115,0.1714685069623463,0.29789700736589997
10940.056,0.06451223519281948,-0.14615091193675367,0.15318642330890578,0.05924649062660927,0.011663021664033097,0.12677675349638676,0.096961110830307,0.002398956334218383,0.04850070923566818,0.28892427682876587,0.01402390655130148,0.14463335275650024,0.054735824642123385,0.14185902295662056,-0.1046857140732376,0.06033234475088924,0.289264410734,0.21968772205929302,0.31180003085347574
10940.076,0.06646921814224116,-0.14573462644647261,0.15582590394230617,0.0978491474778473,0.020814274515491428,0.13197403167914162,0.10418421030044556,0.0027495541144162416,0.05211654305458069,0.28892427682876587,0.01402390655130148,0.14463335275650024,0.06030218383385652,0.14083188252380863,-0.10370936088772548,0.0998938701119382,0.289264410734,0.26347462662575644,0.317649322168118
10940.097,0.06922859566111558,-0.1451610030721754,0.15851547326933418,0.13796887594070958,0.028681168714235324,0.13447846634846555,0.10418421030044556,0.0027495541144162416,0.05211654305458069,0.28892427682876587,0.01402390655130148,0.14463335275650024,0.05786541212195085,0.14053832929851598,-0.1063989302147535,0.14076651301765797,0.289264410734,0.3010716025807332,0.3172266612356146
10940.117,0.07279660732949095,-0.1444155224620699,0.16131349534887218,0.17840058341487414,0.03727403050446072,0.13990110397384617,0.11145763844251633,0.0031081163324415684,0.05575770512223244,0.309375137090683,0.017267948016524315,0.15492835640907288,0.061853579304597506,0.13939883090293717,-0.10555579022663975,0.18207119910830663,0.309856683016,0.3260825789009382,0.3450618207486999
10940.137,0.07716818580878487,-0.14347688944157144,0.16419200831285405,0.21857892395992515,0.0469316510238985,0.14392564819595172,0.11145763844251633,0.0031081163324415684,0.05575770512223244,0.309375137090683,0.017267948016524315,0.15492835640907288,0.05778837531609685,0.13900875568831722,-0.10843430319062161,0.22331042610164836,0.309856683016,0.3445532888737862,0.3433793954163663
10940.16,0.08228573623526148,-0.14237693910226235,0.16719907727499006,0.2132312677749007,0.04583126413896281,0.1252945400919633,0.12779070436954498,0.0041476283222436905,0.0639408528804779,0.32755428552627563,0.02097257971763611,0.16411419212818146,0.06925517663021541,0.1369082594066495,-0.10325822439451215,0.21788499937987157,0.328225016594,0.38641662960682666,0.3474451565645408
10940.177,0.0880778754449405,-0.14111422778642813,0.17038808527548666,0.3620087006134995,0.07891945724150493,0.19931300003575037,0.135979562997818,0.004671942908316851,0.06804370880126953,0.32755428552627563,0.02097257971763611,0.16411419212818146,0.07192823176627634,0.13555260495921,-0.10234437647421712,0.37014842961001904,0.328225016594,0.39774910701331556,0.3667108923167821
10940.196,0.09446801002226848,-0.13972128465241984,0.17364540529342198,0.319506728859425,0.06964715669889396,0.16286600089321138,0.135979562997818,0.004671942908316851,0.06804370880126953,0.32755428552627563,0.02097257971763611,0.16411419212818146,0.06583468673749451,0.13504964723398766,-0.10560169649215245,0.3267350438859717,0.328225016594,0.41673577134091955,0.35333143100187614
10940.216,0.10137765290666434,-0.13820195207605923,0.1770579250269207,0.34548214421225165,0.07596662881637233,0.17062598667121104,0.14421014487743378,0.005205917172133923,0.07216770201921463,0.3445063829421997,0.024905487895011902,0.17270272970199585,0.06742189437584956,0.1336215831724227,-0.10489022300770606,0.35346125506607556,0.345405459404,0.42630017989124275,0.37469763799455724
10940.237,0.10876454524214998,-0.13655063570232173,0.1805251458823375,0.36934461676622027,0.08256581868507272,0.17336104276705658,0.14421014487743378,0.005205917172133923,0.07216770201921463,0.3445063829421997,0.024905487895011902,0.17270272970199585,0.06032144419031261,0.13308882066931157,-0.10835744386312288,0.37816697686073314,0.345405459404,0.4310317693526512,0.3689694862916194
10940.257,0.11657716359114953,-0.13479223177160282,0.18406957117458334,0.39063091747697826,0.0879201965420227,0.17722126462454124,0.16213281452655792,0.0066560194827616215,0.08115844428539276,0.35917380452156067,0.029214046895503998,0.18018211424350739,0.0706756205892585,0.13072062488142325,-0.10291112688919057,0.4001241801300386,0.360359936953,0.4454616886986086,0.37509235371734295
10940.276,0.12471080851401767,-0.1329608968001177,0.18770735111133247,0.4066822461345299,0.09156674857225791,0.18188899683348628,0.17111216485500336,0.007386370562016964,0.08566299080848694,0.35917380452156067,0.029214046895503998,0.18018211424350739,0.07177608374129152,0.12922319888110162,-0.10204436030284553,0.41662572364054584,0.360359936953,0.4577678465515145,0.3751428393749744
10940.297,0.1330940996596531,-0.13106234980614018,0.19137615635851746,0.4191645572726223,0.09492734969680355,0.1834402623552455,0.17111216485500336,0.007386370562016964,0.08566299080848694,0.35917380452156067,0.029214046895503998,0.18018211424350739,0.06365833074103128,0.1286896980338502,-0.10571316555003052,0.4295681814693286,0.360359936953,0.4666495547286214,0.3685256642981254
10940.316,0.141698347767036,-0.1290937047581765,0.1950969278961401,0.43021240535975386,0.09843225239603541,0.1860385768770718,0.18012458086013794,0.008127730339765549,0.09018448740243912,0.3726080060005188,0.03369486331939697,0.18706420063972473,0.0642992149351905,0.12716881928673512,-0.10491244049370099,0.4411330321189872,0.374128401279,0.46953027183224977,0.38306324053034874
10940.336,0.15048938502807951,-0.12703978062492427,0.19879052447069256,0.4395518630825586,0.1026962066697099,0.1846798287403881,0.18012458086013794,0.008127730339765549,0.09018448740243912,0.3726080060005188,0.03369486331939697,0.18706420063972473,0.05574496093236146,0.12665307016824934,-0.10860603706825345,0.45117623226096726,0.374128401279,0.46932525635448824,0.37496793267573647
10940.357,0.15944468362047975,-0.12490809701913064,0.2024928977217606,0.4477649296102383,0.10658418028735514,0.18511866254936107,0.19966845214366913,0.010076038539409637,0.10000500828027725,0.3837492763996124,0.03843049332499504,0.19283714890480042,0.06654884559761434,0.12413669705739067,-0.10248788944148335,0.460051666565459,0.38566878438,0.4781809513852565,0.3802434353880536
10940.377,0.16852631474559027,-0.12271733008033514,0.20615337802483658,0.45408155624561397,0.10953834693738383,0.1830240151498037,0.2092621773481369,0.011036800220608711,0.1048259437084198,0.3837492763996124,0.03843049332499504,0.19283714890480042,0.06725227196972827,0.12258348089952874,-0.10132743431641678,0.46688871510482177,0.38566878438,0.486169162344039,0.3791121222743994
10940.397,0.17769609611430828,-0.12047114511132928,0.20979171320065973,0.458489068425893,0.11230924844784153,0.18191675878718686,0.2092621773481369,0.011036800220608711,0.1048259437084198,0.3837492763996124,0.03843049332499504,0.19283714890480042,0.05826131612812522,0.12205071164441164,-0.10496576949223993,0.47182547615180614,0.38566878438,0.4916715506185657,0.3713274222305224
10940.416,0.1869729348211102,-0.11814379871054659,0.21348117643279424,0.46384193537215673,0.11636732004717813,0.18447316161947658,0.21849656105041504,0.011971013620495796,0.10946677625179291,0.39365503191947937,0.04326510801911354,0.19801273941993713,0.058374575149151134,0.12048241520962055,-0.10401440018100133,0.4779663684554215,0.396025449038,0.4931713877345428,0.3806210255484216
10940.437,0.1963529549885708,-0.11574496441296833,0.21714320986273633,0.46900100836279357,0.11994171487629474,0.18310167149310783,0.21849656105041504,0.011971013620495796,0.10946677625179291,0.39365503191947937,0.04326510801911354,0.19801273941993713,0.04913883835573546,0.11994617500994077,-0.10767643361094342,0.483827751196214,0.396025449038,0.4920252528040367,0.37201049157589505
10940.456,0.20585706903087353,-0.11325584625035257,0.22083061408701474,0.47520570210476354,0.12445590812807172,0.1843702112098959,0.23894251883029938,0.014417354017496109,0.1197628378868103,0.40126705169677734,0.0482056587934494,0.20207922160625458,0.06024755361148884,0.11732572326176088,-0.10106777620020443,0.49092657442805904,0.404152244329,0.49785797378041746,0.3778813302045537
10940.476,0.21546181282291596,-0.11070520269266149,0.22450260264091293,0.48023718959163897,0.1275321778817702,0.18359942769090204,0.2485729157924652,0.015574290417134762,0.12461274117231369,0.40126705169677734,0.0482056587934494,0.20207922160625458,0.06039270544290755,0.11573926148551915,-0.09988986146859924,0.4965770191181677,0.404152244329,0.5028741544867185,0.3763432804773381
10940.497,0.2251234778617328,-0.1081116764883513,0.2281810347216168,0.48308325197423413,0.12967631022447307,0.18392160404790642,0.2485729157924652,0.015574290417134762,0.12461274117231369,0.40126705169677734,0.0482056587934494,0.20207922160625458,0.0508201339782699,0.11517555526691833,-0.10356829354930311,0.49989504677169216,0.404152244329,0.505645354613801,0.368092570773052
10940.518,0.23482997401871009,-0.10547078764870499,0.23186029076171938,0.46221410269911073,0.12575661140789451,0.17520266857097144,0.25862032175064087,0.016791608184576035,0.12967327237129211,0.40764522552490234,0.05315897986292839,0.20554834604263306,0.0512482165047687,0.11352398154214126,-0.10218701839042726,0.4787429477846584,0.411096721888,0.5093305067705837,0.3699712088054221
10940.537,0.24457504631197757,-0.10278993926351288,0.2355425810956081,0.5128985417446352,0.14109728342943484,0.19380475441282122,0.25862032175064087,0.016791608184576035,0.12967327237129211,0.40764522552490234,0.05315897986292839,0.20554834604263306,0.04156427511683263,0.11300189063126202,-0.10586930872431599,0.5316642768110682,0.411096721888,0.5037233516039484,0.36806232661826965
10940.557,0.254366239644045,-0.10005573887423513,0.23922611631564344,0.4662473015128035,0.13020001853306554,0.17540643904395375,0.27919721603393555,0.019682051613926888,0.14006291329860687,0.4117380678653717,0.05804930254817009,0.20790831744670868,0.05249580241724489,0.11044413333460439,-0.09916320301703657,0.48382034756455666,0.415809988976,0.5104952202602708,0.3667105287735498
10940.577,0.26417766401567633,-0.09730303217155534,0.24285662578663753,0.5163907564447593,0.14487930015313677,0.19107944585774544,0.289490669965744,0.021133285015821457,0.14526061713695526,0.4117380678653717,0.05804930254817009,0.20790831744670868,0.05305133482483908,0.10887362110465464,-0.09759600864968226,0.5360773148211414,0.415809988976,0.510060404469016,0.3719223008058399
10940.597,0.27399176466152775,-0.09452902035363464,0.2464440214077934,0.49070503228185997,0.13870059089300726,0.17936978105387824,0.289490669965744,0.021133285015821457,0.14526061713695526,0.4117380678653717,0.05804930254817009,0.20790831744670868,0.043247247880915184,0.10838662509614852,-0.10118340427083813,0.5097158744159651,0.415809988976,0.5113113314311332,0.3600119433720578
10940.616,0.28380552300801654,-0.0917347811612288,0.25002364980411834,0.49068791731372874,0.13971195961724264,0.17898141981234053,0.29979121685028076,0.022596340626478195,0.15046268701553345,0.4146042764186859,0.06285753101110458,0.2096710354089737,0.04377723583496767,0.10682088484703595,-0.0995609627885849,0.5099992404905396,0.419342070818,0.5116605530395049,0.36171836480292346
10940.637,0.29360904085938533,-0.08890855991150193,0.2535751115761524,0.49017589255774013,0.14131106248325886,0.17757308859782803,0.29979121685028076,0.022596340626478195,0.15046268701553345,0.4146042764186859,0.06285753101110458,0.2096710354089737,0.03395730710734953,0.10638826738876986,-0.10311242456061898,0.5099511070328193,0.419342070818,0.5100572918482872,0.35307230187006744
10940.657,0.3034104531051075,-0.08603181483909339,0.2571372828399444,0.4900706122754115,0.14383725361728722,0.17810856318571183,0.3205510079860687,0.025956396013498306,0.16097785532474518,0.4152258336544037,0.06742562353610992,0.210335835814476,0.045057065126701434,0.10394719271707133,-0.09615942751519924,0.510537737749015,0.420664608479,0.5121015196479075,0.35877139266778635
10940.676,0.31321575413570835,-0.08312035564701425,0.2607091534443291,0.4902650515639301,0.145572959614019,0.17859353023157898,0.3309316635131836,0.027642037719488144,0.1662362515926361,0.4152258336544037,0.06742562353610992,0.210335835814476,0.0456680007893229,0.10245289128791404,-0.09447290185169299,0.5112214645926044,0.420664608479,0.5141148835531596,0.3575488934956469
10940.697,0.32300861232602857,-0.08017933388706766,0.2642510526583829,0.46632658047722086,0.14004865523128204,0.1686618673307523,0.3309316635131836,0.027642037719488144,0.1662362515926361,0.4152258336544037,0.06742562353610992,0.210335835814476,0.03580950425095154,0.10200932467443534,-0.09801480106574678,0.4867184352901036,0.420664608479,0.5177418062902303,0.34595710894301546
10940.718,0.3327965782696892,-0.0772186853424941,0.26780773100839955,0.5151561022916166,0.1558236076072254,0.18719359736700408,0.3413114547729492,0.029338568449020386,0.17149512469768524,0.4148761034011841,0.07185505330562592,0.21052630245685577,0.03640831179323052,0.1005056530242051,-0.09631260631071431,0.5380262251418598,0.421052634716,0.5142008350201517,0.3517004984571548
10940.737,0.34259106397665695,-0.07421978717708022,0.27133040550213133,0.46640408131035616,0.1428046745515334,0.16774640447283357,0.3413114547729492,0.029338568449020386,0.17149512469768524,0.4148761034011841,0.07185505330562592,0.21052630245685577,0.026522232713722196,0.1001126445139439,-0.09983528080444609,0.48761434041888196,0.421052634716,0.5155840845761914,0.33677689547503464
10940.756,0.35236993446351184,-0.07119235106463018,0.27484412240777795,0.514677394038687,0.15933874275857604,0.1849324687159766,0.3632601499557495,0.0333673357963562,0.1826530247926712,0.4140896201133728,0.07621684670448303,0.210526242852211,0.038858654884395154,0.09767973101166062,-0.09219109761510674,0.5386043148893852,0.421045392752,0.5124648274586706,0.35056769122512044
10940.777,0.3621348596096243,-0.06811868221121764,0.2783186273286954,0.4882462572949672,0.15368344266727224,0.1737252460420801,0.3723701238632202,0.0350441075861454,0.18728460371494293,0.4140896201133728,0.07621684670448303,0.210526242852211,0.03818427785188347,0.0963809252811261,-0.09103402361375246,0.5116808160559534,0.421045392752,0.5127466815347062,0.3453428472842733
10940.797,0.37187844832097405,-0.0650107757713948,0.2817403575468529,0.4871794355568522,0.15539532198774997,0.17108651090414073,0.3723701238632202,0.0350441075861454,0.18728460371494293,0.4140896201133728,0.07621684670448303,0.210526242852211,0.02829033029140584,0.09597332254607518,-0.09445575383190996,0.5111756453059263,0.421045392752,0.5111169872498714,0.33716405565647195
10940.817,0.3815742210590111,-0.06188209474692219,0.2851507774610237,0.48478863689127144,0.156434051220216,0.17052099570481752,0.38272035121917725,0.036960236728191376,0.1925477534532547,0.4132715165615082,0.080572709441185,0.21052633225917816,0.02890440827135387,0.09452859508245724,-0.09260302400776899,0.5092177418365698,0.421052604914,0.5097624312741004,0.3359413082626014
10940.837,0.39123299345409723,-0.058737028406126046,0.2885372599714879,0.4829386197876871,0.15725331705067677,0.1693241255349137,0.38272035121917725,0.036960236728191376,0.1925477534532547,0.4132715165615082,0.080572709441185,0.21052633225917816,0.01906994231248449,0.09416352230139918,-0.09598950651823318,0.507720952007853,0.421052604914,0.506713015413948,0.3277844898697645
10940.857,0.400838471343654,-0.05558726008595738,0.29190901143342884,0.4802738944673562,0.1574884160049957,0.16858757309336828,0.40334221720695496,0.04119540750980377,0.20307406783103943,0.4123938977718353,0.08491701632738113,0.21052639186382294,0.030250041012845168,0.09196786671996245,-0.08883494360238942,0.5052786787551817,0.421045869589,0.5061645544402309,0.33443435166716795
10940.877,0.41037838617913536,-0.05243260421398199,0.2952543625055618,0.4769957417636549,0.15773279359532638,0.16726755360299703,0.41365206241607666,0.043318331241607666,0.2083372324705124,0.4123938977718353,0.08491701632738113,0.21052639186382294,0.030993933303633415,0.09065503127292349,-0.08691713003504942,0.5022528528559039,0.421045869589,0.5061048407836227,0.33355382294116387
10940.897,0.4198825954829759,-0.04926832938755277,0.2985800566976135,0.47521046518165466,0.1582137413180078,0.16628470959895525,0.41365206241607666,0.043318331241607666,0.2083372324705124,0.4123938977718353,0.08491701632738113,0.21052639186382294,0.021280741494873502,0.09032297221740117,-0.09024282422710111,0.5007255381862289,0.421045869589,0.5043148931901251,0.3255646341796884
10940.917,0.42935359603336865,-0.04607443055465932,0.3019010472889909,0.47355002755236947,0.15969494165571083,0.16604952958034835,0.4239596724510193,0.045451920479536057,0.21360039710998535,0.4114838242530823,0.08925466984510422,0.21052631735801697,0.02206408943669513,0.08899069222439221,-0.08830065017900557,0.4996157890757029,0.421052634716,0.5027842288931974,0.324915225122931
10940.937,0.4387957819652719,-0.04285078537796705,0.30518994217467743,0.4721092965848583,0.1611822588310952,0.16444474428073605,0.4239596724510193,0.045451920479536057,0.21360039710998535,0.4114838242530823,0.08925466984510422,0.21052631735801697,0.012382166387508076,0.08868009902355586,-0.09158954506469208,0.4987242111106681,0.421052634716,0.49944005126717167,0.31709832439735325
10940.956,0.4482324470572515,-0.03959045513845039,0.30845315234357007,0.471833254588681,0.16301651197227482,0.16316050844107047,0.4444877803325653,0.050120264291763306,0.22412671148777008,0.41051486134529114,0.09357956051826477,0.21052639186382294,0.02366690826008748,0.08661358532571029,-0.08432644085579999,0.49905415178097756,0.421045809984,0.4982071150692085,0.3246521293502246
10940.976,0.45764968965075803,-0.03630318610979799,0.3116537021944621,0.47086212966504776,0.16436345142903205,0.16002749254110796,0.4444877803325653,0.050120264291763306,0.22412671148777008,0.41051486134529114,0.09357956051826477,0.21052639186382294,0.013972418970352358,0.0862961189412849,-0.08752699070669201,0.4985789348867363,0.421045809984,0.4950976013016654,0.3169825576159908
10940.997,0.4670285702283529,-0.03299789093796979,0.3148109865391626,0.4689440289121589,0.16526475860283357,0.15786421724593824,0.4559822082519531,0.052740491926670074,0.23002144694328308,0.41051486134529114,0.09357956051826477,0.21052639186382294,0.01604426677557431,0.08494512294882751,-0.08478953959587954,0.4970697808950762,0.421045809984,0.49255474063765387,0.3176400759689004
10941.017,0.47636978188593143,-0.0296845151943832,0.31793095795938464,0.4670605828687304,0.16566878717571323,0.15599857100769604,0.4650110602378845,0.05480985343456268,0.2346530258655548,0.4095137417316437,0.09789706766605377,0.21052631735801697,0.015623627894169795,0.0838106266466641,-0.08327793209382983,0.4954418599540344,0.421052664518,0.4901095718793583,0.31653546365533813
10941.036,0.48565225851286437,-0.0263590290216833,0.3210296848626437,0.46412383133651586,0.16627430863136552,0.1549363451595718,0.4650110602378845,0.05480985343456268,0.2346530258655548,0.4095137417316437,0.09789706766605377,0.21052631735801697,0.006025677869144888,0.08353524855796028,-0.0863766589970889,0.4928790421466622,0.421052664518,0.48208559486982466,0.3088633392454462
10941.057,0.4948645706422924,-0.023037562402096867,0.32413442974274786,0.43868152995938775,0.15816507711834105,0.147844994286166,0.485436350107193,0.05990930274128914,0.24517935514450073,0.4084535837173462,0.10220061242580414,0.21052634716033936,0.01748035253054191,0.08163033170936837,-0.07895507459824713,0.46621170304638354,0.421045482159,0.4840934735383346,0.31417243948893786
10941.077,0.5040266990224465,-0.019707965749320544,0.32723301127757676,0.48221728320626,0.17524192910812025,0.16308323868881938,0.49564769864082336,0.06246431916952133,0.2504425048828125,0.4084535837173462,0.10220061242580414,0.21052634716033936,0.01847778134164224,0.08050505358590244,-0.07679050639476426,0.5129555688994604,0.421045482159,0.4798604210642853,0.31956866820875074
10941.097,0.5131384522024753,-0.016373320283851633,0.3302598399991902,0.45558765899149956,0.1667322732698061,0.1513414360773674,0.49564769864082336,0.06246431916952133,0.2504425048828125,0.4084535837173462,0.10220061242580414,0.21052634716033936,0.00902064619657664,0.08024916072415125,-0.07981733511637767,0.48503625686982427,0.421045482159,0.4733917297356135,0.30937699183361417
10941.117,0.5221965674363713,-0.013055554817561488,0.3332476780153408,0.4313388206485625,0.15798883172328515,0.14227800076473823,0.5058563351631165,0.06502989679574966,0.25570565462112427,0.40736210346221924,0.10649608075618744,0.21052630245685577,0.010101551403588965,0.0791346927942437,-0.07754202339421651,0.45928902197322097,0.421052604914,0.47476403649117377,0.3071806019915789
10941.137,0.5311866710929347,-0.009761119752696334,0.3361944816475175,0.47316335033964313,0.17339131920130435,0.1550949280073993,0.5058563351631165,0.06502989679574966,0.25570565462112427,0.40736210346221924,0.10649608075618744,0.21052630245685577,0.0007610672807728709,0.07896038786164554,-0.0804888270263932,0.5038754908534051,0.421052604914,0.46450788439693375,0.30516107053477715
10941.157,0.5401054454433307,-0.006468783764713049,0.339037245688188,0.44593871751006653,0.16461679939557106,0.14213820203042343,0.5261697769165039,0.07055818289518356,0.2662319839000702,0.4062115550041199,0.11077620834112167,0.21052618324756622,0.012475189688853555,0.07727694411880906,-0.0728052617881178,0.475301926785422,0.421045362949,0.4639688333075918,0.3113258371748413
10941.176,0.5489307572881723,-0.0032004414436691553,0.34193469437814855,0.4412655922725804,0.16341711606349033,0.14487243450804171,0.5363250374794006,0.07332758605480194,0.27149513363838196,0.4062115550041199,0.11077620834112167,0.21052618324756622,0.013784698431682984,0.07632447349213464,-0.0704395607397666,0.4705151748769833,0.421045362949,0.4643219588933725,0.3120389687438122
10941.197,0.5576582261094449,5.729580736246742e-05,0.3448486202099724,0.43637344105410597,0.16288686254802567,0.14569629158801334,0.5363250374794006,0.07332758605480194,0.27149513363838196,0.4062115550041199,0.11077620834112167,0.21052618324756622,0.00469209825508413,0.07616839622857836,-0.07335348657159046,0.4657472596960809,0.421045362949,0.4595131106243335,0.3047541906851344
10941.216,0.5663412184733505,0.0033763289186924395,0.34780803448051306,0.43414961818580206,0.16595165556287622,0.14797071352380206,0.5464774370193481,0.07610749453306198,0.2767582833766937,0.4050300121307373,0.115047886967659,0.21052631735801697,0.006115159227575419,0.07514650419612756,-0.07104975110381934,0.46471625611579115,0.421052634716,0.45910416521467645,0.3056440412919981
10941.237,0.5749851128666811,0.006719640749530131,0.3508110564668056,0.4321947196570949,0.16716559153823574,0.15015109931134962,0.5464774370193481,0.07610749453306198,0.2767582833766937,0.4050300121307373,0.115047886967659,0.21052631735801697,-0.0029255951233229348,0.07495867346795695,-0.07405277309011188,0.46331965210722603,0.421052634716,0.4527708951329711,0.29849541262116297
10941.257,0.583617650277861,0.010117917256414422,0.3537990651350439,0.4316268705888335,0.16991382535595922,0.14940043342224102,0.5666700005531311,0.08206218481063843,0.28728461265563965,0.4037904441356659,0.11930306255817413,0.2105264961719513,0.009028135897843133,0.07336002472270564,-0.06651445247940424,0.46376233747001905,0.421046257019,0.4529910639650837,0.3080950096388553
10941.277,0.5922456374378101,0.013578683339800501,0.3567475386683242,0.4108565314136187,0.164798384918122,0.14040350158049608,0.5767647624015808,0.08504476398229599,0.2925477623939514,0.4037904441356659,0.11930306255817413,0.2105264961719513,0.010451823056780963,0.07237276814573805,-0.06419977627437279,0.4425403078447132,0.421046257019,0.4566009626903707,0.30727774516193007
10941.297,0.6008320155091625,0.017042285917665212,0.35965468675457635,0.42931890355825036,0.1731801288894554,0.14535740430943428,0.5767647624015808,0.08504476398229599,0.2925477623939514,0.4037904441356659,0.11930306255817413,0.2105264961719513,0.0014061504625624346,0.07212206622075956,-0.06710692436062493,0.46280132426259435,0.421046257019,0.4513877565396768,0.3020683956392771
10941.316,0.6093812420271132,0.02053046679283943,0.36257609560866244,0.44995929041294125,0.1835884671121828,0.15375836073948917,0.5868564248085022,0.08803777396678925,0.29781094193458557,0.4025183618068695,0.1235487163066864,0.21052631735801697,0.0028833693148581294,0.07110759519210297,-0.06476515367407687,0.48582163511327425,0.421052634716,0.443625905497473,0.3052489912394776
10941.336,0.6178763069779581,0.02401299359513631,0.3654659552689948,0.4247532475716074,0.17412634012687997,0.14449298302660454,0.5868564248085022,0.08803777396678925,0.29781094193458557,0.4025183618068695,0.1235487163066864,0.21052631735801697,-0.006089781436686415,0.07088243896409543,-0.06765501333440921,0.45893146985661476,0.421052634716,0.43741121068560485,0.2958529486938911
10941.357,0.6262880897709335,0.027447795964712807,0.36839902792825663,0.4005610853675673,0.16356201759389374,0.13967012662725808,0.6069191098213196,0.09441621601581573,0.3083372414112091,0.4011886417865753,0.1277766227722168,0.21052618324756622,0.006047404156766727,0.06945038208242077,-0.06006178651704752,0.4325878104569853,0.421045362949,0.44143744495293663,0.30374858500532276
10941.376,0.6346140758163823,0.030871945660263966,0.37129446328192756,0.43820979186035447,0.18021840502679995,0.15239133440186559,0.6169488430023193,0.09761063009500504,0.3136003911495209,0.4011886417865753,0.1277766227722168,0.21052618324756622,0.007752765677480733,0.0686003431099661,-0.05769407213240668,0.47373670548226965,0.421045362949,0.43991124674439114,0.3087904059546732
10941.396,0.642836032903274,0.034265206263206616,0.3741929350285949,0.41109785433560975,0.1696630301434291,0.14492358733020425,0.6169488430023193,0.09761063009500504,0.3136003911495209,0.4011886417865753,0.1277766227722168,0.21052618324756622,-0.0009417621799154841,0.06842442842578038,-0.060592543879074034,0.4446665584551803,0.421045362949,0.43661805965660516,0.29959765031697294
10941.416,0.6509739749492803,0.037655869238413464,0.37706386564291766,0.4068971023284441,0.16953314877206083,0.14354653072605983,0.6169488430023193,0.09761063009500504,0.3136003911495209,0.4011886417865753,0.1277766227722168,0.21052618324756622,-0.00955998161343126,0.0682707089821839,-0.06346347449339679,0.4407332415860156,0.421045362949,0.43214894010219773,0.29253675173731297
10941.437,0.6590701815898011,0.04109198180928708,0.3798160856877534,0.3855336495368546,0.16362440813185006,0.1310580973691335,0.6369389295578003,0.10420993715524673,0.3241267204284668,0.3984098732471466,0.13619370758533478,0.21052618324756622,0.0028469405199824244,0.0668248721153597,-0.05568936525928658,0.4187214553289199,0.421045303345,0.43742685298844775,0.3014032014628787
10941.457,0.6671166879847984,0.04453126050807932,0.38249178044385707,0.4235003365736138,0.18101466835526792,0.14082603979320513,0.6472975611686707,0.10775097459554672,0.32960039377212524,0.3984098732471466,0.13619370758533478,0.21052618324756622,0.005208758100874351,0.06604845854447668,-0.05289138667173182,0.46045785394509875,0.421045303345,0.4370786777617801,0.30724592412490365
10941.476,0.6751303234497859,0.047987009424593774,0.38506676311139204,0.4006817732406268,0.1727874458219512,0.12874913337393845,0.6568593978881836,0.11101961880922318,0.33465301990509033,0.3984098732471466,0.13619370758533478,0.21052618324756622,0.006743365496815527,0.06527988655389376,-0.05041374320630171,0.4362437873553947,0.421045303345,0.4403679588792012,0.3073918119724168
10941.497,0.6831285319256357,0.05144699974212008,0.3876508612545908,0.39991042382013575,0.17299951588827334,0.12920490716886912,0.6568593978881836,0.11101961880922318,0.33465301990509033,0.3984098732471466,0.13619370758533478,0.21052618324756622,-0.001800632912346927,0.06508242517536339,-0.052997841349500474,0.4356332670522725,0.421045303345,0.4380241123005042,0.30091533738525367
10941.517,0.6911122140938408,0.054896086281399525,0.3902789742008118,0.39918410840154206,0.1724543269602079,0.131405647308182,0.6568593978881836,0.11101961880922318,0.33465301990509033,0.3984098732471466,0.13619370758533478,0.21052618324756622,-0.010325108483460112,0.06493457057858312,-0.05562595429572148,0.434776277833044,0.421045303345,0.4340930561067192,0.29448022484738706
10941.536,0.6991098060867511,0.05840174280581534,0.39293568622890007,0.3998795996367855,0.17528282621696456,0.13283560140151346,0.6767061948776245,0.11803828179836273,0.34517931938171387,0.3954553008079529,0.14455068111419678,0.2105264961719513,0.0021387422473151084,0.06366996434598403,-0.047756366847186205,0.4365205077627871,0.421046078205,0.436360493810008,0.30586681120355597
10941.556,0.7071162148940836,0.06195345117320605,0.3955527318802264,0.40032044035788683,0.17758541836565947,0.13085228256345932,0.6869880557060242,0.12179660052061081,0.3506530225276947,0.3954553008079529,0.14455068111419678,0.2105264961719513,0.004484722785037431,0.06297803250068247,-0.04489970935253168,0.4378360996418016,0.421046078205,0.4388827559996492,0.30885913164995477
10941.578,0.7151096823061847,0.06554249620467723,0.39815294505373683,0.3806413053595103,0.1709069062701248,0.12381967493601871,0.6964789628982544,0.12526582181453705,0.3557056486606598,0.3954553008079529,0.14455068111419678,0.2105264961719513,0.005982314210953625,0.06227512540525141,-0.04244729639307704,0.417130462783171,0.421046078205,0.44485409520990304,0.30966691900343113
10941.596,0.7230882949757877,0.06917136272056595,0.4007711370992798,0.4199269826055431,0.19099297451811895,0.1377995813426786,0.6964789628982544,0.12526582181453705,0.3557056486606598,0.3954553008079529,0.14455068111419678,0.2105264961719513,-0.002616773253056648,0.06203061657278387,-0.045065488438620016,0.46116394797020277,0.421046078205,0.43896657549789464,0.30585926202051616
10941.617,0.7310632644979655,0.07280832442479657,0.40341646752666116,0.39874847610018616,0.18184808520756127,0.13226652136618058,0.6964789628982544,0.12526582181453705,0.3557056486606598,0.3954553008079529,0.14455068111419678,0.2105264961719513,-0.011215189148736829,0.061822993148928564,-0.04771081886600137,0.43812581686732,0.421046078205,0.43402919559913455,0.2978112942989198
10941.637,0.7390403280387461,0.0764561350562365,0.40608811291050445,0.3988531770303208,0.18239053156801527,0.13358226918924873,0.7161735892295837,0.13270072638988495,0.3662319779396057,0.3923242390155792,0.15284328162670135,0.21052618324756622,0.0012106023190784111,0.060703181465888725,-0.03985613497089874,0.43846334607233006,0.421045571566,0.43563528242297817,0.3093812136520476
10941.657,0.7469913287731997,0.08011667030791703,0.40874509698624906,0.39755003671400485,0.18302676258003142,0.1328492037843305,0.7259817123413086,0.13652180135250092,0.3714951276779175,0.3923242390155792,0.15284328162670135,0.21052618324756622,0.0031398262776174968,0.06010893678745494,-0.037249969308331576,0.4375454629220211,0.421045571566,0.43781497739123537,0.31200760503094155
10941.677,0.7549048110029177,0.08380179148467387,0.4114600182910982,0.3956741115132493,0.1842560588505783,0.13574606525183935,0.7357897758483887,0.14034289121627808,0.37675827741622925,0.3923242390155792,0.15284328162670135,0.21052618324756622,0.005093841417611031,0.05946707750873861,-0.034701740874868936,0.4363431335527709,0.421045571566,0.4405288274000188,0.3144363540494147
10941.697,0.7627817351893111,0.0875123141679443,0.4142607269061256,0.39384620931107356,0.18552613415947206,0.14003543074831348,0.7357897758483887,0.14034289121627808,0.37675827741622925,0.3923242390155792,0.15284328162670135,0.21052618324756622,-0.0034438113126577068,0.05922647975327213,-0.03750244948989634,0.43520912453396166,0.421045571566,0.4375441527107105,0.3075424389571614
10941.718,0.7706334037671189,0.09125850340948943,0.41718931193148445,0.39258342888181696,0.18730946207316784,0.146429251264747,0.7357897758483887,0.14034289121627808,0.37675827741622925,0.3923242390155792,0.15284328162670135,0.21052618324756622,-0.011966516671081166,0.058992864074113846,-0.040431034515255204,0.4348084830055926,0.421045571566,0.4332744360263786,0.3005268202317739
10941.736,0.7784816336096472,0.09505158419564474,0.42023552341073966,0.39241149211785,0.18965403930362584,0.15231057395943598,0.7553235292434692,0.14819073677062988,0.38728460669517517,0.3890197277069092,0.16106845438480377,0.2105264961719513,0.0005362877549760191,0.05796360694147839,-0.03295091671556449,0.43564309816389246,0.421045601368,0.4351247536559711,0.3118778893787695
10941.757,0.7863233880216379,0.09888043120429735,0.42324520828389034,0.3734168767824239,0.18232604804131006,0.14331832730093358,0.7650490403175354,0.15221744775772095,0.39254775643348694,0.3890197277069092,0.16106845438480377,0.2105264961719513,0.0025095398441351904,0.05736843570140232,-0.0306974518504034,0.41535211679710354,0.421045601368,0.44043607483703184,0.313156556128803
10941.777,0.794147442293796,0.10271890173831827,0.4262118034064044,0.39120271359936304,0.19192352669685678,0.14832975612246582,0.7747745513916016,0.156244158744812,0.3978109359741211,0.3890197277069092,0.16106845438480377,0.2105264961719513,0.004488890142091299,0.0567460298594692,-0.028400867432283317,0.4355509817309269,0.421045601368,0.4430419282064636,0.3162857542670578
10941.797,0.8019369151571295,0.1065685755049916,0.4291684878507971,0.409972255959899,0.20261440876979783,0.15561497075560235,0.7747745513916016,0.156244158744812,0.3978109359741211,0.3890197277069092,0.16106845438480377,0.2105264961719513,-0.004028317694121476,0.05647327006737275,-0.03135755187667599,0.45710358287008984,0.421045601368,0.4372280991406338,0.310172664282046
10941.816,0.809730615424148,0.11045267869564085,0.43213020571204475,0.38968501334242067,0.19420515952822323,0.14808589305915057,0.7747745513916016,0.156244158744812,0.3978109359741211,0.3890197277069092,0.16106845438480377,0.2105264961719513,-0.012564998211472684,0.056221943026605,-0.03431926973792365,0.43519779165044375,0.421045601368,0.43245701839068207,0.30206195625928134
10941.837,0.8175330492585555,0.11436182811968248,0.4351190688053399,0.39012169174734007,0.19545747121559212,0.14944315467508762,0.7941387295722961,0.16450147330760956,0.40833723545074463,0.38554298877716064,0.16922177374362946,0.21052618324756622,-7.965175144290446e-05,0.05532876167738271,-0.026781833354595275,0.4361590138136428,0.421045601368,0.42988955066773804,0.3138126066059495
10941.857,0.8253142843607695,0.11830536709590156,0.43810990118351933,0.3890617551022055,0.19717694880664977,0.14954161890570739,0.8037773370742798,0.16873201727867126,0.4136003851890564,0.38554298877716064,0.16922177374362946,0.21052618324756622,0.0018895362230346886,0.05480070072488402,-0.024509515994462938,0.4359649700055046,0.421045601368,0.4318464727011488,0.31620101795084604
10941.876,0.8330612233689542,0.12226365094496838,0.44110291539031143,0.3873469504007792,0.19791419244902114,0.14965071033633842,0.8134158849716187,0.17296256124973297,0.41886353492736816,0.38554298877716064,0.16922177374362946,0.21052618324756622,0.0038803313464245565,0.05423340165874113,-0.02223938046294327,0.43476752402031127,0.421045601368,0.4342228986528045,0.3184631088953026
10941.896,0.8407453248849278,0.12621526751108986,0.44410488361871225,0.38420507579029617,0.19758082830176094,0.15009841141676467,0.8134158849716187,0.17296256124973297,0.41886353492736816,0.38554298877716064,0.16922177374362946,0.21052618324756622,-0.004593400531933956,0.05395468866943249,-0.02524134869134409,0.43182605489695985,0.421045601368,0.43143221233309753,0.31115835614748155
10941.916,0.8483810438578467,0.13018459496943946,0.4471575508361093,0.38178594867233595,0.19846637293119845,0.15263336088040294,0.8134158849716187,0.17296256124973297,0.41886353492736816,0.38554298877716064,0.16922177374362946,0.21052618324756622,-0.013030001747492255,0.05369111462316136,-0.028294015908741144,0.4300664036045505,0.421045601368,0.42719376661321823,0.3038557658491862
10941.938,0.8559934427260663,0.13416859698425293,0.45025343419069075,0.3806199434026677,0.1992001007363254,0.15479416772569324,0.8326019644737244,0.18162569403648376,0.4293898642063141,0.3818958103656769,0.17730063199996948,0.2105264961719513,-0.00040717876587778937,0.052907197250537275,-0.020863569984376662,0.42937679014145674,0.421046227217,0.42954638915515436,0.3157553082128585
10941.958,0.8635889594095161,0.13817122990360958,0.45334922278213396,0.3616912706294398,0.19060156758260063,0.1474185043499441,0.8421493768692017,0.18605820834636688,0.43465304374694824,0.3818958103656769,0.17730063199996948,0.2105264961719513,0.0016996168651163095,0.05243977218096842,-0.018696179035185723,0.40863458276007236,0.421046227217,0.4354874633725609,0.3175950646572324
10941.977,0.8711607142491022,0.14217793414063,0.45637573842117085,0.39851341260491463,0.2108791703669122,0.15929029678946308,0.851696789264679,0.19049072265625,0.43991619348526,0.3818958103656769,0.17730063199996948,0.2105264961719513,0.00381943219139292,0.05194595121556281,-0.01645954493591084,0.4506617527414807,0.421046227217,0.4356625862169945,0.321272115369886
10941.997,0.8787382777025169,0.1461923533439124,0.45934274071087955,0.3788781726969211,0.20072096017799326,0.14835011449568908,0.851696789264679,0.19049072265625,0.43991619348526,0.3818958103656769,0.17730063199996948,0.2105264961719513,-0.004598394504342896,0.05169567088885109,-0.01942654722561954,0.42859667074919267,0.421046227217,0.4332409995275647,0.3136008816606519
10942.018,0.8863307829342228,0.15022658158569518,0.4623170650725785,0.36154786816545076,0.1921061067457041,0.1416344934099186,0.851696789264679,0.19049072265625,0.43991619348526,0.3818958103656769,0.17730063199996948,0.2105264961719513,-0.013039428724939451,0.051484831476647265,-0.022400871587318516,0.4092768584295704,0.421046227217,0.43175599031367107,0.30591625000936257
10942.036,0.8939389269477123,0.15429909996369168,0.4652985484808069,0.40042863228400966,0.21434307252350457,0.15692017937851638,0.8710743188858032,0.19974112510681152,0.4506530463695526,0.3780774474143982,0.1853003203868866,0.21052618324756622,-4.445237119718448e-05,0.05087008919708464,-0.01464550211125426,0.454031637326892,0.42104485631,0.42691040775200106,0.32012058669534116
10942.056,0.9015605307643862,0.15840303358717722,0.46831367950631075,0.38108019082538097,0.20519668116979825,0.15075655127190335,0.88014817237854,0.20418833196163177,0.4557056725025177,0.3780774474143982,0.1853003203868866,0.21052618324756622,0.001559762015415453,0.05052078563657751,-0.012608007003793054,0.4326716891664732,0.42104485631,0.4291064553594004,0.32201795452967286
10942.077,0.9091440743623019,0.16251673164004599,0.47137544109374846,0.3791771799219937,0.20568490265765546,0.153088079382467,0.8896000981330872,0.20882083475589752,0.46096882224082947,0.3780774474143982,0.1853003203868866,0.21052618324756622,0.0036146574595735254,0.05012954441904967,-0.010406618852918992,0.43122984773154793,0.42104485631,0.4319013538524481,0.32465750649249103
10942.097,0.9166793741133485,0.16664057783396746,0.47443272405958165,0.3588237976579457,0.1963736282759877,0.14558490313047476,0.8896000981330872,0.20882083475589752,0.46096882224082947,0.3780774474143982,0.1853003203868866,0.21052618324756622,-0.004819053288525471,0.04989226379928598,-0.013463901818752178,0.40890256277478804,0.42104485631,0.43213611826664416,0.3169765498767986
10942.117,0.92419214903583,0.17077000183381347,0.4774985391142646,0.39540920644154826,0.21733810525238956,0.1613586870865991,0.8896000981330872,0.20882083475589752,0.46096882224082947,0.3780774474143982,0.1853003203868866,0.21052618324756622,-0.01323623471468691,0.04969182993511133,-0.01652971687343513,0.4510612782928615,0.42104485631,0.42513937074282454,0.3109403325526249
10942.136,0.9317034271063379,0.17494854748361605,0.48058852784291695,0.3755639035171966,0.2089272824855685,0.15449943642924505,0.908404529094696,0.21828387677669525,0.471495121717453,0.37409350275993347,0.19321823120117188,0.21052618324756622,-0.0006256975979959632,0.04919753973536034,-0.009093406125463943,0.42960846696057786,0.421045392752,0.42327935901854224,0.32299439448688544
10942.156,0.9391943643784104,0.17912451671706997,0.4836119456519283,0.37454686359544975,0.2087984616681386,0.15117089044726678,0.9177568554878235,0.22311432659626007,0.47675827145576477,0.37409350275993347,0.19321823120117188,0.21052618324756622,0.0014752973786061503,0.04891312357932135,-0.006853674196163506,0.4286813808094927,0.421045392752,0.42595869228767347,0.32598446056029073
10942.177,0.9466585923363664,0.183304546254083,0.4866114873451775,0.3554394265892829,0.1990490255832209,0.142835318734171,0.9271091818809509,0.22794479131698608,0.4820214509963989,0.37409350275993347,0.19321823120117188,0.21052618324756622,0.0035951054005905966,0.04860047474653922,-0.004590036348778581,0.4072628825630199,0.421045392752,0.4323534006009846,0.3287328198539285
10942.196,0.9540897495231039,0.18749677928896497,0.48962747050366956,0.3911135361392851,0.2206438439384528,0.15873595570816285,0.9271091818809509,0.22794479131698608,0.4820214509963989,0.37409350275993347,0.19321823120117188,0.21052618324756622,-0.0047879848054730965,0.048384583379567206,-0.007606019507270634,0.4489290445404564,0.421045392752,0.42719776941379284,0.3222038799136475
10942.217,0.9614815153719074,0.1916907364930504,0.49265044987972767,0.3695882924321088,0.2096978601996948,0.15114896879960626,0.9271091818809509,0.22794479131698608,0.4820214509963989,0.37409350275993347,0.19321823120117188,0.21052618324756622,-0.013138038068302438,0.04819964477572732,-0.010628998883328744,0.4248170257400524,0.421045392752,0.42328141283308623,0.3148458997405401
10942.236,0.9688773296342816,0.19595279466395332,0.4957437172814798,0.36979071311063993,0.2131029085404942,0.15466337008423114,0.9457102417945862,0.23780158162117004,0.49254775047302246,0.369943231344223,0.20105060935020447,0.21052618324756622,-0.0004712413527775683,0.047831086756941976,-0.003195966808457351,0.4266435869457732,0.421045541763,0.4256905187107722,0.3278685602598759
10942.257,0.9762659886246727,0.2002445089014544,0.4988392809538439,0.36943294954509054,0.21458571188988632,0.15477818362890236,0.9549588561058044,0.24282784759998322,0.49781090021133423,0.369943231344223,0.20105060935020447,0.21052618324756622,0.0016615375167741385,0.047587539587276295,-0.0010283807425096603,0.4270724957952219,0.421045541763,0.4285844974061553,0.3308911624480804
10942.277,0.9836422524473166,0.20455920246480802,0.5019422750174662,0.3688131911241442,0.21573467816297207,0.15514970317773116,0.9645773768424988,0.24805516004562378,0.5032845735549927,0.369943231344223,0.20105060935020447,0.21052618324756622,0.004213954591803033,0.047303386711709396,0.0013422985375264318,0.4271162249136973,0.421045541763,0.4319736101669112,0.33421060985960827
10942.297,0.9910052213224276,0.20888955723282876,0.5050370837341474,0.36814844374751454,0.21651773839631083,0.15474043583067773,0.9645773768424988,0.24805516004562378,0.5032845735549927,0.369943231344223,0.20105060935020447,0.21052618324756622,-0.004178619592929814,0.047062878639565875,-0.001752510179154676,0.42694743520509326,0.421045541763,0.42969743660221793,0.326972859423094
10942.316,0.9983537305903685,0.2132475647046408,0.5081457979551657,0.3674254633890218,0.21790037358584524,0.15543571104752352,0.9645773768424988,0.24805516004562378,0.5032845735549927,0.369943231344223,0.20105060935020447,0.21052618324756622,-0.012572730503701023,0.0468437531972424,-0.004861224400173003,0.4270217953166858,0.421045541763,0.42572283994773524,0.31976882626237446
10942.337,1.0057205249263257,0.21765005491537415,0.5112961876531212,0.3507997303033669,0.20964239099906967,0.1500185570539231,0.9825968742370605,0.258100301027298,0.5136004090309143,0.36563026905059814,0.20879419147968292,0.21052680909633636,-0.00037375810568937573,0.04659169385837772,0.00230422137779307,0.4085160206965898,0.42104691267,0.4310251456848338,0.3325107121217039
10942.356,1.0130937685622294,0.22208336269758155,0.514430702568883,0.38806545451649443,0.23333198853437265,0.1649744692485982,0.9921032786369324,0.263528972864151,0.5190740823745728,0.36563026905059814,0.20879419147968292,0.21052680909633636,0.002119116220366441,0.04640957461373485,0.00464337980568974,0.4526478107377323,0.42104691267,0.42662012735537785,0.33599252556532455
10942.376,1.0204797205349192,0.2265611067638516,0.5176046055888922,0.3692975986264272,0.22388720330861556,0.15869515099699574,1.0008783340454102,0.26854002475738525,0.5241267085075378,0.36563026905059814,0.20879419147968292,0.21052680909633636,0.0037374259601307934,0.04617873488318482,0.006522102918645634,0.43170154195729593,0.42104691267,0.42923274268890255,0.3385259443689652
10942.397,1.0278731136247155,0.23106120449836304,0.5207997670013883,0.35206633759861095,0.21429036830353454,0.15215054344755596,1.0008783340454102,0.26854002475738525,0.5241267085075378,0.36563026905059814,0.20879419147968292,0.21052680909633636,-0.0047673648574777724,0.045941836324411955,0.003326941506149539,0.41201523810887014,0.42104691267,0.42887255069466856,0.33114805366523514
10942.416,1.035265901560504,0.23559211837689914,0.5240230653678141,0.38909410191608546,0.23846915152180803,0.16964728245762378,1.0008783340454102,0.26854002475738525,0.5241267085075378,0.36563026905059814,0.20879419147968292,0.21052680909633636,-0.01328715094133186,0.04573314940308258,0.0001036431397237747,0.4562049915652247,0.42104691267,0.4210411573532349,0.32390923672354466
10942.437,1.0426700139448384,0.24016319107352663,0.5272741914071029,0.3525767801956534,0.21767012840419603,0.15481552567569817,1.0190480947494507,0.27917107939720154,0.5346530675888062,0.361152708530426,0.21644413471221924,0.21052618324756622,-0.0007856594551851614,0.04559597742308193,0.007378876181703298,0.4142176266915262,0.421045541763,0.42538205473996943,0.33712937495020046
10942.456,1.050062501499127,0.24474712468319,0.530502925043764,0.3890782923262091,0.24125966366353616,0.16993334929587003,1.0280768871307373,0.2845821678638458,0.5399162173271179,0.361152708530426,0.21644413471221924,0.21052618324756622,0.0011914740536590543,0.045483824530702266,0.009413292283353969,0.45767001538617813,0.421045541763,0.42010048251719845,0.3399089125242817
10942.476,1.057432536859995,0.24934006189887975,0.533727195264162,0.3685017680353619,0.22964686077947544,0.16121351101638418,1.037105679512024,0.2899932861328125,0.5451793670654297,0.361152708530426,0.21644413471221924,0.21052618324756622,0.003182417703781606,0.045340246887482234,0.011452171801267674,0.4340812318576971,0.421045541763,0.4222392310006982,0.3431332024839645
10942.497,1.064762927710125,0.2539216695580901,0.5369558222646795,0.36651954253182817,0.22908038297635142,0.1614313500370341,1.037105679512024,0.2899932861328125,0.5451793670654297,0.361152708530426,0.21644413471221924,0.21052618324756622,-0.005313591905577605,0.04514255909079734,0.00822354480075016,0.43211897570731694,0.421045541763,0.4189424996103518,0.3358313783895509
10942.517,1.0720246798582462,0.2584694698197002,0.5401928124536188,0.3630876073981397,0.2273900130755422,0.16184950944343235,1.037105679512024,0.2899932861328125,0.5451793670654297,0.361152708530426,0.21644413471221924,0.21052618324756622,-0.013734126029636806,0.04499401473890023,0.004986554611810856,0.4283343863864746,0.421045541763,0.41448297663773076,0.32864475634295226
10942.537,1.079223305431431,0.2630148459150192,0.5434620101188449,0.3599312786513858,0.22726880476099023,0.16345988325773414,1.0550475120544434,0.30100443959236145,0.5557056665420532,0.35651540756225586,0.2239990532398224,0.21052618324756622,-0.0010481258256099177,0.04501754819434366,0.012243656423208349,0.42559489792670335,0.421044915915,0.4129495732277211,0.3423674813013997
10942.556,1.0863460917815577,0.2675330514050146,0.5466649995022809,0.3561393174985583,0.2259102744948376,0.160149469168304,1.0639604330062866,0.30660441517829895,0.560968816280365,0.35651540756225586,0.2239990532398224,0.21052618324756622,0.0011876643002162526,0.04501420486265619,0.014303816778084122,0.42167407906793436,0.421044915915,0.4164138847986175,0.3459167343363548
10942.576,1.0933859383170224,0.27203300924088264,0.5497874776836569,0.3519923267975619,0.22499789180895424,0.156123909079592,1.0732297897338867,0.31242838501930237,0.5664424896240234,0.35651540756225586,0.2239990532398224,0.21052618324756622,0.003920978147904895,0.044974244188744655,0.01665501194036656,0.417683940354873,0.421044915915,0.4209846719047169,0.3499483471158911
10942.597,1.1003693105768804,0.2765377942583602,0.5528148436989692,0.33254153617357574,0.21451357225429699,0.14416028643904663,1.0732297897338867,0.31242838501930237,0.5664424896240234,0.35651540756225586,0.2239990532398224,0.21052618324756622,-0.004251479032316728,0.044795234375929804,0.013627645925054277,0.39564726203122536,0.421044915915,0.42729731747667316,0.3432894944021555
10942.617,1.10732926686063,0.2810444205588593,0.555794013912327,0.34799781417988795,0.22533131502003567,0.1489585106646389,1.0732297897338867,0.31242838501930237,0.5664424896240234,0.35651540756225586,0.2239990532398224,0.21052618324756622,-0.012408140738251847,0.044651602535534816,0.01064847571169647,0.4145066501595205,0.421044915915,0.4250261059114436,0.3361946207698822
10942.636,1.11430892366957,0.285594084379629,0.5587696527818881,0.36735035836076,0.23945599056389258,0.1566125720802436,1.0905793905258179,0.32359081506729126,0.5767582654953003,0.35172203183174133,0.23145410418510437,0.21052618324756622,2.325386794179568e-05,0.044797787282730726,0.017988612713412233,0.4384253202089088,0.421045601368,0.42205886581807317,0.3498865266168522
10942.657,1.1213230785817299,0.29019529675592487,0.5617513324455308,0.33400737678826375,0.2191053512644814,0.14198474589571758,1.099372386932373,0.3293771743774414,0.5820214152336121,0.35172203183174133,0.23145410418510437,0.21052618324756622,0.0022935929067179617,0.04485300245703619,0.02027008278808129,0.3993889755855977,0.421045601368,0.42920365227300017,0.35471533056960936
10942.676,1.1283582215590386,0.294846700121228,0.5647803738578415,0.3702706830117144,0.24481070343400632,0.15942323222492802,1.1081655025482178,0.33516353368759155,0.5872845649719238,0.35172203183174133,0.23145410418510437,0.21052618324756622,0.00452187693724794,0.0448636333663716,0.022504191114082306,0.4438000395492496,0.421045601368,0.4301814011875796,0.3573781111461194
10942.697,1.1353951159625773,0.2995421703405579,0.5678052582033389,0.35184472016925034,0.23477351096137153,0.15124421727156936,1.1081655025482178,0.33516353368759155,0.5872845649719238,0.35172203183174133,0.23145410418510437,0.21052618324756622,-0.003800268846006181,0.044675399607557315,0.019479306768584892,0.4228916095483699,0.421045601368,0.4284622750299246,0.3509245968205267
10942.717,1.1424374129942043,0.30428744629217935,0.5708623014152279,0.35211485157366734,0.2372637975758931,0.15285216059111018,1.1081655025482178,0.33516353368759155,0.5872845649719238,0.35172203183174133,0.23145410418510437,0.21052618324756622,-0.012153461218630632,0.04449932582493913,0.01642226355669596,0.42448922722693916,0.421045601368,0.42465518492336163,0.343861796478669
10942.736,1.1494780404464078,0.3090796465239141,0.5739381782889503,0.35203137260248907,0.23961001158150816,0.15379384368276605,1.1256279945373535,0.3469201624393463,0.5978109240531921,0.346771240234375,0.23880727589130402,0.21052618324756622,0.0005167228144007559,0.044726528281805546,0.02387274576424181,0.42571981116229496,0.421045362949,0.42727162224723186,0.358319745508513
10942.756,1.156510176365863,0.3139023277790356,0.577023992499248,0.3516067959970623,0.24113406277274133,0.15429071052554647,1.134297251701355,0.35289034247398376,0.6030740737915039,0.346771240234375,0.23880727589130402,0.21052618324756622,0.0026527901448181665,0.044793325579288674,0.026050081292255944,0.42622448724217094,0.421045362949,0.4303867218695838,0.3621005985806873
10942.777,1.1635281124439634,0.31873324184783514,0.5801029869669252,0.3341874322803068,0.23004352707867848,0.14661878417063592,1.1433132886886597,0.3590993285179138,0.6085477471351624,0.346771240234375,0.23880727589130402,0.21052618324756622,0.005217254893701038,0.0448423940472456,0.02844476016823716,0.4056056180956644,0.421045362949,0.43723596848401625,0.36699557437636887
10942.796,1.1705248887810713,0.32356707038964616,0.5832008743569079,0.3682513861590629,0.2544120285132521,0.16304670473393537,1.1433132886886597,0.3590993285179138,0.6085477471351624,0.346771240234375,0.23880727589130402,0.21052618324756622,-0.0031460746604127753,0.044644313876621385,0.025346872778254426,0.44748531495458677,0.421045362949,0.4324515382332163,0.3584942823310564
10942.816,1.1775337456276391,0.32842788007746554,0.5864094205129801,0.35044284232074174,0.24304048438566386,0.16042730780010492,1.1433132886886597,0.3590993285179138,0.6085477471351624,0.346771240234375,0.23880727589130402,0.21052618324756622,-0.0115305685068606,0.04448396803856665,0.02213832662218229,0.42638765681030566,0.421045362949,0.42868180727843397,0.35193587996595577
10942.837,1.1845787904776963,0.33335493754184253,0.5897271104220104,0.3522522425272078,0.24635287323587798,0.16588449546298437,1.1601775884628296,0.37098217010498047,0.6188635230064392,0.34166792035102844,0.24605463445186615,0.21052680909633636,0.000646137320160306,0.04484205388577,0.029136412584428784,0.42975945715152053,0.42104613781,0.43100917381628434,0.3658410287714394
10942.857,1.1916317477766984,0.33834481153788615,0.5931215179602767,0.3526478649424088,0.2494936997967348,0.169720376909608,1.1687192916870117,0.3771335184574127,0.6241267323493958,0.34166792035102844,0.24605463445186615,0.21052680909633636,0.002682022082785132,0.04497055910368698,0.031005214389119073,0.4318706179422469,0.42104613781,0.433226038784812,0.3692385659527553
10942.881,1.1986473021419521,0.34337624506162395,0.5966118894663799,0.2923147652258163,0.2096430634940326,0.14543214609107263,1.1772609949111938,0.38328489661216736,0.6293898820877075,0.34166792035102844,0.24605463445186615,0.21052680909633636,0.004730699738239426,0.04502993543785841,0.032777992621327634,0.35960208840764374,0.42104613781,0.44932526877177653,0.37538138882993966
10942.896,1.2056254668055326,0.34843949596779644,0.6001285259909992,0.43613529143451024,0.31645318160728714,0.219789782768917,1.1772609949111938,0.38328489661216736,0.6293898820877075,0.34166792035102844,0.24605463445186615,0.21052680909633636,-0.0037292608724032277,0.04477541541132836,0.029261356096708324,0.5386428092202069,0.42104613781,0.4358720211276721,0.3607455130456185
10942.917,1.2126012364964232,0.3535528244597479,0.6036649491867352,0.3487884845686354,0.2556664246152447,0.17682115979902185,1.1772609949111938,0.38328489661216736,0.6293898820877075,0.34166792035102844,0.24605463445186615,0.21052680909633636,-0.01221641992406499,0.04453861104724703,0.02572493290097233,0.4322763429725367,0.42104613781,0.4311375349631226,0.35670012552811536
10942.936,1.2196054208971574,0.35871584110999455,0.6072535303942783,0.35020922002906807,0.25815083250669785,0.17942906037323988,1.1942131519317627,0.39576616883277893,0.639916181564331,0.3364119231700897,0.25319230556488037,0.21052618324756622,0.00028884614030876346,0.044915595014247564,0.03266265117005274,0.434902737440393,0.421045511961,0.4285595092229347,0.37061374140715353
10942.956,1.2266399272372364,0.36391951050167026,0.610832413677902,0.35172531699627063,0.26018346957810645,0.1789441641772769,1.2026233673095703,0.4020959734916687,0.6451793313026428,0.3364119231700897,0.25319230556488037,0.21052618324756622,0.0022224267637163085,0.0450477335330626,0.03434691762474085,0.43735124566717054,0.421045511961,0.43003411601171515,0.3736987391005159
10942.976,1.233667094178768,0.36914569515734524,0.614402951740274,0.3513583470689108,0.26130923277804524,0.17852690311470634,1.2110337018966675,0.40842577815055847,0.6504424810409546,0.3364119231700897,0.25319230556488037,0.21052618324756622,0.004149672438339826,0.045143942947018345,0.03603952930068055,0.4377382838824867,0.421045511961,0.4318459531832358,0.37678773873388915
10942.997,1.240647181029192,0.3743631961715614,0.6179794778285465,0.34900434254532126,0.26087505072883915,0.17882630442598144,1.2110337018966675,0.40842577815055847,0.6504424810409546,0.3364119231700897,0.25319230556488037,0.21052618324756622,-0.004400986639067475,0.044920473661918425,0.03246300321240814,0.435604534157514,0.421045511961,0.4282272205135722,0.36901667847304986
10943.016,1.2475635590777756,0.37958751113239403,0.621574329806711,0.34581890242163615,0.2612157480359304,0.17974259890430458,1.2110337018966675,0.40842577815055847,0.6504424810409546,0.3364119231700897,0.25319230556488037,0.21052618324756622,-0.012904434421320977,0.04471634692759388,0.028868151234243578,0.4332479162360578,0.421045511961,0.42322274507348356,0.361266990104521
10943.037,1.254415067009771,0.3848119813412789,0.6251634879233086,0.342575396592287,0.2612235104385426,0.17945790582596013,1.2277193069458008,0.42126113176345825,0.6609688401222229,0.3310081958770752,0.2602176070213318,0.21052618324756622,-0.00031559219718122963,0.04517858534147341,0.03580535219891434,0.43065903432053493,0.421045869589,0.4210222656721017,0.37562658779698865
10943.057,1.2612062714687158,0.39003134223755287,0.6287339060088477,0.33956022293983196,0.2609680448080011,0.1785209042730608,1.2359944581985474,0.4277665615081787,0.6662319898605347,0.3310081958770752,0.2602176070213318,0.21052618324756622,0.0018022560886220562,0.04534682099952627,0.03749808385168696,0.42810791515160507,0.421045869589,0.4235840588745363,0.3790996781501669
10943.077,1.2679192563618438,0.39523582054066586,0.6322710783244248,0.3356492446796003,0.2602239151736367,0.17685861579107684,1.2442697286605835,0.43427202105522156,0.6714951395988464,0.3310081958770752,0.2602176070213318,0.21052618324756622,0.003991771856616068,0.04546637074311082,0.039224061274421684,0.4245507221788307,0.421045869589,0.42722496226075746,0.38258265853797235
10943.096,1.2745729322881312,0.4004388967601977,0.6358279461126397,0.3326837963071085,0.26015381097091467,0.1778433894068659,1.2442697286605835,0.43427202105522156,0.6714951395988464,0.3310081958770752,0.2602176070213318,0.21052618324756622,-0.004289767350984082,0.04521683697174739,0.03566719348620673,0.42216157427134604,0.421045869589,0.42552267498298935,0.37480373250789345
10943.116,1.281205770872682,0.40567504574427216,0.6394248271326008,0.33164192922030505,0.26180744919800675,0.1798440509941314,1.2442697286605835,0.43427202105522156,0.6714951395988464,0.3310081958770752,0.2602176070213318,0.21052618324756622,-0.012574137620566857,0.04498832375548151,0.03207031246624559,0.42235186254542023,0.421045869589,0.42211977694037156,0.3668927379041048
10943.137,1.287839100914833,0.4109663564435901,0.6430300187635398,0.33166650210030196,0.26456553496012164,0.18025958154301408,1.260681390762329,0.4474557638168335,0.68202143907547,0.32545575499534607,0.26712846755981445,0.2105262726545334,0.00014604821145795116,0.045486225839234534,0.03899142031193015,0.42406651512103233,0.421045213938,0.4250545390826318,0.3812598926694486
10943.156,1.2944712924362616,0.4163030251457647,0.6466165905218537,0.33160957606419605,0.26683343510290763,0.17932858791178036,1.2688177824020386,0.4541339874267578,0.6872845888137817,0.32545575499534607,0.26712846755981445,0.2105262726545334,0.002318001714343477,0.04564987570885821,0.04066799829192802,0.4254308349950784,0.421045213938,0.4282415225699593,0.3845381374204154
10943.176,1.301087399551025,0.4216596405245089,0.6501841965537373,0.33080535576103876,0.2678307689557207,0.17838030160650756,1.276954174041748,0.46081218123435974,0.6925477385520935,0.32545575499534607,0.26712846755981445,0.2105262726545334,0.004490946853698427,0.04577297689549373,0.042363541998356236,0.42543871504279135,0.421045213938,0.4318701147322188,0.3878112595869522
10943.197,1.3076971276780824,0.4270582676374474,0.6537266343972361,0.33048640634565624,0.2699313556410348,0.1771218921710756,1.276954174041748,0.46081218123435974,0.6925477385520935,0.32545575499534607,0.26712846755981445,0.2105262726545334,-0.003877056926393868,0.0454909255894308,0.0388211041548574,0.4265061594113181,0.421045213938,0.42965219792518644,0.37979330307330017
10943.216,1.3143067470298273,0.43250288394194825,0.6572884344596979,0.33048096758002965,0.2722308152190991,0.17809000311920076,1.276954174041748,0.46081218123435974,0.6925477385520935,0.32545575499534607,0.26712846755981445,0.2105262726545334,-0.012274031114212401,0.04523250139255258,0.03525930409239564,0.4279514009800789,0.421045213938,0.42553375880454203,0.37179253147098945
10943.237,1.3209257908125878,0.43799108051852226,0.6608949890063889,0.33095218913079893,0.2744098288227108,0.18032772733061433,1.293084740638733,0.47433850169181824,0.703074038028717,0.3197607398033142,0.2739201486110687,0.21052618324756622,0.00033197914537382717,0.04578371861894909,0.04217904902232816,0.4297071895560911,0.421045333147,0.4277273115308376,0.3861917334983133
10943.259,1.3275586780156319,0.44354676456305975,0.6644719883869685,0.3014948728790029,0.25253109294471376,0.16259088094264415,1.3010787963867188,0.48118650913238525,0.7083372473716736,0.3197607398033142,0.2739201486110687,0.21052618324756622,0.002364217600723594,0.04596025432329273,0.04386525898470506,0.3930712428990414,0.421045333147,0.4362526069562231,0.391604106432575
10943.276,1.334166302583251,0.4491094103724478,0.6680618007404411,0.3670902537560291,0.30903587829883555,0.1994340196370417,1.309072732925415,0.48803451657295227,0.7136003971099854,0.3197607398033142,0.2739201486110687,0.21052618324756622,0.004413715914208111,0.046101737957715744,0.04553859636954427,0.479611682986795,0.421045333147,0.42907097182152665,0.38985044348616726
10943.297,1.3407397595952795,0.4546759406814505,0.6716649125738274,0.32867285059424495,0.27832651544406106,0.1801555916653852,1.309072732925415,0.48803451657295227,0.7136003971099854,0.3197607398033142,0.2739201486110687,0.21052618324756622,-0.00402981486726511,0.04581872712935789,0.04193548453615792,0.43048057445642535,0.421045333147,0.4262764509407089,0.3846835662729401
10943.316,1.3472972635414417,0.4602606751697718,0.6752631701150158,0.32787519730095716,0.27923672440997027,0.17991287705549117,1.309072732925415,0.48803451657295227,0.7136003971099854,0.3197607398033142,0.2739201486110687,0.21052618324756622,-0.012474364788600343,0.045572922116378624,0.03833722699496955,0.43047216168494773,0.421045333147,0.4217755728254462,0.376734003240697
10943.336,1.353829492251756,0.4658419626367833,0.6788753039563742,0.32661143553828714,0.2790643733698631,0.18060669208040328,1.3249150514602661,0.501897394657135,0.7241266965866089,0.31392425298690796,0.2805914580821991,0.21052680909633636,0.00013634370090874134,0.046217101541031314,0.0452513926302347,0.42942453047951124,0.421046316624,0.42398584171122544,0.391486467870685
10943.357,1.3603386804489244,0.4714500739184156,0.6824763535030367,0.30996134271285375,0.2670529181648243,0.17147854983584385,1.3327630758285522,0.508912205696106,0.7293898463249207,0.31392425298690796,0.2805914580821991,0.21052680909633636,0.002228956044141233,0.04646350226211335,0.04691349282188395,0.40896881934781787,0.421046316624,0.42977276215130095,0.3962263118147368
10943.376,1.366813447605236,0.47706841941560413,0.6860746565244437,0.34077721874907024,0.2957023945852468,0.1893843695454138,1.340611219406128,0.5159270167350769,0.7346530556678772,0.31392425298690796,0.2805914580821991,0.21052680909633636,0.004343433228464342,0.04666563977944527,0.04857839914343354,0.45100143027895556,0.421046316624,0.4298162924389497,0.397022511015226
10943.396,1.3732572849739597,0.4827063073218089,0.6896947579510618,0.32219186842915076,0.28189439530408616,0.18100507132695765,1.340611219406128,0.5159270167350769,0.7346530556678772,0.31392425298690796,0.2805914580821991,0.21052680909633636,-0.004046094797808344,0.046400541460926,0.044958297716815365,0.42792167728171415,0.421046316624,0.42739700292823946,0.3904506289606335
10943.416,1.379685993014089,0.48837541788677796,0.6933418816935794,0.3214354020286828,0.2834555282680453,0.18235618713848084,1.340611219406128,0.5159270167350769,0.7346530556678772,0.31392425298690796,0.2805914580821991,0.21052680909633636,-0.012444443316008837,0.04616345266729561,0.04131117397429784,0.428380178480676,0.421046316624,0.42321402771368416,0.38242914794351496
10943.437,1.3861102604367468,0.4940808339407318,0.697020150136491,0.30591749630770987,0.271686478751424,0.1751556401333089,1.3561581373214722,0.530120313167572,0.7451793551445007,0.307947039604187,0.2871372401714325,0.21052618324756622,0.00016898507056148718,0.04686091320173287,0.04815920500800974,0.4089700827220114,0.421045333147,0.4285784597507281,0.3983929346319377
10943.457,1.392527544917227,0.4998331355362185,0.7006720870377274,0.32086422401700515,0.2876150797680557,0.18259684505783635,1.3641647100448608,0.5375859141349792,0.7506530284881592,0.307947039604187,0.2871372401714325,0.21052618324756622,0.00265960118310336,0.04714498080889408,0.04998094145043175,0.4307060402550361,0.421045333147,0.4311497024380169,0.40095270856793713
10943.477,1.398926533480063,0.5056296564858793,0.7043161130799238,0.33678887172408023,0.30508004997841,0.191790844323775,1.3715554475784302,0.5444771647453308,0.7557056546211243,0.307947039604187,0.2871372401714325,0.21052618324756622,0.004295998995217515,0.047327049707707326,0.051389541541200456,0.4541947379867102,0.421045333147,0.42675534705227475,0.40223735196815674
10943.496,1.4053059549119113,0.5114673389109337,0.7079950683058904,0.3189710716144699,0.29188412127289226,0.18394776131104568,1.3715554475784302,0.5444771647453308,0.7557056546211243,0.307947039604187,0.2871372401714325,0.21052618324756622,-0.0041724687236067565,0.04702484291983466,0.04771058631523384,0.4321276175494416,0.421045333147,0.4238919279132854,0.3955159863907477
10943.517,1.411663350163596,0.5173373246226369,0.711702905097944,0.30273310721384883,0.2795231291202047,0.17656365675907157,1.3715554475784302,0.5444771647453308,0.7557056546211243,0.307947039604187,0.2871372401714325,0.21052618324756622,-0.012646052399993234,0.04674710825669501,0.044002749523180285,0.411808209569117,0.421045333147,0.42191856236086894,0.3884845588728483
10943.536,1.417990122636375,0.5232007038720752,0.715480083197043,0.3329880248790199,0.3085989078613894,0.19879884731856673,1.3868000507354736,0.5589946508407593,0.7662319540977478,0.30183520913124084,0.2935560643672943,0.21052618324756622,-6.1484751063684e-05,0.04747655678759516,0.050751870900704765,0.45376683462676604,0.421045899391,0.4169686720462574,0.4005545336189021
10943.556,1.4242695644100598,0.529025972451906,0.7192901541676563,0.3139720886773912,0.2912634289851818,0.19050354852650447,1.394345998764038,0.566333532333374,0.7714951634407043,0.30183520913124084,0.2935560643672943,0.21052618324756622,0.0020694086682127924,0.047780658775753826,0.05220500927304805,0.4280920685793814,0.421045899391,0.41980660195001723,0.40561127139625974
10943.577,1.430486768531082,0.534803280765255,0.7231159552748057,0.31086020607259834,0.2888654156874166,0.1912900553706904,1.401891827583313,0.5736724138259888,0.7767583131790161,0.30183520913124084,0.2935560643672943,0.21052618324756622,0.004281655924849116,0.0480639945826461,0.05364235790421046,0.42421584861788264,0.421045899391,0.4236434860343364,0.40919456986151453
10943.596,1.4366462987062751,0.5405361558076193,0.7269691382781365,0.30797650875293286,0.2866437521119584,0.19265915016233556,1.401891827583313,0.5736724138259888,0.7767583131790161,0.30183520913124084,0.2935560643672943,0.21052618324756622,-0.003945644577117158,0.047857253863629004,0.04978917490087964,0.4206233812814972,0.421045899391,0.4223112024977881,0.4012435632753273
10943.617,1.442766351543041,0.546251674784216,0.7308417618031862,0.30600264183160836,0.28577594882359825,0.19363117624825793,1.401891827583313,0.5736724138259888,0.7767583131790161,0.30183520913124084,0.2935560643672943,0.21052618324756622,-0.01213244177836266,0.04770144122587926,0.04591655137582995,0.41860797258859805,0.421045899391,0.4196057131106159,0.39326858792945074
10943.636,1.4488513852094012,0.55196386272631,0.7347288788210993,0.3042516833113719,0.2856093970984682,0.19435585089141316,1.4168275594711304,0.5885075926780701,0.7872846126556396,0.29558736085891724,0.299844354391098,0.21052618324756622,0.0007363249639179212,0.04858423035563915,0.052555733834540375,0.4172271059744776,0.421044558287,0.42372116681668653,0.4084417601485646
10943.658,1.4549030101113458,0.5576752470196366,0.7385971660044117,0.27507385919149335,0.2596083769808922,0.17583123561290356,1.4242172241210938,0.5960037112236023,0.7925477623939514,0.29558736085891724,0.299844354391098,0.21052618324756622,0.0031151963787612487,0.04899983858744829,0.053950596389539696,0.3781750698069513,0.421044558287,0.43482207678180335,0.41485828315024564
10943.677,1.4609228613007825,0.5634089461121222,0.742458959681221,0.3168342731243653,0.30177363644291605,0.20325229877694495,1.4316068887710571,0.6034997701644897,0.7978109121322632,0.29558736085891724,0.299844354391098,0.21052618324756622,0.005505224399702736,0.04935983106606445,0.055351952451042186,0.43747579553709204,0.421044558287,0.43696835706551984,0.4141303098008602
10943.697,1.4669201259086178,0.5691872598925529,0.7463171881542716,0.3156455056716704,0.30412177791367845,0.2030646564738599,1.4316068887710571,0.6034997701644897,0.7978109121322632,0.29558736085891724,0.299844354391098,0.21052618324756622,-0.0026306580262263207,0.049167598239535884,0.05149372397799157,0.43822539388710935,0.421044558287,0.4336437809130917,0.4060224055158078
10943.716,1.472918257053231,0.5750215815864221,0.7501948975567873,0.29990655722412063,0.29171608468709326,0.19388547012154983,1.4316068887710571,0.6034997701644897,0.7978109121322632,0.29558736085891724,0.299844354391098,0.21052618324756622,-0.010805681656299762,0.048998710370540335,0.04761601457547593,0.4182850294083414,0.421044558287,0.43129007407896974,0.39922145221179195
10943.737,1.4789199675264517,0.5809201761963938,0.7541154118426825,0.30008552365448093,0.2949297304921455,0.19602571429048307,1.446226954460144,0.6186460256576538,0.8083372116088867,0.2892109155654907,0.3060009777545929,0.21052618324756622,0.001999583072176285,0.049880602326604705,0.054221799766204226,0.4206474967481175,0.421045780182,0.43522063540372863,0.41406761281633553
10943.757,1.484915698553149,0.5868490481472048,0.7580320502964091,0.29978655135559024,0.2964435975610428,0.19583192269986543,1.453457236289978,0.6262960433959961,0.8136003613471985,0.2892109155654907,0.3060009777545929,0.21052618324756622,0.004274727260458185,0.05027352174823456,0.05556831105078941,0.42150520354743304,0.421045780182,0.4397169083475334,0.4174891654520916
10943.777,1.4908923762792101,0.5927997080903239,0.7619664944618711,0.29883388629652863,0.2975329971494581,0.19672220826880946,1.460687518119812,0.6339461207389832,0.8188635110855103,0.2892109155654907,0.3060009777545929,0.21052618324756622,0.006552634488709779,0.05062038829898953,0.05689701662363911,0.42160086033015304,0.421045780182,0.44421938275774236,0.42082789933368403
10943.796,1.4968362573165943,0.5987769908225755,0.7659198963990184,0.29719405186272246,0.2988641366060575,0.1976700968530461,1.460687518119812,0.6339461207389832,0.8188635110855103,0.2892109155654907,0.3060009777545929,0.21052618324756622,-0.0016747711751796401,0.05040629113617596,0.05294361468649189,0.4213738338401949,0.421045780182,0.4473215250667475,0.41248645636321335
10943.816,1.502784557989226,0.6048167471355053,0.7698792132209219,0.29741503362509536,0.3019878156398955,0.1979658410908556,1.460687518119812,0.6339461207389832,0.8188635110855103,0.2892109155654907,0.3060009777545929,0.21052618324756622,-0.009949996176829502,0.05021631954234707,0.048984297864588355,0.4237406041730397,0.421045780182,0.44441100739588224,0.4040146373982244
10943.836,1.5087584651071122,0.6109394563004611,0.7738611559576307,0.2986953559149536,0.3061354582689521,0.19909713684920297,1.4749854803085327,0.6493967771530151,0.8293898701667786,0.2827056646347046,0.31202229857444763,0.21052680909633636,0.0027228710880543294,0.05110935337488831,0.055528714209147845,0.42759081361417245,0.421046793461,0.4475508272019753,0.4186011522218597
10943.857,1.5147422974200269,0.6171151487388004,0.7778187378343796,0.2991916156392023,0.3087846219102231,0.1978790938331249,1.4820531606674194,0.6571973562240601,0.8346530199050903,0.2827056646347046,0.31202229857444763,0.21052680909633636,0.004837528682016253,0.051495255458855124,0.05683428207071073,0.42984035905892715,0.421046793461,0.4508150853782841,0.4217842157302332
10943.877,1.5207402837652437,0.623349330066836,0.7817741027693508,0.29989931725429714,0.31170906639497903,0.1977682467442418,1.4891207218170166,0.664997935295105,0.8399161696434021,0.2827056646347046,0.31202229857444763,0.21052680909633636,0.006903801505908677,0.05183377798332839,0.058142066874051324,0.43243933193402206,0.421046793461,0.45414327797855175,0.42480576760165406
10943.896,1.526740340183005,0.6296306122765722,0.7857578351443328,0.3000028208815194,0.314064110479956,0.19918661874475532,1.4891207218170166,0.664997935295105,0.8399161696434021,0.2827056646347046,0.31202229857444763,0.21052680909633636,-0.0015740507097783338,0.051610130670856666,0.05415833449906926,0.43421443933865456,0.421046793461,0.4514963590656621,0.4162476469052675
10943.917,1.5327441205561783,0.6359717554613471,0.7897961039460261,0.2858943035004837,0.30195919929194176,0.19229851437713746,1.4891207218170166,0.664997935295105,0.8399161696434021,0.2827056646347046,0.31202229857444763,0.21052680909633636,-0.01009576673510034,0.05141590733739885,0.05012006569737604,0.41572113687527235,0.421046793461,0.44963120547733776,0.4090242982496889
10943.937,1.538784513348248,0.6423969832224732,0.7938969540727807,0.31791541010504126,0.33816988216038674,0.21583421719496834,1.5030903816223145,0.6807461977005005,0.8504425287246704,0.27607399225234985,0.31790345907211304,0.21052618324756622,0.0023223212373178932,0.05233870570448548,0.056545574651889696,0.46402732371995814,0.421045660973,0.44390526716517226,0.4201926366041707
10943.956,1.544864130729901,0.648891455789009,0.7980341529547389,0.30398086907600763,0.32472362831970153,0.20685994409339378,1.509992241859436,0.6886937618255615,0.8557056784629822,0.27607399225234985,0.31790345907211304,0.21052618324756622,0.004153248808614493,0.0527543621282182,0.05767152550824328,0.44471105428706764,0.421045660973,0.44498055602393194,0.42470109274768175
10943.977,1.5509664923206832,0.6554277489436207,0.802185562546803,0.2905886471712475,0.31125205497201874,0.1976861710446421,1.5171700716018677,0.6969592571258545,0.8611793518066406,0.27607399225234985,0.31790345907211304,0.21052618324756622,0.0063628990729817925,0.05316556912778406,0.05899378925983767,0.4257509504468713,0.421045660973,0.4493886777161331,0.42961639223739934
10943.996,1.5570752050401313,0.6619882459155876,0.806350044599852,0.3215111957872682,0.345289314342874,0.21918326596824997,1.5171700716018677,0.6969592571258545,0.8611793518066406,0.27607399225234985,0.31790345907211304,0.21052618324756622,-0.002378960329596915,0.05300690377247519,0.05482930720678858,0.4717479287532017,0.421045660973,0.4417506079039304,0.41765533196680393
10944.016,1.563177320287758,0.6685892040236977,0.8105350532440803,0.30510576237467046,0.33004790539830187,0.20925043220684333,1.5171700716018677,0.6969592571258545,0.8611793518066406,0.27607399225234985,0.31790345907211304,0.21052618324756622,-0.011145563152916683,0.052889538348040915,0.050644298562560364,0.44942286794745745,0.421045660973,0.4350745541803731,0.4108371129178119
10944.037,1.5692666961359083,0.6752183526625923,0.8147301276672179,0.30446879240087366,0.33145743193749666,0.2097537211523016,1.5305290222167969,0.7126801609992981,0.8714951276779175,0.2693195343017578,0.32364457845687866,0.21052618324756622,0.0006784288213399492,0.053884452292417874,0.05676500001069962,0.4500340069772244,0.421044915915,0.4305105787907693,0.42485442975786925
10944.057,1.5753024765906967,0.6818417515484252,0.8188845781549284,0.3017890227328308,0.331169944284414,0.20772252438099437,1.537261962890625,0.720771312713623,0.8767582774162292,0.2693195343017578,0.32364457845687866,0.21052618324756622,0.002450492146003829,0.05437450232712567,0.057873699261300815,0.4480142276959403,0.421044915915,0.42682093703502066,0.4282100883929088
10944.077,1.581253175838378,0.6884117735962285,0.8229717300121532,0.29753496240463784,0.3285011024128728,0.20435759287536287,1.5439949035644531,0.7288624048233032,0.882021427154541,0.2693195343017578,0.32364457845687866,0.21052618324756622,0.004319870515093242,0.054824913481368545,0.059049697142387836,0.4431844366919063,0.421044915915,0.42820876060884927,0.4318151433561617
10944.097,1.5871049847616552,0.6949372973724148,0.8270340505277342,0.2925904461574674,0.32627618880219383,0.20311602577461516,1.5439949035644531,0.7288624048233032,0.882021427154541,0.2693195343017578,0.32364457845687866,0.21052618324756622,-0.00422178938718307,0.054695232980159665,0.05498737662680686,0.4382170008077372,0.421044915915,0.4247405458365046,0.42390962157951595
10944.117,1.5928661911202346,0.7014547429818144,0.8310666182613657,0.2880603179226854,0.32587228046286676,0.20162838667717822,1.5439949035644531,0.7288624048233032,0.882021427154541,0.2693195343017578,0.32364457845687866,0.21052618324756622,-0.01269887146423707,0.054573998740353194,0.050954808893175274,0.4348839018632648,0.421044915915,0.41984389849541626,0.4159178775727468
10944.137,1.5985595851416043,0.7079935683617133,0.8350980439067147,0.28466970106227135,0.32694126898780934,0.20157128226304882,1.5572892427444458,0.7451847195625305,0.8925477862358093,0.26244837045669556,0.3292420506477356,0.21052618324756622,-0.0001246152482438749,0.05555544402001168,0.05744974232909461,0.43342519508963717,0.421045690775,0.4177194321261945,0.43091360086624064
10944.157,1.604208224189176,0.7146041828390617,0.8391096335686261,0.2689828118042226,0.31479116560568515,0.19102807914936012,1.5638504028320312,0.7534157633781433,0.8978109359741211,0.26244837045669556,0.3292420506477356,0.21052618324756622,0.0019136075190427197,0.05595918722515445,0.05870130240549498,0.4139342001641827,0.421045690775,0.42301675990239257,0.43572725049239475
10944.177,1.6098182392550797,0.7212724970940539,0.8430929726441703,0.2952639508334213,0.35096390815318645,0.20964942502607073,1.5704116821289062,0.7616468071937561,0.9030740857124329,0.26244837045669556,0.3292420506477356,0.21052618324756622,0.003936132141286495,0.05628026762846474,0.05998111306826259,0.4584628828209133,0.421045690775,0.41845928518844655,0.43532290517338085
10944.196,1.6153795145717005,0.7279618156492076,0.8470711741934581,0.27806376582496856,0.3344659277503816,0.19891007746005082,1.5704116821289062,0.7616468071937561,0.9030740857124329,0.26244837045669556,0.3292420506477356,0.21052618324756622,-0.0045351765554078605,0.056001935534147396,0.05600291151897474,0.43475856035361815,0.421045690775,0.4152726280370385,0.42867404319119984
10944.217,1.6209035050543041,0.7346764692296424,0.8510586079735453,0.27619952412415405,0.33573267901441023,0.19937168900000546,1.5704116821289062,0.7616468071937561,0.9030740857124329,0.26244837045669556,0.3292420506477356,0.21052618324756622,-0.013002458483337656,0.05574728141907309,0.052015477738887594,0.43453106996302726,0.421045690775,0.41015777519145896,0.42019354339626214
10944.237,1.6263805252248096,0.7413842713733926,0.855070380375249,0.2738510085192945,0.3353901071801901,0.20058862008080633,1.5833593606948853,0.7782453894615173,0.9136003851890564,0.25545910000801086,0.33469536900520325,0.21052680909633636,-0.00041296967698193146,0.05665149671688641,0.058530004813807435,0.4327826666255954,0.421046733856,0.40820306283970037,0.43506095685537294
10944.256,1.6317892900756197,0.7480069376350105,0.8590465249966356,0.27043824255919807,0.33113331310378313,0.19880723108307305,1.5900013446807861,0.78694748878479,0.9190740585327148,0.25545910000801086,0.33469536900520325,0.21052680909633636,0.002192365231676277,0.057077074547151815,0.06002753353607926,0.4273801886471964,0.421046733856,0.4114507418839801,0.4393362256874682
10944.277,1.6371339224853059,0.7546108036662365,0.8630379606631982,0.2545063052153921,0.3144698110011729,0.190068365068613,1.5961323976516724,0.7949801683425903,0.9241267442703247,0.25545910000801086,0.33469536900520325,0.21052680909633636,0.0040170866616513964,0.05739924788538868,0.06108878360712655,0.404403546176051,0.421046733856,0.41864674465979684,0.44399160622704725
10944.297,1.64243201332643,0.761211333204465,0.867060734357701,0.26490454205042785,0.33002647690422315,0.20113868472075352,1.5961323976516724,0.7949801683425903,0.9241267442703247,0.25545910000801086,0.33469536900520325,0.21052680909633636,-0.004212723498048999,0.05715104197602301,0.05706600991262367,0.4230340608795592,0.421046733856,0.41720369346319436,0.4339358767811399
10944.317,1.6477231820431215,0.7678682554476814,0.8711175282680419,0.27848256403297905,0.3503643285860464,0.21351546896269202,1.5961323976516724,0.7949801683425903,0.9241267442703247,0.25545910000801086,0.33469536900520325,0.21052680909633636,-0.012481076075060622,0.05692879407606198,0.05300921600228281,0.44738087397792264,0.421046733856,0.4109920391495237,0.4237018928729904
10944.337,1.6530275311292444,0.7746165411391566,0.8751986324060919,0.2652174543244759,0.3374142845970786,0.20405520691660275,1.6087278127670288,0.8118476271629333,0.9346530437469482,0.24835531413555145,0.3399977684020996,0.21052618324756622,0.0001919921229172998,0.05786693315276199,0.05945441134085638,0.428986213916203,0.421044945717,0.4136311322780398,0.43978391571114817
10944.357,1.6583240585939873,0.7813828026442293,0.8792155299653581,0.2648263732313675,0.3383130752462532,0.20084487795892916,1.6149367094039917,0.8203475475311279,0.93991619348526,0.24835531413555145,0.3399977684020996,0.21052618324756622,0.0023416353623330888,0.05826860353282527,0.06070066351990189,0.4294763569693476,0.421044945717,0.41680112116381024,0.44305943801736813
10944.376,1.663590165651598,0.7881570482641371,0.8832143034348116,0.26330535287477996,0.3387122809879968,0.19993867346830735,1.6149367094039917,0.8203475475311279,0.93991619348526,0.24835531413555145,0.3399977684020996,0.21052618324756622,-0.00600264478132689,0.05802891782141965,0.056701890050448456,0.42886318734254225,0.421044945717,0.4143359246459018,0.4346339954679944
10944.396,1.6688198196251198,0.7949208357897685,0.8872384820842677,0.2614826986703889,0.33818937627418494,0.20120893246841529,1.6228840351104736,0.8312274813652039,0.9466530680656433,0.24835531413555145,0.3399977684020996,0.21052618324756622,-0.0008613430775547964,0.05854508433693677,0.05941458598137561,0.4273494324554398,0.421044945717,0.41701398091355557,0.4412238197592403
10944.417,1.6739997228090564,0.8016871187227843,0.8913019612192086,0.2589951592147309,0.338314146674177,0.20317395676108735,1.6228840351104736,0.8312274813652039,0.9466530680656433,0.24835531413555145,0.3399977684020996,0.21052618324756622,-0.009141917504850487,0.05832556813507443,0.05535110684643474,0.42592388065173536,0.421044945717,0.41406432112644503,0.4328220373592643
10944.437,1.67917678902457,0.808513695702391,0.8954480643925161,0.258853310770025,0.34132884897288185,0.20730515866085233,1.6333831548690796,0.8459763526916504,0.9557057023048401,0.24114440381526947,0.34515058994293213,0.21052618324756622,0.0006104337710291785,0.059161938511791384,0.06025763791232397,0.42823061542904417,0.421045780182,0.41678850551449625,0.4442463686971262
10944.457,1.684364524474351,0.8154027699673583,0.8995705765052712,0.25938677248339453,0.34445371324084734,0.20612560563325322,1.6394116878509521,0.8546051383018494,0.9609688520431519,0.24114440381526947,0.34515058994293213,0.21052618324756622,0.002739552804887309,0.059582531449681925,0.06139827553788069,0.4310525322476573,0.421045780182,0.4197041828206847,0.4472240723810097
10944.477,1.6895305887647116,0.8223272404136643,0.903684650099223,0.24600306143824205,0.3297366879092828,0.19590826637268793,1.6454403400421143,0.8632338643074036,0.9662320017814636,0.24114440381526947,0.34515058994293213,0.21052618324756622,0.00485723939903069,0.059947553212994775,0.06254735168224057,0.41125198326787105,0.421045780182,0.4261486903947199,0.451967844615923
10944.505,1.694690453816163,0.8293044328023549,0.907831070334608,0.19110611301640484,0.2584145329140468,0.1535711198288227,1.6454403400421143,0.8632338643074036,0.9662320017814636,0.24114440381526947,0.34515058994293213,0.21052618324756622,-0.0035691274428256564,0.05969959261426659,0.05840093144685565,0.32129230083591376,0.421045780182,0.4500274109951755,0.4502139258798432
10944.516,1.699816066925518,0.8363008561529106,0.9120285917931947,0.4271344258220659,0.583035279270953,0.3497934549170129,1.6454403400421143,0.8632338643074036,0.9662320017814636,0.24114440381526947,0.34515058994293213,0.21052618324756622,-0.011988515976013747,0.05948430118141563,0.05420340998826889,0.722500796813879,0.421045780182,0.42524976832175143,0.4121508859107621
10944.536,1.7049188031136433,0.8433699729858559,0.9163618654244078,0.2551368094006954,0.35345584163955035,0.21666368155592333,1.657314658164978,0.8806165456771851,0.9767583012580872,0.23382490873336792,0.3501502275466919,0.21052618324756622,0.0005739942792270698,0.06044114760749843,0.060396435833679374,0.43573363692991995,0.421045452356,0.4270907675037451,0.4469498427695577
10944.557,1.710012493715579,0.8504618040040867,0.9206867458872137,0.2546845300912234,0.3545915509037972,0.21624402313557387,1.6631603240966797,0.889370322227478,0.9820214509963989,0.23382490873336792,0.3501502275466919,0.21052618324756622,0.0026134773670762994,0.060845446209144234,0.06133470510918526,0.4364149036693831,0.421045452356,0.42936916482640464,0.44974682760368484
10944.577,1.7150742431359942,0.8575622093656818,0.9250567044726616,0.2410356866999701,0.33811454104731964,0.20809326598539313,1.6690058708190918,0.8981240391731262,0.9872846007347107,0.23382490873336792,0.3501502275466919,0.21052618324756622,0.0046714498601874155,0.06120240617378192,0.062227896262049054,0.41508952975500524,0.421045452356,0.4349611539488627,0.45421288603638327
10944.597,1.7200893158801858,0.864655343351891,0.9294596564921734,0.26395119705947867,0.37332284137485383,0.23173431681357062,1.6690058708190918,0.8981240391731262,0.9872846007347107,0.23382490873336792,0.3501502275466919,0.21052618324756622,-0.0037431832657711904,0.06095621820883432,0.05782494424253726,0.4570556964628977,0.421045452356,0.429239944908793,0.441802652296326
10944.616,1.7250354377737818,0.8716852660236942,0.933866124618466,0.24730609467440187,0.3514961335824899,0.22032340630981725,1.6690058708190918,0.8981240391731262,0.9872846007347107,0.23382490873336792,0.3501502275466919,0.21052618324756622,-0.012067687319709027,0.0607675243985712,0.05341847611624473,0.42965705788566716,0.421045452356,0.4253803367504388,0.4350159554731734
10944.637,1.7299077302056065,0.8786839899591812,0.9383291768697006,0.24361462158591957,0.3499361967667091,0.22315261255686242,1.6805115938186646,0.9157528281211853,0.9978109002113342,0.22640171647071838,0.35499492287635803,0.21052618324756622,0.0006988113827554425,0.061754260705554204,0.0594817233416336,0.42625806969995383,0.421045273542,0.428770651481998,0.4496872911395131
10944.657,1.734721077653011,0.8856507154433657,0.9427686148233156,0.2406673723649758,0.3483362742016232,0.22197189767590536,1.6863980293273926,0.9249826669692993,1.0032845735549927,0.22640171647071838,0.35499492287635803,0.21052618324756622,0.003434734590079258,0.062211912111863,0.06051595873167703,0.4232736005437441,0.421045273542,0.43277412374076707,0.4532549835413813
10944.677,1.739495905913099,0.8926309617774407,0.947184061652479,0.2387414130208974,0.34901231672787497,0.22077234147342983,1.6918317079544067,0.9335025548934937,1.0083372592926025,0.22640171647071838,0.35499492287635803,0.21052618324756622,0.005343984787539422,0.06256040854630135,0.0611531976401235,0.42273736375517423,0.421045273542,0.43745996262000325,0.4555752802469404
10944.697,1.7442397174896835,0.8996333720018703,0.9515949356110924,0.23719057882404987,0.35012051121383764,0.22054369792585563,1.6918317079544067,0.9335025548934937,1.0083372592926025,0.22640171647071838,0.35499492287635803,0.21052618324756622,-0.002835717386397641,0.06233522054264649,0.05674232368151011,0.4227797685084254,0.421045273542,0.4364726365720594,0.4465658315628459
10944.716,1.7489593972152808,0.9066961684111456,0.9560345351398294,0.23598398627471304,0.35313982045605763,0.22197997643200262,1.6918317079544067,0.9335025548934937,1.0083372592926025,0.22640171647071838,0.35499492287635803,0.21052618324756622,-0.011050763114262629,0.062129186950421696,0.05230272415277315,0.42459080901662627,0.421045273542,0.4335662538678804,0.43743076362943445
10944.737,1.7536596192881135,0.9138353561250174,0.9605174265905958,0.235011103636506,0.35695938568579766,0.22414457253342807,1.7029637098312378,0.9513696432113647,1.018863558769226,0.2188783884048462,0.35968223214149475,0.21052618324756622,0.0017052810117785186,0.06305545146465094,0.05834613217863027,0.42720794146824703,0.421045184135,0.43690028178475543,0.45148997715879063
10944.757,1.758330597596197,0.9210022753042781,0.9650034906126598,0.2335489154203125,0.358345958987805,0.2243032011187029,1.7084357738494873,0.9603617191314697,1.024126648902893,0.2188783884048462,0.35968223214149475,0.21052618324756622,0.003944654868885716,0.06342790358404135,0.05912315829023329,0.4275646432633602,0.421045184135,0.4406472374541835,0.4540792028369195
10944.777,1.7629764733489945,0.9281938103481293,0.9694705685438638,0.2322937876348107,0.3595767521847098,0.22335389655532686,1.7139077186584473,0.9693537354469299,1.0293898582458496,0.2188783884048462,0.35968223214149475,0.21052618324756622,0.006179941312204101,0.06374708186574266,0.05991928970198579,0.42791906566574717,0.421045184135,0.4448057269111753,0.456563021039217
10944.796,1.7676000135208612,0.9354184795252463,0.9739457142318249,0.23117700858828458,0.3612334588479625,0.2237572843931676,1.7139077186584473,0.9693537354469299,1.0293898582458496,0.2188783884048462,0.35968223214149475,0.21052618324756622,-0.002109054954768208,0.06348240708464299,0.055444144014024754,0.42871054552964716,0.421045184135,0.4431633417656978,0.447313903501158
10944.819,1.772205277453714,0.94270411934793,0.9784294998841638,0.20933017877531676,0.3311654465002995,0.20380843875171306,1.7139077186584473,0.9693537354469299,1.0293898582458496,0.2188783884048462,0.35968223214149475,0.21052618324756622,-0.010439956257744843,0.06324408836443164,0.050960358361685776,0.3916165025547136,0.421045184135,0.44532431521541255,0.44070331163669596
10944.836,1.776800240704167,0.9500491631600357,0.9829268496303254,0.2552757361358619,0.4080579895607717,0.2498527636752383,1.724661111831665,0.9874511957168579,1.0399161577224731,0.21125853061676025,0.3642098009586334,0.21052618324756622,0.0022073244623699237,0.06412899903852215,0.05698930809214775,0.48112812377657266,0.421045064926,0.43842328490403953,0.44823186623597233
10944.856,1.7813773835432731,0.9574534048900902,0.9874205681528331,0.22885714195031212,0.3702120864946438,0.22468592612047977,1.7299426794052124,0.9965564608573914,1.0451792478561401,0.21125853061676025,0.3642098009586334,0.21052618324756622,0.00430319493147005,0.06446751343997607,0.05775867970330706,0.4350466277166691,0.421045064926,0.44122099057184083,0.4542362389182073
10944.877,1.7859329269954087,0.9648860046087087,0.9918965295580746,0.22777717260180821,0.37162998592280944,0.22379807025719173,1.7352241277694702,1.0056617259979248,1.0504424571990967,0.21125853061676025,0.3642098009586334,0.21052618324756622,0.006388979773724549,0.06475509795528427,0.058545927641022066,0.4356961331627369,0.421045064926,0.4443576442476908,0.45655745210953
10944.896,1.7904667218935637,0.9723247413358935,0.9963626299037388,0.22668974490280058,0.37193683635112484,0.22330501727833535,1.7352241277694702,1.0056617259979248,1.0504424571990967,0.21125853061676025,0.3642098009586334,0.21052618324756622,-0.002030183063329055,0.06449013187027305,0.054079827295357874,0.43541504617303706,0.421045064926,0.4418190653328456,0.44741296522321283
10944.916,1.7949738066047365,0.9797942907149655,1.000839626255815,0.22535423557421594,0.37347746897941336,0.22384981761928346,1.7352241277694702,1.0056617259979248,1.0504424571990967,0.21125853061676025,0.3642098009586334,0.21052618324756622,-0.010462240082542512,0.06426266304387639,0.04960283094328166,0.43603992431973754,0.421045064926,0.43748508029901495,0.4382785346984299
10944.937,1.7994577011500001,0.9872966585375531,1.005320738517121,0.2241947272582891,0.3751183911211929,0.22405561306040864,1.7455942630767822,1.0239814519882202,1.0609687566757202,0.20354445278644562,0.36857709288597107,0.21052618324756622,0.0021132444693411044,0.06513507679736233,0.05564801815859921,0.43685260492095057,0.42104563117,0.4396054700222275,0.45220321460056506
10944.956,1.8039194108565748,0.9948333705468174,1.0097859678151093,0.2230854853238639,0.3768356004549901,0.22326146489454246,1.7506828308105469,1.033195972442627,1.0662319660186768,0.20354445278644562,0.36857709288597107,0.21052618324756622,0.004158210855500503,0.06548688389055252,0.05644599820356744,0.4377643206596574,0.42104563117,0.4420214994904807,0.45466462757777165
10944.977,1.8083595918328519,1.0023986674797591,1.0142430484481613,0.22200904880900776,0.3782648466388294,0.22285403164773288,1.7557713985443115,1.0424103736877441,1.0714950561523438,0.20354445278644562,0.36857709288597107,0.21052618324756622,0.006192790525823874,0.06578832763135306,0.057252007704182484,0.43845658700001244,0.42104563117,0.4447602752995685,0.45702598227961855
10944.996,1.8127775157967698,1.009987897155574,1.0186983654064365,0.2208961982111655,0.3794614838169729,0.2227658479291619,1.7557713985443115,1.0424103736877441,1.0714950561523438,0.20354445278644562,0.36857709288597107,0.21052618324756622,-0.0022929211294745178,0.06554126106029816,0.052796690745907204,0.43893785375451133,0.42104563117,0.44170465679324983,0.4478846833694609
10945.017,1.8171709705785717,1.017597474594759,1.0231773470595762,0.21967273908529822,0.38047887195093943,0.22394908265209398,1.7557713985443115,1.0424103736877441,1.0714950561523438,0.20354445278644562,0.36857709288597107,0.21052618324756622,-0.010783622342315051,0.06533988748511352,0.04831770909276756,0.4392140668180766,0.42104563117,0.43689172957297223,0.4388411436873422
10945.036,1.8215395080760493,1.0252537891228808,1.0276699668631681,0.21842687486911044,0.3828157263977378,0.2246309901746941,1.7657536268234253,1.0609444379806519,1.0820214748382568,0.19574227929115295,0.3727816939353943,0.2105274349451065,0.0017236824874989308,0.06620359417511157,0.0543515079750887,0.4406137212754293,0.421047776937,0.4384358701567459,0.45264174409373736
10945.057,1.8258786870349069,1.0329303726849621,1.0321287408722006,0.21695894793814444,0.38382917809568884,0.2229387004467585,1.7706471681594849,1.0702639818191528,1.0872845649719238,0.19574227929115295,0.3727816939353943,0.2105274349451065,0.0037135406379183097,0.06656221649104807,0.055155824099723194,0.4407746242269734,0.421047776937,0.4403703937415575,0.45516621636860166
10945.076,1.8301815015265928,1.0406371507120167,1.0365561702499608,0.215140724599166,0.3853389013793628,0.22137146890331127,1.7755407094955444,1.0795835256576538,1.0925477743148804,0.19574227929115295,0.3727816939353943,0.2105274349451065,0.005697029570453937,0.06685790999769436,0.05599160406491954,0.44119106091018895,0.421047776937,0.44265641412446355,0.457558696667109
10945.097,1.834451948337497,1.0483863404559646,1.0409666757077847,0.21352234054055283,0.38745948718893725,0.22052527288637858,1.7755407094955444,1.0795835256576538,1.0925477743148804,0.19574227929115295,0.3727816939353943,0.2105274349451065,-0.0028530981123058297,0.06660073766531148,0.0515810986070957,0.4422474246340766,0.421047776937,0.4390552857168251,0.4484146902153591
10945.117,1.8386906498049762,1.0561540881052087,1.0453731559049009,0.20184292701666387,0.36989274519082443,0.20983239033246906,1.7755407094955444,1.0795835256576538,1.0925477743148804,0.19574227929115295,0.3727816939353943,0.2105274349451065,-0.011405610648506589,0.06638347347678783,0.047174618409979496,0.42123876748502564,0.421047776937,0.4365543956622667,0.4407825345708771
10945.137,1.8428914834182955,1.0639355382752602,1.049799043221834,0.22109650596146135,0.40955000894506,0.23294143773046988,1.7851306200027466,1.0983237028121948,1.103074073791504,0.18784929811954498,0.3768180310726166,0.21052618324756622,0.0010754522037072847,0.06721388699730524,0.05327503056966987,0.46526198988906675,0.421045362949,0.4308308349344822,0.45167776528638237
10945.156,1.8470552372796343,1.0717084643302308,1.0542369531061024,0.208187693062397,0.3886463027400465,0.2218954942085764,1.7902024984359741,1.1084977388381958,1.1087583303451538,0.18784929811954498,0.3768180310726166,0.21052618324756622,0.003910066519160461,0.06760470407200647,0.05452137723905137,0.4407592426318444,0.421045362949,0.4328370075741644,0.45689585448163833
10945.176,1.8511709319653509,1.0794511839944727,1.0586416153158984,0.20578473430005406,0.3871359832388541,0.22023311050502095,1.794523000717163,1.1171646118164062,1.113600492477417,0.18784929811954498,0.3768180310726166,0.21052618324756622,0.005113746588867575,0.06786118440319508,0.05495887716151859,0.4383089703620163,0.421045362949,0.43543802934405496,0.45864156027269964
10945.197,1.8552326352561248,1.0871658766513836,1.0630603770473486,0.2030851645342637,0.3857346328371271,0.22093808656768596,1.794523000717163,1.1171646118164062,1.113600492477417,0.18784929811954498,0.3768180310726166,0.21052618324756622,-0.003302707395138816,0.06763635088632114,0.05054011543006842,0.43581327443249934,0.421045362949,0.4326776400716692,0.4498279348474383
10945.216,1.8592565529808356,1.094892360706925,1.0675136495976427,0.2011958862311473,0.3863242027686337,0.2226636275098473,1.794523000717163,1.1171646118164062,1.113600492477417,0.18784929811954498,0.3768180310726166,0.21052618324756622,-0.011710654452700961,0.06744884380363272,0.04608684287977427,0.4354590957805362,0.421045362949,0.42826587788560977,0.4408970733892025
10945.237,1.8632466949965594,1.1026383920377363,1.071955839542685,0.19950710078183445,0.3873015665321115,0.22210949724726164,1.8037161827087402,1.1361024379730225,1.1241267919540405,0.17987537384033203,0.38068875670433044,0.21052618324756622,0.0009061936906829167,0.06828545289155,0.05217095241135561,0.4355498963175892,0.421045213938,0.43052233175829074,0.4548584746846166
10945.257,1.8672036617470973,1.1103938536481586,1.076388471277631,0.18842698813142933,0.36930769575512346,0.2110777016759487,1.8082131147384644,1.1456196308135986,1.1293898820877075,0.17987537384033203,0.38068875670433044,0.21052618324756622,0.0030158508953635477,0.06864142085260114,0.05300141081007648,0.4144936254159203,0.421045213938,0.4360650836380644,0.45897673565463
10945.277,1.8711252212203222,1.118161797711072,1.0807980181256596,0.2063978670093088,0.40883916120096253,0.2320814130512888,1.812889814376831,1.155517578125,1.1348636150360107,0.17987537384033203,0.38068875670433044,0.21052618324756622,0.005553259089774009,0.06896360093587328,0.05406559691035118,0.45786842270990624,0.421045213938,0.43603820927329656,0.45879414133470364
10945.296,1.875005396261295,1.1259443369869273,1.0851826061161893,0.19400875204440074,0.3891269637842692,0.21922939952170292,1.812889814376831,1.155517578125,1.1348636150360107,0.17987537384033203,0.38068875670433044,0.21052618324756622,-0.0028382841845204024,0.06873766250858428,0.04968100891982141,0.4346932951083148,0.421045213938,0.43356063679332857,0.4515369437175397
10945.316,1.8788485366138603,1.133749361275204,1.089582665808526,0.19215701762407505,0.3902512144053209,0.22000298461202725,1.812889814376831,1.155517578125,1.1348636150360107,0.17987537384033203,0.38068875670433044,0.21052618324756622,-0.011233263469960876,0.06854357807829818,0.045280949227484824,0.4348727801380926,0.421045213938,0.42935988279272236,0.4426274509518436
10945.337,1.882662533075969,1.1415912878714898,1.0940100964674238,0.19069982311861502,0.39209632984138665,0.22137153296019332,1.821502447128296,1.1742639541625977,1.1451793909072876,0.17182157933712006,0.3843914270401001,0.21052618324756622,0.0009608615677312582,0.06933351268141917,0.051169294439863844,0.4358846929406012,0.42104563117,0.4315029218197348,0.4560275337779702
10945.356,1.886454158479245,1.1494729174062177,1.098423212630744,0.1895812701596585,0.39408147672779453,0.22065580816119837,1.8259698152542114,1.184258222579956,1.1506530046463013,0.17182157933712006,0.3843914270401001,0.21052618324756622,0.003455577513799612,0.06968810670006673,0.05222979201555722,0.43718564912992586,0.42104563117,0.43397757718541385,0.4589620638617175
10945.377,1.8902236984100194,1.1573866521646703,1.1028252731099415,0.17950190145997685,0.37684451229577604,0.2096219275744394,1.830093502998352,1.193483591079712,1.1557056903839111,0.17182157933712006,0.3843914270401001,0.21052618324756622,0.005092675904694179,0.06994779518620504,0.05288041727396964,0.41729727391609894,0.42104563117,0.43986436840411075,0.46237938358752356
10945.397,1.8939699986362863,1.1653346926483505,1.1072275400361322,0.18731501130926057,0.39740202417533815,0.22011334630473156,1.830093502998352,1.193483591079712,1.1557056903839111,0.17182157933712006,0.3843914270401001,0.21052618324756622,-0.003383801517365413,0.06972171157661874,0.048478150347778914,0.4392177972368103,0.42104563117,0.43667025001331145,0.4518298093235913
10945.417,1.8976958755485167,1.1733368891987501,1.1116521232320986,0.1960987848706004,0.42116823952987453,0.23287279980714554,1.830093502998352,1.193483591079712,1.1557056903839111,0.17182157933712006,0.3843914270401001,0.21052618324756622,-0.011899943985655984,0.06952957431359591,0.04405356715181252,0.4644560051630101,0.42104563117,0.4282111659558904,0.44140353457550996
10945.436,1.9014062857542224,1.1813980243029074,1.1160997793868441,0.18552051028123687,0.4030567551990667,0.22238280773242167,1.8384814262390137,1.2127915620803833,1.1662319898605347,0.16369272768497467,0.38792237639427185,0.21052618324756622,0.0005678256895268984,0.0703190566858009,0.05013221047369054,0.4435826085373064,0.421045213938,0.42536761662452766,0.4563709674087613
10945.457,1.9050999099047656,1.1894950569496037,1.1205161702970552,0.18468120752312858,0.40485163232597576,0.22081954550573324,1.8425737619400024,1.222489595413208,1.1714950799942017,0.16369272768497467,0.38792237639427185,0.21052618324756622,0.0024933232189773384,0.0706536770951338,0.05097890969714647,0.44487467605128106,0.421045213938,0.42659718383717693,0.45879603385252
10945.476,1.9087585910367562,1.1975749714458375,1.1249311301929652,0.18293405659553327,0.4039957248028715,0.220747994790682,1.8466660976409912,1.2321877479553223,1.1767582893371582,0.16369272768497467,0.38792237639427185,0.21052618324756622,0.00445227536095873,0.07094856783550219,0.051827159144193,0.44338848958723165,0.421045213938,0.4284390549098742,0.46132781291393216
10945.496,1.9123665004451915,1.2055632598196167,1.129348344291934,0.1803954704342373,0.39941441871656735,0.2208607049637108,1.8466660976409912,1.2321877479553223,1.1767582893371582,0.16369272768497467,0.38792237639427185,0.21052618324756622,-0.003998332882490605,0.07077725362913777,0.04740994504522411,0.43819794016063485,0.421045213938,0.42529419366869653,0.4528327542539607
10945.517,1.9159131283217925,1.2134553118940383,1.1337942372263519,0.16888704173775462,0.3758120035324308,0.2117091873467723,1.8466660976409912,1.2321877479553223,1.1767582893371582,0.16369272768497467,0.38792237639427185,0.21052618324756622,-0.012335041294856519,0.07066754683128679,0.04296405211080634,0.4119721420332158,0.421045213938,0.42408917438844745,0.44563520796516926
10945.537,1.9193974851804834,1.221262454543046,1.1382854612846192,0.1833872030867455,0.410902244679576,0.2363802135901189,1.8546456098556519,1.2516679763793945,1.1872845888137817,0.15548989176750183,0.39128294587135315,0.21052618324756622,0.0004648016180592851,0.07153380372718234,0.04899912752916258,0.4499318679296101,0.421045660973,0.42021360753653636,0.4573346652907571
10945.556,1.9228328279213187,1.2290186047429241,1.1427881315450366,0.17176713703801796,0.38780750998544433,0.22513351301595563,1.8585329055786133,1.2614500522613525,1.1925477981567383,0.15548989176750183,0.39128294587135315,0.21052618324756622,0.0028176519045743052,0.07196068120274553,0.049759666611701725,0.4241186320092417,0.421045660973,0.42424209631718773,0.4618145228307956
10945.576,1.926221666671641,1.236765459046552,1.147299572331906,0.1694419375278248,0.38734271520816727,0.22557203935906092,1.8624200820922852,1.2712321281433105,1.1978108882904053,0.15548989176750183,0.39128294587135315,0.21052618324756622,0.005202485847198332,0.07232929983396663,0.05051131595849934,0.42275620022828303,0.421045660973,0.4291650089484219,0.46452497300309553
10945.597,1.9295701618003327,1.2444757874169412,1.151828659685262,0.16742475643093202,0.3855164185110454,0.22645436766286245,1.8624200820922852,1.2712321281433105,1.1978108882904053,0.15548989176750183,0.39128294587135315,0.21052618324756622,-0.0028756671764635505,0.0722271798712432,0.04598222860514323,0.4202842131222746,0.421045660973,0.43280126934812113,0.45583857333518407
10945.617,1.9328879657603038,1.2521576773288658,1.156393856546187,0.16589019799493174,0.38409449558784825,0.22825984304126992,1.8624200820922852,1.2712321281433105,1.1978108882904053,0.15548989176750183,0.39128294587135315,0.21052618324756622,-0.010913470045183227,0.07218347092025265,0.04141703174421818,0.41837814919534777,0.421045660973,0.431079534938767,0.4471927367481555
10945.637,1.9361813251040318,1.2598376321040008,1.1609629948069957,0.16466796718281052,0.3839977387483654,0.22845691303544452,1.8699878454208374,1.2908761501312256,1.2083371877670288,0.14721789956092834,0.39446941018104553,0.21052618324756622,0.002092912751596336,0.07307931355801064,0.04737419296003309,0.41781084483615566,0.421045392752,0.4360875648564286,0.4614201536672684
10945.657,1.939466550243096,1.2675232854211238,1.1655223779541388,0.16426125694962768,0.3842826658477624,0.2279691573521791,1.8736683130264282,1.3007378578186035,1.2136003971099854,0.14721789956092834,0.39446941018104553,0.21052618324756622,0.004581700719516697,0.07356374010941193,0.04807801915584653,0.4179169995347505,0.421045392752,0.44187198189544097,0.464281800374064
10945.676,1.9427370054385256,1.275263608977999,1.170073902268403,0.16352275978277575,0.3870161778705087,0.2275762157289404,1.877348780632019,1.3105995655059814,1.2188634872436523,0.14721789956092834,0.39446941018104553,0.21052618324756622,0.007029745256552016,0.07399211071946582,0.04878958497524932,0.4201440879891105,0.421045392752,0.44728954625696543,0.46686409254931927
10945.697,1.945986073804014,1.2830987966379919,1.174641134545666,0.16245341827087592,0.3917593829910945,0.2283616138581637,1.877348780632019,1.3105995655059814,1.2188634872436523,0.14721789956092834,0.39446941018104553,0.21052618324756622,-0.0011144851513423572,0.07393326873036528,0.044222352697986356,0.4241047535212098,0.421045392752,0.4507922771576619,0.4578020173582289
10945.716,1.9492307360678078,1.2910146520316124,1.1792626945561713,0.16223311318615027,0.3957927696723855,0.23107800052022046,1.877348780632019,1.3105995655059814,1.2188634872436523,0.14721789956092834,0.39446941018104553,0.21052618324756622,-0.009327793706054615,0.07391601056366975,0.03960079268748107,0.42775031392097534,0.421045392752,0.44812493071869564,0.44881555000796425
10945.738,1.9524703134277401,1.2990361000915687,1.1839278636293926,0.15426558857686348,0.3819737171622161,0.22215090826110442,1.8845012187957764,1.330398440361023,1.2293897867202759,0.1388815939426422,0.3974806070327759,0.21052618324756622,0.0034004383558417194,0.07477854793491245,0.04546192309088326,0.4119468765677319,0.421045035124,0.45457570875153674,0.4636153431656564
10945.756,1.9556837719228652,1.3072003968578936,1.1885804935604094,0.1691293944781964,0.42969982980130844,0.24487525952419834,1.8879733085632324,1.340335488319397,1.2346529960632324,0.1388815939426422,0.3974806070327759,0.21052618324756622,0.005489611084904301,0.07518314508368794,0.04607250250282302,0.4617743159157063,0.421045035124,0.4541772887189076,0.4629138688976593
10945.776,1.958863074618869,1.3154874815478366,1.1932179386184276,0.15896513479672317,0.4143542344881051,0.23187225289584967,1.891445279121399,1.350272536277771,1.239916205406189,0.1388815939426422,0.3974806070327759,0.21052618324756622,0.007479846605097332,0.0754931194021512,0.046698266787761344,0.4437729377538499,0.421045035124,0.4566974495825808,0.46621456240589404
10945.796,1.9619900441365958,1.3239009488855606,1.1978301002061142,0.15634847588292375,0.42067336687702156,0.23060807937929756,1.891445279121399,1.350272536277771,1.239916205406189,0.1388815939426422,0.3974806070327759,0.21052618324756622,-0.0011464973912879324,0.07530411699479722,0.04208610520007472,0.44872248357781525,0.421045035124,0.45277686034728276,0.4567465804219937
10945.817,1.9650577358057597,1.3324290179828742,1.2024370126196486,0.15338458345484565,0.4264034548563684,0.23034562067169165,1.891445279121399,1.350272536277771,1.239916205406189,0.1388815939426422,0.3974806070327759,0.21052618324756622,-0.009860198625484158,0.07509967647941775,0.03747919278654033,0.4530315822313895,0.421045035124,0.4464933507412845,0.4473216582933668
10945.837,1.9680944942657517,1.3410039185993887,1.2070613124985345,0.1446075457220196,0.40832860080932654,0.22020475614978396,1.898179531097412,1.3702175617218018,1.2504425048828125,0.13048326969146729,0.40031662583351135,0.21052618324756622,0.0024288657668661215,0.07573400577283981,0.043381192384277956,0.4330601623117817,0.421045452356,0.44965930041890845,0.46148528929205584
10945.857,1.9711059623601286,1.3495918596396255,1.211654204720106,0.15849832075473733,0.4519968968490267,0.2417311695534295,1.9014415740966797,1.3802255392074585,1.2557055950164795,0.13048326969146729,0.40031662583351135,0.21052618324756622,0.004194183175580492,0.07598656554598915,0.044051390296373505,0.4788664995313682,0.421045452356,0.44260275034021745,0.46076827108817664
10945.877,1.974086438932031,1.3582013913864737,1.2162244374652904,0.14192745580054736,0.40997770221836644,0.21763013071643222,1.9047036170959473,1.3902333974838257,1.260968804359436,0.13048326969146729,0.40031662583351135,0.21052618324756622,0.005950515119179101,0.07618803548048046,0.044744366894145626,0.43375076502278975,0.421045452356,0.446244901011471,0.4654220769892977
10945.897,1.9770457081178057,1.3668023666265443,1.2207743110063833,0.155751009775708,0.4526829073665917,0.2394670284756408,1.9047036170959473,1.3902333974838257,1.260968804359436,0.13048326969146729,0.40031662583351135,0.21052618324756622,-0.002797146370003306,0.07599057384067116,0.040194493353052696,0.4786444541108803,0.421045452356,0.43781405006522084,0.45374882187495136
10945.917,1.979970490205695,1.37539089691614,1.2253493235853505,0.14623910440457158,0.42942651450946306,0.22875062896417145,1.9047036170959473,1.3902333974838257,1.260968804359436,0.13048326969146729,0.40031662583351135,0.21052618324756622,-0.01152099816419169,0.07584634870658773,0.0356194807740855,0.4535768843176098,0.421045452356,0.43114285568155375,0.4461318596690452
10945.936,1.9828612783977384,1.383977065579312,1.229936107237667,0.1445394095990185,0.429308433149233,0.22933918261082265,1.9110164642333984,1.410315990447998,1.2714951038360596,0.12202775478363037,0.40297752618789673,0.2105274349451065,0.0008060055061801172,0.07651644686386608,0.04155899659839246,0.45292844950160616,0.421048283577,0.42726575378794246,0.4592946220316096
10945.957,1.9857111580903584,1.392524091610738,1.234496834059687,0.1424939846278877,0.42735130156197115,0.22803634109601248,1.9140671491622925,1.4203903675079346,1.2767583131790161,0.12202775478363037,0.40297752618789673,0.2105274349451065,0.00266302378456109,0.07682643849604331,0.042261479119329204,0.45043452146215535,0.421048283577,0.4279538829665198,0.4616661774644718
10945.977,1.9884880558107567,1.4010088155051625,1.2390681592262756,0.13884488601688694,0.42423619471196794,0.22856625832444322,1.9171178340911865,1.4304648637771606,1.2820215225219727,0.12202775478363037,0.40297752618789673,0.2105274349451065,0.004606459156276162,0.0770723547203824,0.0429533632956971,0.4463258823884258,0.421048283577,0.4295020559701726,0.4639909008013463
10945.997,1.9911804867267313,1.4094367535996148,1.2435986412511495,0.12821099600598668,0.4013303854726359,0.21573723929182043,1.9171178340911865,1.4304648637771606,1.2820215225219727,0.12202775478363037,0.40297752618789673,0.2105274349451065,-0.003890544671793051,0.07689162239938209,0.03842288127082316,0.4212442989255018,0.421048283577,0.428904164524026,0.45630712122217687
10946.016,1.9937779032976957,1.417818301590898,1.2480968744243603,0.13670613531223794,0.4411341047989738,0.2367491143766174,1.9171178340911865,1.4304648637771606,1.2820215225219727,0.12202775478363037,0.40297752618789673,0.2105274349451065,-0.01231725908259466,0.0767136681079064,0.03392464809761231,0.46171731850892295,0.421048283577,0.4213530689630803,0.44535559168541144
10946.036,1.9962863530432524,1.4261680551508897,1.2525930143795012,0.12542248727509986,0.4174876779904711,0.22480699775213622,1.9230064153671265,1.4506757259368896,1.2925478219985962,0.11351735889911652,0.40545332431793213,0.21052618324756622,0.0003509593738178496,0.07726870013588805,0.03995480761909498,0.435769156982026,0.421044647694,0.4236117627578438,0.45976255935340715
10946.056,1.9987220724527726,1.4345132032954682,1.257035557811552,0.12178597047334881,0.41725740721981364,0.2221271715976889,1.925844430923462,1.4608120918273926,1.2978109121322632,0.11351735889911652,0.40545332431793213,0.21052618324756622,0.0025221579552013144,0.07743656043587102,0.04077535432071122,0.43447450216132677,0.421044647694,0.4264948634223944,0.4619832603891721
10946.077,2.001103504491744,1.442875068049305,1.2614591164996949,0.11907160195680311,0.4180932377207404,0.22117793442243444,1.9286823272705078,1.4709484577178955,1.3030741214752197,0.11351735889911652,0.40545332431793213,0.21052618324756622,0.004693912978086745,0.07753005416319773,0.04161500497552484,0.4344973272537425,0.421044647694,0.429981116277743,0.4639766854677405
10946.096,2.0034485916552174,1.4512365697453458,1.2659154889072046,0.11725435817110906,0.418075084792913,0.22281862037062306,1.9286823272705078,1.4709484577178955,1.3030741214752197,0.11351735889911652,0.40545332431793213,0.21052618324756622,-0.0036404711566802445,0.07723535322146213,0.037158632568015104,0.4339919588201291,0.421044647694,0.427797037584424,0.4547964108141661
10946.117,2.0057503540884998,1.4596086662260717,1.2704141181423665,0.10960773491486737,0.3986712609747922,0.21422043976308117,1.9286823272705078,1.4709484577178955,1.3030741214752197,0.11351735889911652,0.40545332431793213,0.21052618324756622,-0.011971263037136678,0.07697246579129743,0.03266000333285324,0.413251464928503,0.421044647694,0.42667071113065946,0.44652881419400453
10946.137,2.0080165238646135,1.4680046563453506,1.2749320329105023,0.11927209347820754,0.44189421679873964,0.2377849877937066,1.934144139289856,1.4912787675857544,1.3136004209518433,0.10495691746473312,0.407754123210907,0.21052618324756622,0.000724135384149803,0.07744862222620223,0.038668388041340984,0.45746990482117234,0.421045571566,0.42219526684010106,0.4573812461921467
10946.156,2.0102540014213437,1.4763950898936784,1.2794148878371812,0.1118738778340683,0.41952167740723284,0.22414274632905148,1.9367680549621582,1.5014725923538208,1.3188636302947998,0.10495691746473312,0.407754123210907,0.21052618324756622,0.0029097067230472486,0.0775925193780082,0.039448742457618646,0.43397662008520205,0.421045571566,0.425229280027431,0.46066330799835215
10946.176,2.0124490375699846,1.4847858699791288,1.2838568348318522,0.10975180743963205,0.41953900430151697,0.22209734974890383,1.9393919706344604,1.5116664171218872,1.3241267204284668,0.10495691746473312,0.407754123210907,0.21052618324756622,0.005105045824660079,0.07767777900431909,0.040269885596614596,0.43344771791018527,0.421045571566,0.4287825275890763,0.46264862160906356
10946.196,2.014604290653769,1.493180783918295,1.2882697709039936,0.10776265418686182,0.4197456969491447,0.22064680360225564,1.9393919706344604,1.5116664171218872,1.3241267204284668,0.10495691746473312,0.407754123210907,0.21052618324756622,-0.003215156066629081,0.0773839420622382,0.03585694952447316,0.4331469071868784,0.421045571566,0.42669235946266343,0.45351716537531417
10946.217,2.0167142521654817,1.501591956286647,1.2927053658124663,0.10549807558333882,0.42055861840843034,0.22177974541879267,1.9393919706344604,1.5116664171218872,1.3241267204284668,0.10495691746473312,0.407754123210907,0.21052618324756622,-0.011539135064011989,0.07711730249598847,0.031421354616000485,0.43336266596620554,0.421045571566,0.42289052246753356,0.4443944135220715
10946.236,2.0187759877324685,1.5100242454542374,1.2971802680100577,0.10308677834708706,0.42161445837031264,0.22374510987468565,1.9444246292114258,1.5321072340011597,1.3346530199050903,0.09634997695684433,0.409872442483902,0.21052618324756622,0.001170670337325215,0.07755264294690048,0.03747275189503263,0.4337860013479105,0.421044826508,0.42559950278186687,0.45735593115539136
10946.256,2.0207891709785812,1.5184651516197862,1.3016340310394516,0.10065916231259626,0.4220453083066136,0.2226881514850891,1.9468334913253784,1.5423541069030762,1.3399162292480469,0.09634997695684433,0.409872442483902,0.21052618324756622,0.0033622202797990303,0.07764547773234634,0.03828219820859524,0.43361683092792247,0.421044826508,0.4287762353532365,0.4593223547129347
10946.277,2.0227650850692727,1.5269089818831334,1.3060986323220614,0.0987957045324146,0.42219151315814263,0.22323006412561366,1.9492422342300415,1.5526008605957031,1.3451793193817139,0.09634997695684433,0.409872442483902,0.21052618324756622,0.005562207863533609,0.07768361520289896,0.03908068705965251,0.43333395792789586,0.421044826508,0.43261928022993446,0.46114872447004773
10946.296,2.0247141559603685,1.5353485344642497,1.3105323045657113,0.09745354455266585,0.4219776290466033,0.22168361217766056,1.9492422342300415,1.5526008605957031,1.3451793193817139,0.09634997695684433,0.409872442483902,0.21052618324756622,-0.002750315666575843,0.07736982286621075,0.03464701481600252,0.4328445710348573,0.421044826508,0.43076167292293777,0.45194971888232627
10946.317,2.026637111699541,1.5438044378120181,1.3149813027690365,0.09614778695653488,0.42279516737919465,0.2224499101614002,1.9492422342300415,1.5526008605957031,1.3451793193817139,0.09634997695684433,0.409872442483902,0.21052618324756622,-0.011073370718283841,0.07710204000701705,0.030198016612677403,0.4333649669074913,0.421044826508,0.42705259945549323,0.4427919506759024
10946.336,2.028544202255033,1.5522885948374698,1.3194697075886195,0.0953545277811737,0.42420785130190636,0.22442024099466298,1.9538434743881226,1.5731431245803833,1.3557056188583374,0.08770137280225754,0.41181084513664246,0.21052618324756622,0.0016220922535216988,0.07754017649815684,0.036235911269717924,0.43459429876303735,0.421045958996,0.4297381172163416,0.4556981786753023
10946.357,2.0304253721378362,1.5607907203636682,1.323925922091965,0.094058494138117,0.4251062763006375,0.22281072516241382,1.9560359716415405,1.5834383964538574,1.360968828201294,0.08770137280225754,0.41181084513664246,0.21052618324756622,0.00378247151898432,0.07766848168782808,0.03704290610932892,0.43520299929734907,0.421045958996,0.4327772129485384,0.45769853855820974
10946.376,2.032278761428781,1.569269742205506,1.3284025466147793,0.09266946454522312,0.4239510920826359,0.22383122613582807,1.958228588104248,1.5937336683273315,1.3662320375442505,0.08770137280225754,0.41181084513664246,0.21052618324756622,0.005974702918916445,0.0777574097801504,0.03782949092947119,0.4338005681289099,0.421045958996,0.43645623727309385,0.45968618734404787
10946.397,2.034094652713186,1.5777223374074847,1.332877004835029,0.09079456421824939,0.4226297600897108,0.22372291100759714,1.958228588104248,1.5937336683273315,1.3662320375442505,0.08770137280225754,0.41181084513664246,0.21052618324756622,-0.002319896411123257,0.07750251968622708,0.03335503270922158,0.43212303206434627,0.421045958996,0.4346918829913798,0.4506359791142909
10946.416,2.0358701967450763,1.5861655161767958,1.3373795328511713,0.08877720160066183,0.42215893849473585,0.22512640082267965,1.958228588104248,1.5937336683273315,1.3662320375442505,0.08770137280225754,0.41181084513664246,0.21052618324756622,-0.010595820104183477,0.0772866412495004,0.028852504693079206,0.4312451648061103,0.421045958996,0.43138109353716136,0.4415952075103837
10946.437,2.037613648802594,1.594604689725026,1.3419135780160154,0.08717260287399288,0.42195867740229426,0.22670225823725781,1.9624754190444946,1.6147818565368652,1.3769688606262207,0.07901214808225632,0.41356560587882996,0.21052618324756622,0.002602877046959419,0.07775665028029541,0.035055282610205296,0.43073275691605606,0.42104563117,0.4348102596050962,0.4550518887353635
10946.457,2.039321893913561,1.6030560010817556,1.34641797972479,0.0854122555464806,0.4225655678272622,0.22522008543381045,1.964371681213379,1.6247073411941528,1.382021427154541,0.07901214808225632,0.41356560587882996,0.21052618324756622,0.004432150132301409,0.07788883718267976,0.03560344742975108,0.43097720889697594,0.42104563117,0.43876574636430127,0.45663352892753273
10946.477,2.0409907297098835,1.61151447519991,1.350922622544763,0.08344178981429747,0.42292370589848693,0.22523214099373828,1.9663469791412354,1.6350464820861816,1.3872846364974976,0.07901214808225632,0.41356560587882996,0.21052618324756622,0.00668519643869709,0.07797918309155416,0.03636201395273453,0.43094100480948666,0.42104563117,0.4427823931551059,0.4585364887583068
10946.496,2.042619215907326,1.619975001980018,1.355427642572864,0.08142430987775275,0.4230263390346459,0.22525100142061655,1.9663469791412354,1.6350464820861816,1.3872846364974976,0.07901214808225632,0.41356560587882996,0.21052618324756622,-0.0015766635973400705,0.07773106036710095,0.03185699392463359,0.43065443956782323,0.42104563117,0.44137953306469285,0.4493875818758649
10946.517,2.044201494245389,1.6284437462272683,1.359942164250705,0.07911391690143495,0.4234372123532669,0.22572608388712562,1.9663469791412354,1.6350464820861816,1.3872846364974976,0.07901214808225632,0.41356560587882996,0.21052618324756622,-0.009838076188268433,0.07751215323960062,0.027342472246792537,0.43061730113465324,0.42104563117,0.4383159714861057,0.44028455781309195
10946.537,2.045735581739652,1.6369596669052102,1.3644906844080342,0.07670437471146921,0.4257960338878025,0.22742600786149605,1.9700794219970703,1.6557642221450806,1.397810935974121,0.07028836756944656,0.41513675451278687,0.21052618324756622,0.002907984740842022,0.07790384733446362,0.03332025156608687,0.43247928810678504,0.421045094728,0.4417278177951267,0.453007156976556
10946.557,2.047244000089941,1.6455113579510257,1.3690123850602123,0.07542091751279974,0.4275845522814385,0.2260850326039676,1.9718366861343384,1.6661427021026611,1.403074026107788,0.07028836756944656,0.41513675451278687,0.21052618324756622,0.005099809182461605,0.07801222536118635,0.03406164104757581,0.43402478382994697,0.421045094728,0.4450310250979183,0.4548377605611973
10946.577,2.048720132865043,1.654080665932222,1.3735120761867543,0.07380663876019337,0.4284653990894348,0.22498455634265263,1.973593831062317,1.6765210628509521,1.4083372354507446,0.07028836756944656,0.41513675451278687,0.21052618324756622,0.007279829297418366,0.07806751386988615,0.034825159263990324,0.43462085797567235,0.421045094728,0.44886489874052043,0.45660792511709536
10946.596,2.050164733269554,1.662670573166658,1.378017176466098,0.07223002022398439,0.429495361712424,0.2252550139622681,1.973593831062317,1.6765210628509521,1.4083372354507446,0.07028836756944656,0.41513675451278687,0.21052618324756622,-0.0010760950317928609,0.07780604827908669,0.030320058984646625,0.4353775621278141,0.421045094728,0.44690306194957186,0.4473800707196516
10946.616,2.051592921888437,1.6712643665148392,1.3825324451526644,0.07140943094258838,0.4296896673996819,0.22576343432339085,1.973593831062317,1.6765210628509521,1.4083372354507446,0.07028836756944656,0.41513675451278687,0.21052618324756622,-0.00943400736676033,0.07760470688737474,0.02580479029808025,0.4354618661978221,0.421045094728,0.44324519152745545,0.43831818622660923
10946.637,2.0529992666710744,1.6798662529140551,1.3870707719812374,0.07031723913033251,0.43009431995140623,0.22691634142369815,1.9771355390548706,1.6989789009094238,1.4197056293487549,0.0615336112678051,0.41652435064315796,0.21052618324756622,0.004931155835840046,0.07807869224918593,0.03263485736751748,0.43570229744946065,0.421045035124,0.446454711682595,0.45290317844868466
10946.656,2.05438449038692,1.688466828744827,1.39159651146108,0.06926118579077908,0.43002879152920814,0.2262869739871898,1.978427767753601,1.7077258825302124,1.4241267442703247,0.0615336112678051,0.41652435064315796,0.21052618324756622,0.005411953647552635,0.078173177136535,0.03253023280924472,0.43548785357716663,0.421045035124,0.4497938751251338,0.453132843786232
10946.677,2.055741755853845,1.6970596195520296,1.3960926570825825,0.0678632733509378,0.42963954038982455,0.22480728109066242,1.9799660444259644,1.7181389331817627,1.4293898344039917,0.0615336112678051,0.41652435064315796,0.21052618324756622,0.00758739046330403,0.07828618914891358,0.033297177321409244,0.43489535044352584,0.421045035124,0.4536572101759524,0.4551014579567084
10946.697,2.0570506694239765,1.705658352852014,1.4005565777941864,0.06544567850514192,0.4299366649898352,0.22319603557532572,1.9799660444259644,1.7181389331817627,1.4293898344039917,0.0615336112678051,0.41652435064315796,0.21052618324756622,-0.0007594088404472947,0.0780847462355134,0.02883325660980529,0.43480929444291144,0.421045035124,0.45184769620651716,0.44611640022960564
10946.716,2.0583170860705566,1.7142818845287247,1.4050221519672823,0.0633208323276236,0.43117658382612356,0.22327870864992122,1.9799660444259644,1.7181389331817627,1.4293898344039917,0.0615336112678051,0.41652435064315796,0.21052618324756622,-0.009124998953601733,0.07791339387551606,0.024367682436709392,0.4357144875986091,0.421045035124,0.44822690446858665,0.43716399600871536
10946.737,2.0595518876387193,1.7229646804586434,1.4095017528899807,0.06174007840678691,0.43413979648645956,0.2239800461300305,1.982875943183899,1.7394131422042847,1.440126657485962,0.05275142565369606,0.4177284240722656,0.21052618324756622,0.003921105596745333,0.07832226556181647,0.030624904595981217,0.4384199682992749,0.4210460186,0.4509922555918299,0.45032600505013987
10946.757,2.0607713618398718,1.7317037476478796,1.413953438207739,0.05807020005813685,0.41614605665365434,0.21198501514324622,1.9841419458389282,1.7494386434555054,1.4451793432235718,0.05275142565369606,0.4177284240722656,0.21052618324756622,0.005547642976820736,0.07845901849599403,0.031225905015832778,0.42010861047277254,0.4210460186,0.45652617476180973,0.4527245539328368
10946.778,2.0619768839041708,1.7404849357020993,1.4183801074070843,0.06344852969917117,0.46216779232168803,0.23298258943637193,1.9854607582092285,1.759881854057312,1.4504424333572388,0.05275142565369606,0.4177284240722656,0.21052618324756622,0.00755485502577938,0.07857405486916433,0.03206232595015446,0.46644312111111197,0.4210460186,0.4559677144416333,0.4527030415908313
10946.796,2.0631494477033225,1.749294776938756,1.4227813540365402,0.05862818995630828,0.44049206182321615,0.22006233146798881,1.9854607582092285,1.759881854057312,1.4504424333572388,0.05275142565369606,0.4177284240722656,0.21052618324756622,-0.0009858318273103291,0.07840055365131213,0.02766107932069861,0.44432181791189207,0.4210460186,0.45294917866821877,0.4448454025491933
10946.817,2.0642891549239186,1.7581367765300824,1.4271518966319774,0.05698536102856047,0.44209997955667374,0.21852712976709163,1.9854607582092285,1.759881854057312,1.4504424333572388,0.05275142565369606,0.4177284240722656,0.21052618324756622,-0.009557255373137206,0.07826634202463564,0.02329053672526138,0.4457042414744243,0.4210460186,0.44785407685406065,0.4361033478680471
10946.836,2.0653839538172134,1.767018676423085,1.4314935696049336,0.05473994466852268,0.44409499468083147,0.2170836486628141,1.987922191619873,1.7812126874923706,1.4611793756484985,0.04394662752747536,0.4187477231025696,0.2105274349451065,0.0033007426934610444,0.07868227024319946,0.029685806043564966,0.44739385600508863,0.421047449112,0.44911822213730956,0.4493760568857841
10946.856,2.0664317714298788,1.7759252843564577,1.4358404761572952,0.05239088063212489,0.44533039665891,0.21734532761333505,1.9889768362045288,1.7912626266479492,1.4662319421768188,0.04394662752747536,0.4187477231025696,0.2105274349451065,0.004776588676076235,0.07881424528566593,0.030391466019523694,0.4483301415651661,0.421047449112,0.4505515827339772,0.45103360225876415
10946.876,2.067431638178453,1.7848553219168424,1.4401844135163788,0.049993337427630784,0.44650187800948804,0.21719686794944262,1.9900755882263184,1.8017313480377197,1.4714951515197754,0.04394662752747536,0.4187477231025696,0.2105274349451065,0.006657363491360993,0.07889510905736559,0.031310738003396565,0.44920992179518837,0.421047449112,0.4522421178453038,0.4529705796944732
10946.897,2.068375575585856,1.7937958537303047,1.4445685589620987,0.04719687036910621,0.4470265906633587,0.21920727228120795,1.9900755882263184,1.8017313480377197,1.4714951515197754,0.04394662752747536,0.4187477231025696,0.2105274349451065,-0.0019850484941313674,0.07867604255987147,0.02692659255767671,0.44941172653651024,0.421047449112,0.44815951579192137,0.4440490446563292
10946.917,2.0692670257525276,1.8027573652525537,1.4490060512549525,0.04457250833666554,0.4480755761434217,0.2218746146580283,1.9900755882263184,1.8017313480377197,1.4714951515197754,0.04394662752747536,0.4187477231025696,0.2105274349451065,-0.01063933868396279,0.07848019470643898,0.02248910026482287,0.45017164606286136,0.421047449112,0.4422274577735694,0.43509416074406204
10946.937,2.0701086057888287,1.8117684442595126,1.4534436726477216,0.04207900181413559,0.45055395033810813,0.22188106963360893,1.9920521974563599,1.8226896524429321,1.482021450996399,0.03512277826666832,0.41957855224609375,0.21052618324756622,0.0017069767835468132,0.0787982353876731,0.028577778348677363,0.4523818306415131,0.421046048403,0.4384727945364572,0.4475071317921274
10946.956,2.0709219876992107,1.8208012533434734,1.4578249823334979,0.0406690955182092,0.4516404541881851,0.2190654842840345,1.992930293083191,1.8331791162490845,1.4872846603393555,0.03512277826666832,0.41957855224609375,0.21052618324756622,0.003506863330313347,0.07888990954977124,0.02945967800585758,0.45334615768924347,0.421046048403,0.4389496756734126,0.44939081135320663
10946.977,2.071698909975601,1.8298486284858204,1.4621604298334707,0.03884611381867604,0.4523687571074753,0.21677237499390997,1.993808388710022,1.8436685800552368,1.492547869682312,0.03512277826666832,0.41957855224609375,0.21052618324756622,0.00529340925255458,0.07892974206780119,0.03038743984884129,0.4539137946091083,0.421046048403,0.43970781097921297,0.4512204562157884
10946.997,2.0724483252160124,1.8388663490574058,1.4665024557600908,0.037470762023153914,0.45088602861043303,0.2171012963460079,1.993808388710022,1.8436685800552368,1.492547869682312,0.03512277826666832,0.41957855224609375,0.21052618324756622,-0.0034106657207174885,0.07871256821857778,0.02604541392222126,0.4523369492357641,0.421046048403,0.4349305853497615,0.44243616120417917
10947.017,2.073171731986891,1.8478407259665288,1.4708644846668195,0.03617033854313874,0.4487188454463585,0.21810144533167758,1.993808388710022,1.8436685800552368,1.492547869682312,0.03512277826666832,0.41957855224609375,0.21052618324756622,-0.012069062423840241,0.07855116033386589,0.021683385015492496,0.45008872799078253,0.421046048403,0.4284158510801483,0.43377411663739524
10947.036,2.0738659187366246,1.8567926197123625,1.4752744126649961,0.03470933748592485,0.4475946872819158,0.22049639990401868,1.9953434467315674,1.8646637201309204,1.5030741691589355,0.026280926540493965,0.4202233850955963,0.21052618324756622,0.00034600249080611947,0.07891522738901775,0.027799756493939398,0.44886467758630766,0.421044379473,0.4250609085667002,0.4464909012584489
10947.057,2.074542497624226,1.8656750851825437,1.4797149297017076,0.033828944379327035,0.44412327349936187,0.22202585183072587,1.9960004091262817,1.8751693964004517,1.5083372592926025,0.026280926540493965,0.4202233850955963,0.21052618324756622,0.002311120630976049,0.07908008809144353,0.028622329590894946,0.44535929223589815,0.421044379473,0.42648939564177557,0.4486988406563579
10947.077,2.0751677881363424,1.8745238882738817,1.4841017412313224,0.0312645256079841,0.44244015459748537,0.2193405764959033,1.9966574907302856,1.8856749534606934,1.513600468635559,0.026280926540493965,0.4202233850955963,0.21052618324756622,0.0043112912136959464,0.07918096880980122,0.029498727404236647,0.4434855875023251,0.421044379473,0.42841654413156527,0.4507765444430343
10947.097,2.0757535196433885,1.8833205893666314,1.4885092124601083,0.027891976525154606,0.4188905282134024,0.2098795823167351,1.9966574907302856,1.8856749534606934,1.513600468635559,0.026280926540493965,0.4202233850955963,0.21052618324756622,-0.004154843648473976,0.07902190895167331,0.025091256175450827,0.4197656999440808,0.421044379473,0.42804653427741646,0.4428018039743285
10947.117,2.0762716414467652,1.8920896704930168,1.492916393963945,0.02726956859844144,0.4615305855935766,0.2319569212517195,1.9966574907302856,1.8856749534606934,1.513600468635559,0.026280926540493965,0.4202233850955963,0.21052618324756622,-0.012589352125038991,0.07887375863988533,0.02068407467161415,0.46225324183163724,0.421044379473,0.4204410297998372,0.4327175092341727
10947.137,2.0767197325560787,1.9008808087821083,1.497293326562498,0.022404555465182507,0.43955691444498063,0.2188466299228723,1.997750163078308,1.9066977500915527,1.5241267681121826,0.017429647967219353,0.420684814453125,0.21052618324756622,1.959772664822043e-06,0.07918351915557456,0.0268334415496847,0.4400153734261132,0.421045720577,0.4180891576808992,0.446057251027954
10947.156,2.077134622298084,1.9096469163093606,1.5016868327483963,0.02074448709982429,0.43830537635304595,0.2196753092901249,1.9981859922409058,1.9172148704528809,1.5293898582458496,0.017429647967219353,0.420684814453125,0.21052618324756622,0.0020981308493590164,0.07928277218136745,0.027703025497453293,0.4386915929447378,0.421045720577,0.42034802028594037,0.4481294598937917
10947.176,2.0774925508165856,1.9183836924592126,1.5060249416592424,0.017896425926305044,0.4368388075227961,0.21690544555729646,1.9986217021942139,1.927731990814209,1.5346530675888062,0.017429647967219353,0.420684814453125,0.21052618324756622,0.004223692766980543,0.07931054068632527,0.028628125929563764,0.4370811517992357,0.421045720577,0.42326110751367646,0.4501262749219873
10947.197,2.077810967094865,1.9270584899994656,1.5103766901043123,0.015920813913624637,0.43373987700318345,0.21758742224874622,1.9986217021942139,1.927731990814209,1.5346530675888062,0.017429647967219353,0.420684814453125,0.21052618324756622,-0.00410940422787058,0.0790854352946541,0.02427637748449385,0.4339097716966158,0.421045720577,0.42093693353905626,0.4413576954857892
10947.217,2.0780796150653065,1.93568313485628,1.514747053764627,0.013432398521779807,0.43123224283130496,0.21851818301096698,1.9986217021942139,1.927731990814209,1.5346530675888062,0.017429647967219353,0.420684814453125,0.21052618324756622,-0.012389884763042142,0.07888771365026648,0.019906013824179114,0.4313075396049378,0.421045720577,0.4173101539810577,0.4325906916631352
10947.237,2.0782761981971376,1.944303196304068,1.5191046714367553,0.009829156591341927,0.4310030723799942,0.21788088360165803,1.9992716312408447,1.9487732648849487,1.5451793670654297,0.008569949306547642,0.42095813155174255,0.21052637696266174,0.00038203945330079515,0.07913000163607518,0.02607469562867437,0.43093523374908427,0.421045362949,0.4203071399044087,0.4453118466046676
10947.256,2.078420666362978,1.9529195813512792,1.5234384268268049,0.007223408292522352,0.4308192523903381,0.21668776951745494,1.9994858503341675,1.9592971801757812,1.5504425764083862,0.008569949306547642,0.42095813155174255,0.21052637696266174,0.0026336584530976775,0.0791482330277871,0.02700414958158137,0.4306781858724614,0.421045362949,0.42379325969249254,0.44728295948434116
10947.277,2.0785150099766447,1.9615198167430277,1.527703911686214,0.004492553031609203,0.4095350186422028,0.2031183266323322,1.9997000694274902,1.9698212146759033,1.5557056665420532,0.008569949306547642,0.42095813155174255,0.21052637696266174,0.004898416364855697,0.07909939050664817,0.028001754855839334,0.40934836822528825,0.421045362949,0.4310714195397152,0.4499986657208636
10947.297,2.078580185874669,1.9700778878464495,1.5319737532669047,0.003258794901146366,0.4279035551617539,0.2134920790298784,1.9997000694274902,1.9698212146759033,1.5557056665420532,0.008569949306547642,0.42095813155174255,0.21052637696266174,-0.003318039692470952,0.07881071795407119,0.023731913275148564,0.4277076122343717,0.421045362949,0.42976815647965405,0.4403529961565029
10947.317,2.078628280270329,1.9786152838193227,1.536297100153461,0.0025312839820627307,0.4493366301457134,0.22754457297386663,1.9997000694274902,1.9698212146759033,1.5557056665420532,0.008569949306547642,0.42095813155174255,0.21052637696266174,-0.01151125844968538,0.07857791704960991,0.01940856638859212,0.4491565672107375,0.421045362949,0.4238071643556114,0.4309210442522108
10947.336,2.078657942762412,1.9871747802187736,1.5406680498663894,0.0014831246042538583,0.42797482000212533,0.2185474856615206,1.9999070167541504,1.9908714294433594,1.5662319660186768,-0.0002944793086498976,0.4210451543331146,0.21052637696266174,0.0013227008241376726,0.07882654391242924,0.02556391615228737,0.4278252727545109,0.42104524374,0.42723929507601993,0.44423091252927516
10947.357,2.078679444924117,1.9957538569010125,1.5450856856457387,0.0010751080852232225,0.4289538341025816,0.22088178896264274,1.9998996257781982,2.0013976097106934,1.5714951753616333,-0.0002944793086498976,0.4210451543331146,0.21052637696266174,0.0036166310331533997,0.07889887090706972,0.02640948971589463,0.4288397033928517,0.42104524374,0.43136897676158076,0.4461872084509928
10947.377,2.07867467444173,2.004357170632405,1.5495039534604094,-0.00023852411933956755,0.43016568656022725,0.22091339072871272,1.999892234802246,2.0119235515594482,1.5767583847045898,-0.0002944793086498976,0.4210451543331146,0.21052637696266174,0.005887327455912696,0.07892567574185791,0.027254431244180477,0.4300631008151956,0.42104524374,0.4353766103102719,0.4480145990259997
10947.397,2.078635475708321,2.012965460219349,1.5539140886478846,-0.0019599366704053556,0.4304144793378236,0.22050675936894876,1.999892234802246,2.0119235515594482,1.5767583847045898,-0.0002944793086498976,0.4210451543331146,0.21052637696266174,-0.0023710591856861392,0.0787144309538327,0.022844296056705238,0.4303200580408769,0.42104524374,0.43389381037281466,0.4390634265665365
10947.417,2.0785511644800407,2.0215745429265897,1.5583389155755534,-0.004215561414302968,0.4304541353917776,0.22124134639873094,1.999892234802246,2.0119235515594482,1.5767583847045898,-0.0002944793086498976,0.4210451543331146,0.21052637696266174,-0.010630103811145252,0.07853260307279492,0.01841946912903647,0.43036822173667666,0.42104524374,0.4307424074981563,0.43017228698915577
10947.437,2.0784149166805705,2.0302112853381598,1.562785048362109,-0.006812389973360825,0.43183712056907825,0.22230663932293257,1.9996559619903564,2.032973527908325,1.5872846841812134,-0.009156404994428158,0.42094624042510986,0.21052637696266174,0.0021312007635803073,0.07877855616357123,0.024499635819104304,0.4317686874952184,0.421045809984,0.4339633086366072,0.4427242852838031
10947.457,2.0782381935863485,2.0388703902270016,1.5671993714497132,-0.008836154710907566,0.43295524443263983,0.22071615437538944,1.999427080154419,2.043497323989868,1.5925477743148804,-0.009156404994428158,0.42094624042510986,0.21052637696266174,0.004343424386623753,0.0788272464381708,0.025348402865167152,0.4329206604438038,0.421045809984,0.4374688546942927,0.4445964263122768
10947.476,2.078023164844655,2.047547704147248,1.5716010323350407,-0.010751437084431513,0.433865696002844,0.22008304426156866,1.999198079109192,2.054020881652832,1.597810983657837,-0.009156404994428158,0.42094624042510986,0.21052637696266174,0.00653660638607585,0.078819851212594,0.026209951322796243,0.4338742072678202,0.421045809984,0.4412812295344428,0.44634818284913463
10947.497,2.0777708208705232,2.0562339376673373,1.5759923275245589,-0.012016379721245203,0.41363016764652416,0.20910929475069878,1.999198079109192,2.054020881652832,1.597810983657837,-0.009156404994428158,0.42094624042510986,0.21052637696266174,-0.0018047639536155641,0.0785831800825592,0.021818656133278047,0.4136870208146996,0.421045809984,0.4464903157284498,0.437968430491012
10947.517,2.0774722462340574,2.0649287219606722,1.5803848741002375,-0.015714454550643006,0.45762022595938817,0.23118666187499165,1.999198079109192,2.054020881652832,1.597810983657837,-0.009156404994428158,0.42094624042510986,0.21052637696266174,-0.010156814823377882,0.07837515761972236,0.01742610955759938,0.45774986574593457,0.421045809984,0.43959318915040485,0.4278992588928383
10947.537,2.077118069569038,2.07365393833652,1.5847905012966088,-0.01770883325057574,0.4362608187828551,0.22028135981375552,1.998518705368042,2.075061321258545,1.6083372831344604,-0.01801728829741478,0.420660138130188,0.21052637696266174,0.0025071424329540766,0.07857197347853062,0.023546781837851638,0.43646591390654255,0.421045809984,0.4420945748049447,0.44085113710002033
10947.557,2.0767224752500173,2.0824034971385315,1.5891587900357824,-0.018837824714702252,0.41664565722594754,0.2080137494781153,1.9980683326721191,2.0855777263641357,1.613600492477417,-0.01801728829741478,0.420660138130188,0.21052637696266174,0.00461789673649575,0.07858259925436467,0.024441702441634572,0.416921306321804,0.421045809984,0.44818247292329894,0.4433523189574504
10947.577,2.076290244113617,2.0911541671132037,1.5935003841779802,-0.022749007180858587,0.460561577652776,0.22850495487159256,1.9976178407669067,2.0960941314697266,1.618863582611084,-0.01801728829741478,0.420660138130188,0.21052637696266174,0.0067247205078826535,0.07853997982099344,0.02536319843310375,0.46095932933366557,0.421045809984,0.44822543295799205,0.44360649543704617
10947.596,2.0758194882141616,2.0999095394235887,1.5978504582777107,-0.023537794972258417,0.43776861550969615,0.21750370498177374,1.9976178407669067,2.0960941314697266,1.618863582611084,-0.01801728829741478,0.420660138130188,0.21052637696266174,-0.0016985921657621914,0.07827624023912717,0.021013124333373323,0.4382451350803842,0.421045809984,0.4457563366900045,0.435409325516377
10947.616,2.0753128284599014,2.1086855796858233,1.6022327255457105,-0.02533298771245855,0.4388020131021495,0.2191133633952092,1.9976178407669067,2.0960941314697266,1.618863582611084,-0.01801728829741478,0.420660138130188,0.21052637696266174,-0.010143178653835707,0.07805236452273312,0.016630857065373483,0.43938145527476474,0.421045809984,0.44142809792858184,0.4264482666210932
10947.636,2.0747660027298824,2.117474668665043,1.6066201379027765,-0.027341286500351333,0.4394544489513929,0.21937061784850997,1.9964957237243652,2.1171154975891113,1.6293898820877075,-0.026868555694818497,0.4201880991458893,0.21052637696266174,0.002444399361436639,0.07823292459843936,0.02276974418493105,0.4401517527720847,0.421046257019,0.44352273728309966,0.4388178746338165
10947.656,2.0741815892840476,2.126277641706802,1.6109751585661136,-0.02922067229110314,0.4401486520783386,0.21775103316210448,1.9958239793777466,2.127620220184326,1.634653091430664,-0.026868555694818497,0.4201880991458893,0.21052637696266174,0.004488965155052479,0.07824044183817652,0.023677932864550444,0.440967162023232,0.421046257019,0.4459141254727406,0.4406279353161352
10947.676,2.073559684968783,2.135090885233802,1.615296913472388,-0.03109521576538206,0.4406621763804744,0.21608774532865632,1.995125412940979,2.138545274734497,1.6401267051696777,-0.026868555694818497,0.4201880991458893,0.21052637696266174,0.006940188934157511,0.07820295143351214,0.024829791697289716,0.4416092249186456,0.421046257019,0.44870696414985384,0.4427795376923773
10947.697,2.0729061068876637,2.1438919285070996,1.6195920136179092,-0.031122765766632525,0.41909729871567175,0.20452857835191382,1.995125412940979,2.138545274734497,1.6401267051696777,-0.026868555694818497,0.4201880991458893,0.21052637696266174,-0.0015464333695940219,0.07794890378462888,0.02053469155176857,0.4201165125246545,0.421046257019,0.4530066360343181,0.4344957953329315
10947.717,2.0722013662744567,2.152716384532226,1.6239129434773099,-0.03709161122096769,0.4644450539483228,0.22741736101830215,1.995125412940979,2.138545274734497,1.6401267051696777,-0.026868555694818497,0.4201880991458893,0.21052637696266174,-0.01005903447474478,0.07771961631788732,0.01621376169236788,0.46575927574278053,0.421046257019,0.44539077929333576,0.42451478303383183
10947.737,2.0714485655583985,2.161590503973674,1.6282611844922665,-0.03764003580208893,0.44370597206270945,0.21741205074308823,1.9935520887374878,2.1595375537872314,1.6506531238555908,-0.035706643015146255,0.41953009366989136,0.21052637696266174,0.0024242852602950503,0.07788580452531393,0.022391939363324287,0.44513535758400263,0.421046853065,0.4467736090477584,0.4372928154127753
10947.758,2.070674282048033,2.1704793923593044,1.6325805637246877,-0.03871417552096003,0.4444444193122518,0.2159689616359884,1.9926952123641968,2.1696064472198486,1.6557056903839111,-0.035706643015146255,0.41953009366989136,0.21052637696266174,0.003943533168345997,0.07788418252843907,0.023125126659223394,0.44598680637979093,0.421046853065,0.44834232214720215,0.4386880737152109
10947.778,2.069853701888056,2.179384110927435,1.636879496010447,-0.04102900799795399,0.44523592839681025,0.21494661428326675,1.991802453994751,2.1800947189331055,1.6609688997268677,-0.035706643015146255,0.41953009366989136,0.21052637696266174,0.005863177544710237,0.07783396052186381,0.024089403716420765,0.44697346668762306,0.421046853065,0.45015688182711655,0.4403854866606526
10947.809,2.069004334694994,2.1882885894380095,1.6411675872964122,-0.02573839979018384,0.2698326821431434,0.1299421601829441,1.991802453994751,2.1800947189331055,1.6609688997268677,-0.035706643015146255,0.41953009366989136,0.21052637696266174,-0.002745279585539687,0.0775869405087152,0.019801312430455464,0.27097458576516165,0.421046853065,0.49098406253215277,0.43626290886410757
10947.816,2.06812691656274,2.1971924309926285,1.6454715738363856,-0.1253454474393453,1.2719773646864334,0.6148552198709427,1.991802453994751,2.1800947189331055,1.6609688997268677,-0.035706643015146255,0.41953009366989136,0.21052637696266174,-0.01135581001019522,0.07738734342885173,0.015497325890482028,1.2777839952334415,0.421046853065,0.4482209827666365,0.40636472326857254
10947.836,2.067138190310233,2.2062442450809368,1.6497782173379583,-0.049436312628767645,0.45259070444669586,0.21533217509351488,1.98979651927948,2.201050043106079,1.6714951992034912,-0.04453176632523537,0.4186811149120331,0.21052512526512146,0.0009242330178934376,0.07751038385476777,0.021716981865532947,0.45508029142309414,0.421042710543,0.44389733573057444,0.4347415346221167
10947.857,2.0661141313671516,2.2153813104553794,1.6539778460665746,-0.051202947152943275,0.4568532687121628,0.2099814364262338,1.9886832237243652,2.211517095565796,1.6767582893371582,-0.04453176632523537,0.4186811149120331,0.21052512526512146,0.002582541563079183,0.07748424416727287,0.022780443270583595,0.45952788723880256,0.421042710543,0.43905278504284057,0.4364424133376162
10947.876,2.0650479830091886,2.224528908527043,1.6581219973062635,-0.053307417896988264,0.4573799035732046,0.2072075619799231,1.9875699281692505,2.2219841480255127,1.6820213794708252,-0.04453176632523537,0.4186811149120331,0.21052512526512146,0.004222163478748986,0.07740476809182571,0.023899382164561667,0.4602862657359753,0.421042710543,0.4348794661765128,0.43818859731206183
10947.896,2.0639372946971393,2.233650345498872,1.662233409361973,-0.055534415601252884,0.4560718485814888,0.2055706027809893,1.9875699281692505,2.2219841480255127,1.6820213794708252,-0.04453176632523537,0.4186811149120331,0.21052512526512146,-0.004644379396997683,0.07711358229202601,0.019787970108852138,0.45923745953034306,0.421042710543,0.42884606343942566,0.42950099143752596
10947.917,2.062846992704606,2.242592611324322,1.6663294904603787,-0.054515099630430074,0.44711329130339916,0.20480405493443868,1.9875699281692505,2.2219841480255127,1.6820213794708252,-0.04453176632523537,0.4186811149120331,0.21052512526512146,-0.013333970140402482,0.07689961277466426,0.01569188901044649,0.4502746154498951,0.421042710543,0.42231950250273276,0.42122373196459584
10947.936,2.0617201499877806,2.251405419232914,1.6705127928017083,-0.05634213584003985,0.4406403954199741,0.20916511706191315,1.9851232767105103,2.2428925037384033,1.6925476789474487,-0.053334083408117294,0.4176536798477173,0.21052637696266174,-0.0008453090653014941,0.07706384482138828,0.02203488614574045,0.44406041664327744,0.421045273542,0.4191723257906775,0.43391864856951456
10947.964,2.0605813363309267,2.2600968120277916,1.67471876299212,-0.04217828358711612,0.32190343684680317,0.1557766737187037,1.983736515045166,2.253751516342163,1.698021411895752,-0.053334083408117294,0.4176536798477173,0.21052637696266174,0.001660472025808971,0.07708846975021656,0.023302648903631873,0.3245421270718023,0.421045273542,0.4436205305259449,0.44020251282367845
10947.976,2.0594003355548445,2.268696153315914,1.6789059020798505,-0.09084621353898714,0.6614877913518289,0.32208762211255587,1.9824565649032593,2.26377534866333,1.7030739784240723,-0.053334083408117294,0.4176536798477173,0.21052637696266174,0.0034100878597855093,0.07702551175617842,0.0241680763442218,0.6674281512826934,0.421045273542,0.4217644323135958,0.4306969997981538
10947.997,2.0581599088731783,2.2772981558958216,1.6831440235989161,-0.05906793722551204,0.40961917049478286,0.2018153104430259,1.9824565649032593,2.26377534866333,1.7030739784240723,-0.053334083408117294,0.4176536798477173,0.21052637696266174,-0.004950338761869233,0.07674214454794537,0.019929954825156138,0.41365897611388,0.421045273542,0.42205820433687885,0.42992027691794477
10948.017,2.0568985444730536,2.2858891712414664,1.6873618186441521,-0.06638760000574953,0.45215870239681544,0.22198921290443788,1.9824565649032593,2.26377534866333,1.7030739784240723,-0.053334083408117294,0.4176536798477173,0.21052637696266174,-0.013306028006250817,0.07650868636948253,0.015712159779920132,0.4568113133838911,0.421045273542,0.41498056822222473,0.4201700361870422
10948.036,2.0555837104324426,2.294494013417153,1.691527171425981,-0.06574170202911785,0.4302421087749376,0.20826763908689572,1.9795702695846558,2.284627676010132,1.7136003971099854,-0.062115054577589035,0.41643771529197693,0.21052637696266174,-0.0006396302916827253,0.07664840948407953,0.022073225684004383,0.4350281083047697,0.421044707298,0.41312790137855243,0.4332819297343608
10948.057,2.054248594416036,2.3030795135503848,1.6956449407208933,-0.06675580081888235,0.42927500665221896,0.20588846474112418,1.9780173301696777,2.2950387001037598,1.7188634872436523,-0.062115054577589035,0.41643771529197693,0.21052637696266174,0.001514434111117147,0.07663919897026965,0.02321854652275901,0.43424649198856974,0.421044707298,0.41581831862965235,0.4354668678642678
10948.076,2.052916857790222,2.3115576306737076,1.6996791597473497,-0.06658683129528513,0.42390585619544124,0.20171095133676248,1.9764645099639893,2.3054497241973877,1.7241266965866089,-0.062115054577589035,0.41643771529197693,0.21052637696266174,0.0037688909519513637,0.07660328629151014,0.024447536839259154,0.428948183028256,0.421044707298,0.41970353758833956,0.43788249909483756
10948.097,2.051563955841892,2.319919545596739,1.7037432643941604,-0.06442390229946636,0.39818642489411654,0.19352879269936688,1.9764645099639893,2.3054497241973877,1.7241266965866089,-0.062115054577589035,0.41643771529197693,0.21052637696266174,-0.0043872777989612186,0.07635479222689252,0.020383432192448536,0.40321240667482416,0.421044707298,0.42584264281791584,0.43005589861325844
10948.117,2.0501990779989976,2.328202078478808,1.7078755128187797,-0.06824389214323631,0.4141266440944124,0.20661242122645732,1.9764645099639893,2.3054497241973877,1.7241266965866089,-0.062115054577589035,0.41643771529197693,0.21052637696266174,-0.012463072568840997,0.0761520056912511,0.01625118376782919,0.41956741495163324,0.421044707298,0.42376959074635984,0.4210611116272737
10948.137,2.0488201573535294,2.336447796901735,1.7121084311029777,-0.07257477081322564,0.43398518014873366,0.22278517284979774,1.9731398820877075,2.3262367248535156,1.7346529960632324,-0.07086861878633499,0.4150407314300537,0.21052637696266174,0.0005496924884758839,0.07636404844462223,0.022544564960254698,0.4398808318329675,0.421047717333,0.4254660083744096,0.4334218579123854
10948.156,2.0474106173803444,2.3447044313707255,1.716388531215183,-0.07047699865771402,0.41283172344051366,0.21400500560559144,1.9713681936264038,2.3366127014160156,1.739916205406189,-0.07086861878633499,0.4150407314300537,0.21052637696266174,0.00302599194924668,0.07641184251643789,0.023527674191005987,0.4186887210126187,0.421047717333,0.43037349321439555,0.43625446799144874
10948.176,2.045951629623159,2.3530020980047217,1.7206637499499255,-0.07294938786430924,0.4148833317284887,0.21376093675190397,1.9695963859558105,2.3469886779785156,1.745179295539856,-0.07086861878633499,0.4150407314300537,0.21052637696266174,0.005454360763104082,0.07639721463887048,0.02451554558993041,0.4211247126006888,0.421047717333,0.43568530791644505,0.43820217255370686
10948.197,2.044440301420471,2.3613450326493544,1.7249281886279915,-0.07196800964961314,0.3972826021132512,0.20306850847313793,1.9695963859558105,2.3469886779785156,1.745179295539856,-0.07086861878633499,0.4150407314300537,0.21052637696266174,-0.0026959518504648446,0.0761606751882895,0.02025110691186449,0.403621584189462,0.421047717333,0.4421138933533491,0.4298518088967425
10948.216,2.042869195341387,2.3697399702668402,1.7291598393024041,-0.08268979363498409,0.441838821967527,0.22271845654530592,1.9695963859558105,2.3469886779785156,1.745179295539856,-0.07086861878633499,0.4150407314300537,0.21052637696266174,-0.010911299621776187,0.07594385713543686,0.016019456237451823,0.4493503326246541,0.421047717333,0.43647022320906265,0.4200290880328592
10948.236,2.041238985680061,2.3781980403979857,1.733383764146656,-0.08151048306452573,0.42290350654803954,0.21119624220798686,1.9658349752426147,2.367701292037964,1.7557055950164795,-0.07958994805812836,0.41345515847206116,0.21052637696266174,0.0018474877889437663,0.07610869401752883,0.022321830869823422,0.4305204205133808,0.421045988798,0.4397333818932683,0.4331337049319294
10948.257,2.0395657200904647,2.386718699115024,1.7375773717285328,-0.0836632794856005,0.42603293588137575,0.2096803791083285,1.963845133781433,2.378037691116333,1.760968804359436,-0.07958994805812836,0.41345515847206116,0.21052637696266174,0.004009740626949244,0.07611103120416533,0.023391432630903264,0.434010260542821,0.421045988798,0.44310252483930707,0.4351164783942397
10948.276,2.0378612224233636,2.395278917564796,1.7417635997672507,-0.08522488335319035,0.4280109224792438,0.20931140193132777,1.961855411529541,2.388374090194702,1.766231894493103,-0.07958994805812836,0.41345515847206116,0.21052637696266174,0.006127134638527446,0.07607245330446286,0.024468294725852324,0.4362705924722011,0.421045988798,0.44625286013741594,0.437026962128723
10948.297,2.0361375975025386,2.4038405972512016,1.7459520747227437,-0.08618124603936918,0.428083984310938,0.2094237477700795,1.961855411529541,2.388374090194702,1.766231894493103,-0.07958994805812836,0.41345515847206116,0.21052637696266174,-0.002285334880413303,0.07584084149018996,0.02027981977035931,0.43655212037589275,0.421045988798,0.44371222714718395,0.4283286889413914
10948.317,2.0343967271478416,2.412383990176826,1.7501520280318723,-0.08704351773295277,0.42716964627189824,0.2099976654518457,1.961855411529541,2.388374090194702,1.766231894493103,-0.07958994805812836,0.41345515847206116,0.21052637696266174,-0.010683698328871626,0.07566093020048825,0.01607986646123072,0.435845533058854,0.421045988798,0.4399025346045259,0.4197693960335342
10948.336,2.03263594899953,2.4209043299556767,1.7543704907734223,-0.0880389074216628,0.4260169889719817,0.21092313709208044,1.9576587677001953,2.4090027809143066,1.7767583131790161,-0.0882754996418953,0.411685973405838,0.21052637696266174,0.0019851240385157544,0.07588994576180137,0.022387822405593782,0.43492989922572806,0.421043813229,0.44256887874815476,0.43259586945020495
10948.357,2.030855864408683,2.4293967737819093,1.7585672832596346,-0.08900422954040155,0.42462219130236134,0.2098396243060345,1.9554518461227417,2.419294834136963,1.782021403312683,-0.0882754996418953,0.411685973405838,0.21052637696266174,0.004151254669353349,0.07596434849932503,0.023454120053048477,0.4337728841183936,0.421043813229,0.44583459674646375,0.4348915545235765
10948.377,2.029056337344211,2.4378667021609655,1.7627490910498667,-0.08569176497225266,0.4033299227998995,0.19913370429069172,1.953244924545288,2.4295871257781982,1.7872846126556396,-0.0882754996418953,0.411685973405838,0.21052637696266174,0.006335499857463641,0.07599857325767928,0.024535521605772992,0.4122701360010391,0.421043813229,0.45289070402113224,0.43779476766562403
10948.397,2.027245286098368,2.4463189765853777,1.7669599298443013,-0.09531848662215466,0.4448565486478228,0.22162309444121175,1.953244924545288,2.4295871257781982,1.7872846126556396,-0.0882754996418953,0.411685973405838,0.21052637696266174,-0.001987700609146402,0.07584231924004325,0.020324682811338368,0.45490321545142925,0.421043813229,0.44820425049964113,0.4279780950025792
10948.428,2.0254112458888294,2.4547837277761535,1.7711970756976447,-0.05731375654943276,0.2645234747179999,0.1324108079201139,1.9486149549484253,2.450122833251953,1.7978109121322632,-0.09692168980836868,0.40974071621894836,0.21052637696266174,0.010719613565441568,0.07618716509344937,0.026613836434618454,0.27063853070060956,0.421047836542,0.4921407541198554,0.44758621199815907
10948.436,2.023530581020444,2.4632967404606205,1.7754799455440253,-0.23508310855375422,1.0641265855835413,0.5353587308102344,1.9486149549484253,2.450122833251953,1.7978109121322632,-0.09692168980836868,0.40974071621894836,0.21052637696266174,0.002328248484618779,0.07602948191260381,0.022330966588237855,1.089695685111472,0.421047836542,0.45488162226434053,0.41386648906550244
10948.457,2.021557814989475,2.471971313474095,1.7797559456959227,-0.09863830154628404,0.43372865066425853,0.2138000075901997,1.9461919069290161,2.4603662490844727,1.8030741214752197,-0.09692168980836868,0.40974071621894836,0.21052637696266174,0.004281451993464408,0.07613387410405761,0.023318175779297068,0.4447556178736952,0.421047836542,0.45663962825371995,0.4348082063642916
10948.476,2.019526300673549,2.480780825631027,1.7839989468744442,-0.10157571579408102,0.44047560783697637,0.21215005892144417,1.9437689781188965,2.4706099033355713,1.8083372116088867,-0.09692168980836868,0.40974071621894836,0.21052637696266174,0.006088939074138041,0.07619412314569483,0.02433826473444256,0.45199499956986056,0.421047836542,0.4577483303448605,0.4366166065381768
10948.497,2.0174397345790047,2.4896520788821905,1.788241345162936,-0.10432830473443055,0.4435626625888432,0.21211991443925318,1.9437689781188965,2.4706099033355713,1.8083372116088867,-0.09692168980836868,0.40974071621894836,0.21052637696266174,-0.002700368805389708,0.07604401893158805,0.02009586644595074,0.45562489670252715,0.421047836542,0.45232091879474634,0.42794313440280524
10948.517,2.0152982458287063,2.4985654732726825,1.7924997180385702,-0.10707443751258297,0.44566971951487155,0.21291864377706454,1.9437689781188965,2.4706099033355713,1.8083372116088867,-0.09692168980836868,0.40974071621894836,0.21052637696266174,-0.011542649840433593,0.07592573519085277,0.015837493570316497,0.45830641637915576,0.421047836542,0.4453660350291586,0.419374800199365
10948.536,2.013156290153045,2.507401970196274,1.7967574577500165,-0.1070977837807234,0.4418248461699396,0.2128869855676668,1.938707709312439,2.49104380607605,1.8188635110855103,-0.10552623122930527,0.40760672092437744,0.21052637696266174,0.0007373687180346894,0.07622097486872052,0.02210605333549376,0.4545878413357995,0.421045154333,0.4410364084579862,0.43208362055642235
10948.557,2.010987033355219,2.516154972044589,1.800985518043875,-0.1084628398889315,0.4376500924061893,0.21140301468830908,1.9359639883041382,2.5016415119171143,1.8243372440338135,-0.10552623122930527,0.40760672092437744,0.21052637696266174,0.002986745481536277,0.07635559681540602,0.02335172598993851,0.4508533727200212,0.421045154333,0.4416866121879899,0.4348438337640783
10948.577,2.0087959458596987,2.524847602331386,1.8051882793716,-0.10955437478359449,0.43463151436988734,0.21013806640078128,1.9334313869476318,2.5114240646362305,1.8293898105621338,-0.10552623122930527,0.40760672092437744,0.21052637696266174,0.004447058963008439,0.07642140911317444,0.0242015311905337,0.44819101739452316,0.421045154333,0.4430051448120626,0.4366540398963467
10948.597,2.0066003603873397,2.5334666532029857,1.8093682140781566,-0.10455168915676392,0.41043099387318865,0.1990445098299565,1.9334313869476318,2.5114240646362305,1.8293898105621338,-0.10552623122930527,0.40760672092437744,0.21052637696266174,-0.004127323302031617,0.07630556721042331,0.020021596483977167,0.4235132850346787,0.421045154333,0.44201004470716915,0.4289457573911643
10948.617,2.004375532091587,2.5420287333865588,1.8135779403277654,-0.11124141478521576,0.4281040091693091,0.21048631247584568,1.9334313869476318,2.5114240646362305,1.8293898105621338,-0.10552623122930527,0.40760672092437744,0.21052637696266174,-0.012651899078048638,0.07622103993808235,0.015811870234368364,0.4422918474027237,0.421045154333,0.43671806795291895,0.4200865323770675
10948.637,2.002111338044247,2.550556293247977,1.817818560853318,-0.11916810775326578,0.4488189400691351,0.22319055397371332,1.927941083908081,2.5317466259002686,1.8399162292480469,-0.11408428847789764,0.4052940309047699,0.21052637696266174,-0.0001027589201347337,0.07651809998267874,0.02209766839472893,0.46433367584563323,0.421044498682,0.431153714845222,0.43227485782155706
10948.657,1.9997969439112948,2.559081040345396,1.8220478126714388,-0.1157197066450842,0.426237354861647,0.21146259090142613,1.9250890016555786,2.541879177093506,1.8451793193817139,-0.11408428847789764,0.4052940309047699,0.21052637696266174,0.0019118557307445626,0.07663892968384259,0.023131506710275085,0.44162418219982696,0.421044498682,0.43288926194596455,0.43522572164050666
10948.677,1.9974390784876659,2.567598719033011,1.8262719786091308,-0.11227930589339373,0.4056037470520673,0.20115075894900641,1.9222368001937866,2.552011489868164,1.8504425287246704,-0.11408428847789764,0.4052940309047699,0.21052637696266174,0.0039227230172534,0.0767004342735909,0.02417055011553959,0.4208127645577992,0.421044498682,0.43820108637896515,0.4380441297463475
10948.696,1.9950302187884015,2.5760974222937634,1.8305049640156734,-0.12678208943341532,0.4473001716130552,0.22278870560477515,1.9222368001937866,2.552011489868164,1.8504425287246704,-0.11408428847789764,0.4052940309047699,0.21052637696266174,-0.004584931863235192,0.07653752237504717,0.01993756470899699,0.46485739925273933,0.421044498682,0.43171379295397294,0.4281641690852803
10948.72,1.9925595918313161,2.5845861616332746,1.8347679755771895,-0.10741856335513818,0.36907562346938566,0.18534832876778456,1.9193742275238037,2.562140703201294,1.8557056188583374,-0.11834544688463211,0.40407881140708923,0.21052631735801697,-0.00257269552616678,0.07650671467769823,0.02093764328114789,0.38431862745983775,0.421052634716,0.44190833819891473,0.43225796892305784
10948.737,1.9900542657075562,2.593055221104965,1.839063817715312,-0.14737212491280252,0.49817996887478416,0.2526965963357048,1.9193742275238037,2.562140703201294,1.8557056188583374,-0.11834544688463211,0.40407881140708923,0.21052631735801697,-0.011074211480397372,0.07634616594800649,0.01664180114302538,0.5194234970490074,0.421052634716,0.42770441120651365,0.42027768864694004
10948.757,1.9874897686222568,2.6015356847573976,1.843374863705071,-0.12822485427383198,0.4240231826509337,0.21555229950285262,1.913255214691162,2.5822842121124268,1.866231918334961,-0.12258979678153992,0.40280506014823914,0.21052637696266174,0.0014443982160459654,0.0766766060160604,0.02285705462988985,0.4428883507980969,0.42104652524,0.4290963404246814,0.43477177718953625
10948.777,1.9848864958116603,2.6100205836253996,1.8476396049466652,-0.13016364052698223,0.42424494339083796,0.213237062075053,1.910190463066101,2.5923542976379395,1.8714951276779175,-0.12258979678153992,0.40280506014823914,0.21052637696266174,0.00342234913693815,0.07668039185411932,0.023855522731252243,0.4436673701360587,0.42104652524,0.4308500186308173,0.43667566799905966
10948.796,1.9822845547650365,2.618464023036574,1.8518979866457483,-0.1300970523283509,0.42217197054950056,0.21291908494950756,1.910190463066101,2.5923542976379395,1.8714951276779175,-0.12258979678153992,0.40280506014823914,0.21052637696266174,-0.005085001828459491,0.07650763736184231,0.01959714103216914,0.44169266627972625,0.42104652524,0.42716732246799494,0.428102527865053
10948.817,1.9796528725235958,2.626858081077235,1.856144876773894,-0.1253182019804018,0.39971704957772985,0.20223286325638007,1.9071153402328491,2.602421283721924,1.876758337020874,-0.12682552635669708,0.4014979302883148,0.21052631735801697,-0.003029931622500426,0.07648313650850515,0.020613460246980075,0.41882999167213575,0.421052604914,0.4312992257347632,0.43064307688167547
10948.837,1.9769718048834706,2.635214173118306,1.8603675619448587,-0.14110882316275566,0.4397943179457051,0.22224658794279242,1.9071153402328491,2.602421283721924,1.876758337020874,-0.12682552635669708,0.4014979302883148,0.21052631735801697,-0.011480694797260455,0.07631181360326214,0.016390775076015274,0.4617764965599217,0.421052604914,0.4239040103243381,0.4210067715289409
10948.857,1.9742433723272244,2.6435399991049535,1.8646015250588484,-0.13642162780933315,0.41629129932329634,0.21169815569485922,1.900573492050171,2.6224312782287598,1.8872846364974976,-0.1310429573059082,0.40013474225997925,0.21052637696266174,0.0011303484843905379,0.07662605085327237,0.022683111438649206,0.43795995215429906,0.421046406031,0.4259958916988684,0.434473155053108
10948.877,1.9714413228789749,2.6518662037230087,1.868781502519984,-0.14010247240941517,0.4163102308936739,0.20899887305222511,1.8972975015640259,2.632434606552124,1.8925477266311646,-0.1310429573059082,0.40013474225997925,0.21052637696266174,0.003192992268604339,0.07658131631257885,0.023766224111180456,0.43909678048758083,0.421046406031,0.4284591041702272,0.43639426323139985
10948.896,1.9685561843290578,2.660202141858613,1.8729537443606499,-0.14425692749270724,0.41679690677110576,0.20861209202873546,1.8972975015640259,2.632434606552124,1.8925477266311646,-0.1310429573059082,0.40013474225997925,0.21052637696266174,-0.005304374550181665,0.07629350887877644,0.019593982270514676,0.44084269362987244,0.421046406031,0.4250264795386737,0.42753616298402625
10948.918,1.96562683570368,2.668517586263647,1.8771304755000149,-0.13949279169248952,0.39597354311909116,0.19889195902854492,1.8940110206604004,2.642434597015381,1.897810935974121,-0.13524937629699707,0.39873918890953064,0.21052631735801697,-0.003271850162587346,0.07614750349782956,0.02068046047410621,0.4196053910067865,0.421052664518,0.4289834920546163,0.4298272028270337
10948.937,1.9626438934646098,2.676833326344941,1.8813151683800327,-0.15699695994913618,0.4376705305890629,0.22024699368244688,1.8940110206604004,2.642434597015381,1.897810935974121,-0.13524937629699707,0.39873918890953064,0.21052631735801697,-0.011782655781745997,0.0758611417761163,0.01649576759408844,0.4647098553924503,0.421052664518,0.421127867861916,0.41990020563323166
10948.957,1.9596162111663364,2.6851524686333565,1.8855388958097055,-0.15138411491036194,0.41595711441169353,0.21118637147903063,1.8870495557785034,2.6623024940490723,1.9083372354507446,-0.13943642377853394,0.3972855508327484,0.21052637696266174,0.0007370878150020042,0.07607560393603148,0.022798339641039167,0.44238791756456697,0.421044319868,0.4185028812664377,0.43304127973690854
10948.976,1.9565872440368497,2.693436012282207,1.8897209212807513,-0.1514483564710316,0.4141771824334805,0.20910127354772812,1.883424162864685,2.6726319789886475,1.9138109683990479,-0.13943642377853394,0.3972855508327484,0.21052637696266174,0.003185008143396381,0.07599671026439751,0.024090047118296543,0.44077749479390793,0.421044319868,0.4205940751115606,0.4353545093113965
10948.996,1.953554626604995,2.7016752246984757,1.893846205375818,-0.1516308716032149,0.4119606208419095,0.20626420476759427,1.883424162864685,2.6726319789886475,1.9138109683990479,-0.13943642377853394,0.3972855508327484,0.21052637696266174,-0.005277258263289602,0.07572280113027333,0.019964763023229803,0.43878732185332764,0.421044319868,0.41725719696993996,0.4267134334816941
10949.016,1.9505190812069475,2.7098585838997655,1.8979346258664398,-0.15177726989906262,0.4091679600555625,0.20442102452662528,1.8800674676895142,2.6821630001068115,1.9188635349273682,-0.1436132788658142,0.39580368995666504,0.21052631735801697,-0.0035882421711194573,0.07561481155807857,0.02092890906092837,0.4362393178114763,0.421052664518,0.4146143912096034,0.42831858392934363
10949.037,1.9474743155810457,2.717977477267444,1.9019542892423864,-0.15223828129176872,0.4059446683750676,0.20098316879294365,1.8800674676895142,2.6821630001068115,1.9188635349273682,-0.1436132788658142,0.39580368995666504,0.21052631735801697,-0.011952003118493326,0.07538905450008684,0.016909245684981755,0.43338676030964973,0.421052664518,0.4106873084129368,0.41995255133635345
10949.057,1.944406110548584,2.7260536232384904,1.9059609589278736,-0.15341025161973867,0.40380729854350245,0.20033348426998918,1.872689127922058,2.7018802165985107,1.9293898344039917,-0.14777040481567383,0.39426493644714355,0.21052637696266174,0.0007611773699208527,0.07567760431360614,0.02342887547611805,0.43179832688074005,0.42104741931,0.41368519051012054,0.43327479482504305
10949.077,1.941326566585977,2.734078708265681,1.909946366763902,-0.15397719814099375,0.40125425138726384,0.19927039181519438,1.868994951248169,2.7117366790771484,1.9346530437469482,-0.14777040481567383,0.39426493644714355,0.21052637696266174,0.0029943142559965656,0.07564431854259904,0.024706676983046183,0.4296239237195089,0.42104741931,0.4171122987652689,0.43565992262247855
10949.097,1.9382274062912623,2.7420483892757312,1.913934374031684,-0.15495801473234638,0.3984840504938142,0.19940036338474923,1.868994951248169,2.7117366790771484,1.9346530437469482,-0.14777040481567383,0.39426493644714355,0.21052637696266174,-0.005251810413969479,0.07539463570992659,0.02071866971526415,0.4273885075599805,0.42104741931,0.415368844052629,0.4272723570396175
10949.117,1.9350975502625758,2.749974395904947,1.9179997913598956,-0.15649280143091107,0.3963003314521356,0.20327086640613948,1.8652904033660889,2.7215895652770996,1.9399162530899048,-0.1519135683774948,0.3926927149295807,0.21052631735801697,-0.0029378083571701546,0.07530010391530563,0.021916461730009162,0.42590200821803587,0.421052604914,0.4142952862007523,0.4293976313485033
10949.137,1.9319298146931225,2.7578689450410545,1.9221460198412637,-0.15838677846920612,0.3947274567967611,0.20731142406387637,1.8652904033660889,2.7215895652770996,1.9399162530899048,-0.1519135683774948,0.3926927149295807,0.21052631735801697,-0.011128061049478121,0.07505445220205081,0.017770233248641132,0.4251244242641469,0.421052604914,0.4116795847090727,0.4207500680134922
10949.157,1.9287299483631581,2.7657342755489784,1.9263914494203178,-0.15237458714971377,0.3745395480174,0.20216331329964055,1.8574987649917603,2.7411468029022217,1.9504425525665283,-0.15603630244731903,0.3910652995109558,0.21052637696266174,0.0017497495239793062,0.07533500960541557,0.024051103146210506,0.4041571093680291,0.421045601368,0.41894070911414966,0.43447199354510674
10949.177,1.9255263525345396,2.773542372300743,1.9306640558114982,-0.1686103067673291,0.4109524606141555,0.2248740205856882,1.85359787940979,2.7509233951568604,1.9557056427001953,-0.15603630244731903,0.3910652995109558,0.21052637696266174,0.0041595607052105806,0.07528626320805797,0.025041586888697065,0.4440044412209573,0.421045601368,0.42066057201887636,0.43508849288636425
10949.196,1.922312240311376,2.7812938320485614,1.9349316983655283,-0.16070561115467719,0.38757298738245627,0.21338212769684253,1.85359787940979,2.7509233951568604,1.9557056427001953,-0.15603630244731903,0.3910652995109558,0.21052637696266174,-0.003907074356744918,0.07502507314942825,0.02077394433466706,0.4193945534292809,0.421045601368,0.42029351723006736,0.4270416366562718
10949.218,1.919087100774075,2.789006243233317,1.9391912945250025,-0.15357807320012024,0.3672576754533615,0.2028379123497319,1.849686861038208,2.7606959342956543,1.9609688520431519,-0.16014650464057922,0.38940778374671936,0.21052631735801697,-0.0014185588123741405,0.0749390055874614,0.02177755751814936,0.39792340380279345,0.421052634716,0.42779223751494216,0.42956043822662304
10949.237,1.9158318214878345,2.7967020323005647,1.943437759223578,-0.17133048874740503,0.4050415298501707,0.2234981420275555,1.849686861038208,2.7606959342956543,1.9609688520431519,-0.16014650464057922,0.38940778374671936,0.21052631735801697,-0.009453111643065087,0.0747143464582647,0.017531092819573768,0.43962055294730235,0.421052634716,0.42347021484766556,0.4197154342230134
10949.258,1.9125179590310566,2.8044198450084616,1.9476956751360743,-0.15780297414113797,0.3675148908728641,0.20275790060643992,1.8414852619171143,2.7800848484039307,1.9714951515197754,-0.16423307359218597,0.3876940608024597,0.21052637696266174,0.0035158891917074497,0.07500316421468657,0.023799476383701057,0.3997968023777523,0.421045362949,0.4313414268617687,0.43393284924073156
10949.277,1.9091701486453974,2.812149756903584,1.9519214816347419,-0.1673905192793079,0.3864955947476836,0.2112903249287655,1.8373794555664062,2.7897772789001465,1.976758360862732,-0.16423307359218597,0.3876940608024597,0.21052637696266174,0.005936455204101611,0.07496125588853148,0.02483687922799005,0.4210266978522157,0.421045362949,0.4367216323609998,0.43527746087110014
10949.297,1.9057844247762443,2.819885106510489,1.9561480387744217,-0.17819599311113396,0.4071236635163283,0.22245037576989443,1.8373794555664062,2.7897772789001465,1.976758360862732,-0.16423307359218597,0.3876940608024597,0.21052637696266174,-0.002187501514354172,0.07470566198848451,0.020610322088310262,0.4442489885597562,0.421045362949,0.4332072672691103,0.425825972262177
10949.317,1.902348288421289,2.8276479182822447,1.9603930359746378,-0.1718068177440159,0.3881405885793097,0.21224986000617174,1.833263635635376,2.7994654178619385,1.982021450996399,-0.16830849647521973,0.3859502077102661,0.21052631735801697,0.00016884446227044547,0.07461175558876953,0.02162841502176116,0.42430910114914594,0.421052634716,0.4367725692733334,0.4282227990694526
10949.337,1.8988678412231894,2.8354264040187447,1.9646522115196343,-0.1740223599170082,0.38892428685188174,0.21295877726454765,1.833263635635376,2.7994654178619385,1.982021450996399,-0.16830849647521973,0.3859502077102661,0.21052631735801697,-0.008031937274845996,0.07438139753857169,0.01736923947676461,0.42592819051071373,0.421052634716,0.43464597934966953,0.41938717083215593
10949.357,1.8953310166227222,2.843218831162597,1.968934205009566,-0.1768412300195012,0.389621357184122,0.2140996744919084,1.8246556520462036,2.8186771869659424,1.9925477504730225,-0.17235837876796722,0.3841486871242523,0.21052512526512146,0.004778910157256885,0.07466231630218745,0.02361354546345651,0.42770873805159315,0.421043485403,0.4388480453075008,0.4322949882759518
10949.377,1.8917468031551499,2.851031927176009,1.9731704487106858,-0.17921067337470406,0.3906548006620707,0.21181218505136945,1.820346713066101,2.8282809257507324,1.9978108406066895,-0.17235837876796722,0.3841486871242523,0.21052512526512146,0.007026590541535937,0.07460702350274287,0.024640391896003644,0.4296343228114417,0.421043485403,0.44344967869225216,0.43415165122682386
10949.397,1.8881247959909124,2.858837654300557,1.9773855432009786,-0.18110035820791895,0.39028635621887925,0.21075472451003874,1.820346713066101,2.8282809257507324,1.9978108406066895,-0.17235837876796722,0.3841486871242523,0.21052512526512146,-0.00126079027490697,0.07433702033652531,0.020425297405710863,0.4300896559021581,0.421043485403,0.4460969987364618,0.42531301536306676
10949.418,1.8844626030211542,2.866654184754663,1.9815946310132815,-0.18310964850056816,0.3908265227323155,0.21045439062969154,1.8160278797149658,2.8378801345825195,2.0030739307403564,-0.17639580368995667,0.38232165575027466,0.21052633225917816,0.0009486983380345981,0.07423178085407228,0.021479299727074963,0.4314339152321277,0.421052634716,0.44885197951041567,0.4270976785320294
10949.436,1.8807544107889393,2.8744901954096473,1.9857917488112253,-0.18540961160669578,0.39180053274065696,0.2098558898926118,1.8160278797149658,2.8378801345825195,2.0030739307403564,-0.17639580368995667,0.38232165575027466,0.21052633225917816,-0.0074057173385721,0.07399307892862163,0.017282181929131113,0.4332982967129487,0.421052634716,0.44580720077141933,0.41832270728036763
10949.457,1.8769879399453702,2.88234078646847,1.9900270942637768,-0.17935575445020677,0.3738376694563488,0.20168311678201464,1.807017207145691,2.8569066524505615,2.0136003494262695,-0.18040864169597626,0.3804391026496887,0.21052762866020203,0.005250546044162169,0.07426459713755386,0.023573255162492757,0.4144723859310111,0.421047717333,0.45225692670215495,0.43181930347822406
10949.491,1.8731706089580067,2.8902057926749802,1.9942383660629168,-0.11567669658871038,0.23833352141339387,0.12761429694577622,1.8025070428848267,2.866417646408081,2.0188636779785156,-0.18040864169597626,0.3804391026496887,0.21052762866020203,0.007348546917471353,0.07419713155638694,0.024625311915598802,0.26481556735643813,0.421047717333,0.49907245907640796,0.43872649775689054
10949.498,1.8692898214179066,2.8980985358424736,1.9984545614876779,-0.5543982200454217,1.1275347382766203,0.6023136321425269,1.8025070428848267,2.866417646408081,2.0188636779785156,-0.18040864169597626,0.3804391026496887,0.21052762866020203,-0.0011301302562266372,0.07390765230716344,0.020409116490837764,1.2559200770086139,0.421047717333,0.4639042508384485,0.4027462967557395
10949.517,1.8653535383258235,2.9060270771680017,2.002700297251661,-0.2071727943176217,0.4172916487068925,0.22345977704900521,1.7979869842529297,2.8759241104125977,2.0241267681121826,-0.18440504372119904,0.3785235583782196,0.21052631735801697,0.0008610628526315132,0.0737814325280887,0.02142647086052163,0.4656945951584938,0.421052604914,0.4582683675700436,0.42492229242840907
10949.537,1.861331026176774,2.9140174698462302,2.0068956544559744,-0.20112560744808905,0.3995196339027064,0.20976786021109173,1.7979869842529297,2.8759241104125977,2.0241267681121826,-0.18440504372119904,0.3785235583782196,0.21052631735801697,-0.007771085509622227,0.07350633925173937,0.01723111365620822,0.44708396703717274,0.421052604914,0.45320636404574566,0.41664979700343546
10949.558,1.8572564667496283,2.922057521631879,2.011093842000549,-0.19402663938197132,0.3828596088287518,0.19991369259269912,1.7883896827697754,2.8951330184936523,2.0348634719848633,-0.18837527930736542,0.37655267119407654,0.21052512526512146,0.004995041259775155,0.07377406297460683,0.0237696299843142,0.4290401621509402,0.421042948961,0.4574436849808169,0.43035790062818424
10949.576,1.853146580362294,2.9301142195875807,2.0152619977737127,-0.21630980987776,0.42403673454600577,0.21937661965850616,1.783868670463562,2.904170274734497,2.0399160385131836,-0.18837527930736542,0.37655267119407654,0.21052512526512146,0.006364560623449804,0.07370216714959675,0.02465404073947086,0.47584548020109824,0.421042948961,0.4515017566445861,0.4302474610737067
10949.597,1.8490088923180379,2.938165822185618,2.019398309450742,-0.20688440220828772,0.4025801298930764,0.20681558384695747,1.783868670463562,2.904170274734497,2.0399160385131836,-0.18837527930736542,0.37655267119407654,0.21052512526512146,-0.002380112036199075,0.07343895979959744,0.020517729062441425,0.452473623948226,0.421042948961,0.4467617722565326,0.4223257752565168
10949.617,1.8448954617725082,2.9461908264115255,2.023581562775739,-0.20567152727199592,0.4012502112866202,0.2091626662452747,1.7791495323181152,2.913579225540161,2.0451793670654297,-0.192332461476326,0.3745577931404114,0.21052633225917816,-0.0005634091088869246,0.0733875079382807,0.021597804289690714,0.45079257554686686,0.421052634716,0.442413258085087,0.4242216411974326
10949.637,1.8407728445556004,2.9541829707312988,2.027764316645785,-0.20613086084088883,0.39960721597993953,0.20913769349773867,1.7791495323181152,2.913579225540161,2.0451793670654297,-0.192332461476326,0.3745577931404114,0.21052633225917816,-0.009247568225172514,0.07321597651186662,0.01741505041964464,0.4495562516197711,0.421052634716,0.4369839737524602,0.4157245827439634
10949.656,1.8366662614919127,2.9621087361914493,2.0319414715687887,-0.20532915317990405,0.39628827299887776,0.2088577461456228,1.769345998764038,2.9322097301483154,2.0557055473327637,-0.19626349210739136,0.3725093603134155,0.21052762866020203,0.0031799002973243763,0.07359250349197598,0.02376407576397499,0.44625951632836103,0.421049386263,0.4382361096754824,0.4288562489282507
10949.677,1.8325735467122675,2.9699594199934953,2.036108813278279,-0.19489117999404543,0.37384208583269807,0.19844484332019996,1.7644394636154175,2.9415223598480225,2.0609688758850098,-0.19626349210739136,0.3725093603134155,0.21052762866020203,0.005158233655061951,0.0736499307177236,0.024860062606730793,0.4215437962587041,0.421049386263,0.44360788706113563,0.43186940137762375
10949.696,1.828475313016807,2.9777183065112873,2.0402487278183936,-0.21569651028475015,0.40836244829983775,0.21789023895073212,1.7644394636154175,2.9415223598480225,2.0609688758850098,-0.19626349210739136,0.3725093603134155,0.21052762866020203,-0.0033104400474583996,0.07348317868804762,0.02072014806661615,0.46176489723019265,0.421049386263,0.4376908001844533,0.422197997657242
10949.721,1.824352520361087,2.985414800606261,2.0443961068425853,-0.16491170623119614,0.30785976380342106,0.16589516097008253,1.7595232725143433,2.9508299827575684,2.0662319660186768,-0.2001747488975525,0.3704259991645813,0.21052631735801697,-0.0012099910934797627,0.07346752291696976,0.021835859176091432,0.3491893651298052,0.421052664518,0.4551578078086402,0.42752237950740735
10949.737,1.8201746521846713,2.993095892923945,2.0485134232197013,-0.2785245450714156,0.5120728211367067,0.27448775845176465,1.7595232725143433,2.9508299827575684,2.0662319660186768,-0.2001747488975525,0.3704259991645813,0.21052631735801697,-0.009649449807292189,0.07329314522193082,0.017718542798975445,0.5827971433190172,0.421052664518,0.43680575377259406,0.41314993694681845
10949.757,1.8159083837040706,3.0008048246036423,2.052626642262104,-0.20315564194477162,0.36709198476810156,0.19586757345874115,1.749329924583435,2.969249725341797,2.07675838470459,-0.20405840873718262,0.368289053440094,0.21052512526512146,0.0028900876892203192,0.07362107647577336,0.024131742442485837,0.4194406214801016,0.421042352915,0.4420070194722366,0.43021230363880675
10949.776,1.8115795778816324,3.008538297566146,2.0567195993428564,-0.22783188538869334,0.40702489275837106,0.21541879372117143,1.744228482246399,2.978456974029541,2.082021474838257,-0.20405840873718262,0.368289053440094,0.21052512526512146,0.00485540862212034,0.07360354010570765,0.025301875495400417,0.46631255052294973,0.421042352915,0.43704356333507277,0.4307696412030487
10949.797,1.8072046299931155,3.0162744243102435,2.060798639108966,-0.20833085182778563,0.3683869878029301,0.19423998885643293,1.744228482246399,2.978456974029541,2.082021474838257,-0.20405840873718262,0.368289053440094,0.21052512526512146,-0.003729203904475127,0.07336380421562479,0.021222835729290956,0.4230858603481388,0.421042352915,0.43610413876509585,0.42355209412863365
10949.816,1.8027925833323448,3.024002600363488,2.064919621033915,-0.23221298214297878,0.40674610806052125,0.21689378552098695,1.7391175031661987,2.987658977508545,2.087284564971924,-0.20792819559574127,0.3661300241947174,0.21052633225917816,-0.0017978311832272664,0.07329490131942396,0.022364943938008697,0.4682224328558115,0.421052634716,0.42960984914338746,0.42417902616802056
10949.836,1.7983670836693504,3.0317014809649097,2.069044110300048,-0.2212749831650167,0.3849440300976851,0.20622446332090247,1.7391175031661987,2.987658977508545,2.087284564971924,-0.20792819559574127,0.3661300241947174,0.21052633225917816,-0.010373262352817578,0.07309343560582554,0.01824045467187574,0.4438874819328697,0.421052634716,0.4244588499081904,0.4163721916887003
10949.857,1.793917265499634,3.039367074136875,2.073186252820742,-0.22249090848096081,0.38327965858989055,0.20710712603016834,1.7285385131835938,3.0058603286743164,2.097810983657837,-0.2117689996957779,0.3639167249202728,0.21052762866020203,0.002114816670078453,0.07343439790960896,0.024624730837095044,0.4430535874349944,0.421048074961,0.4260155064318391,0.4294561331175522
10949.877,1.7894553762836158,3.046992875593126,2.077301584638053,-0.2230944607960403,0.38129007280423405,0.20576659086106117,1.723244309425354,3.014958143234253,2.103074073791504,-0.2117689996957779,0.3639167249202728,0.21052762866020203,0.004107975629719502,0.07343877714150389,0.025772489153450984,0.4416458188309581,0.421048074961,0.42799194796599294,0.43164405950303075
10949.897,1.7849780856495738,3.0545761294357145,2.0814023755371274,-0.22386453169721393,0.3791626921211548,0.20503954494924675,1.723244309425354,3.014958143234253,2.103074073791504,-0.2117689996957779,0.3639167249202728,0.21052762866020203,-0.0043949802044751796,0.07322109058572894,0.021671698254376537,0.4402038759034027,0.421048074961,0.42455990015593587,0.42315609239568397
10949.917,1.7804853298265644,3.062117879576107,2.085515317674335,-0.224637791166,0.3770875070456782,0.20564710687458845,1.7179406881332397,3.02405047416687,2.10833740234375,-0.21558962762355804,0.3616717457771301,0.21052631735801697,-0.0023449348547468947,0.07318101420221325,0.022822084669415155,0.4388156902932373,0.421052664518,0.4217337653497196,0.42525156083624827
10949.937,1.775972803177945,3.069623720607958,2.0896308521853926,-0.22562633242604768,0.37529205158437656,0.20577672554839474,1.7179406881332397,3.02405047416687,2.10833740234375,-0.21558962762355804,0.3616717457771301,0.21052631735801697,-0.010799411156482,0.07299328658455718,0.018706550158357427,0.4377837149811731,0.421052664518,0.4173503611373411,0.4167977615377134
10949.957,1.7714553963710555,3.0771014142152273,2.0937704672196036,-0.21511460984531694,0.3560806479543399,0.19712452543260917,1.7069809436798096,3.042025089263916,2.118863582611084,-0.21938036382198334,0.35937467217445374,0.21052512526512146,0.0018144051027349575,0.0733758240570344,0.025093115391480403,0.4159269547214079,0.421043813229,0.4228338032394095,0.43078131982398826
10949.977,1.7669553878019126,3.0845222364213765,2.097902542100564,-0.22500042845223367,0.3710411102993583,0.20660374404350756,1.7014964818954468,3.0510094165802,2.124126672744751,-0.21938036382198334,0.35937467217445374,0.21052512526512146,0.0039640819028443075,0.07343203327462906,0.02622413064418705,0.4338613168192198,0.421043813229,0.4259749400423918,0.43247945644118624
10949.997,1.7624510934457227,3.0918873281601034,2.1020336314187116,-0.22521471782506375,0.3682545869617995,0.20655446592165996,1.7014964818954468,3.0510094165802,2.124126672744751,-0.21938036382198334,0.35937467217445374,0.21052512526512146,-0.0043645178196542005,0.0732626733649635,0.022093041326039398,0.4315959661634241,0.421043813229,0.4237549911928075,0.4240958175786367
10950.016,1.7579345821375798,3.0992054386154,2.1061909009558546,-0.23771112147829235,0.38516370816878653,0.21880365984695113,1.696002721786499,3.059988021850586,2.129389762878418,-0.22315537929534912,0.3570531904697418,0.21052633225917816,-0.0021331976329975327,0.07327353254831831,0.023198861922563374,0.45254231049047666,0.421052604914,0.4192821056238277,0.4256318040393078
10950.036,1.753379546857197,3.106480585047036,2.110358286060684,-0.22775176401416378,0.3637573215738635,0.2083692552369324,1.696002721786499,3.059988021850586,2.129389762878418,-0.22315537929534912,0.3570531904697418,0.21052633225917816,-0.010409611050762112,0.07311154823652175,0.01903147681773376,0.4290895042765713,0.421052604914,0.41619625320405734,0.41786000559637587
10950.057,1.7487535420009388,3.1137520011198925,2.1145224008628674,-0.22028594552939323,0.3462579082207007,0.1982911810502946,1.6846669912338257,3.077727794647217,2.139916181564331,-0.22689898312091827,0.3546804189682007,0.21052762866020203,0.0023247380327330244,0.07348078003322298,0.025393780701463697,0.4102831784550297,0.421047925949,0.42262121723494434,0.4317989277473144
10950.077,1.7441016656421415,3.1209884966150185,2.118646833829698,-0.2448355978518746,0.38086818398579886,0.21707541932500868,1.6789945363998413,3.086594820022583,2.145179510116577,-0.22689898312091827,0.3546804189682007,0.21052762866020203,0.004551251265804222,0.07349251240523859,0.026532676286878942,0.45265011102836983,0.421047925949,0.42321637050089994,0.4325510952006051
10950.097,1.7394421983713362,3.128167994592906,2.1227675015729894,-0.2218793938411088,0.3418808560794637,0.19622227348407575,1.6789945363998413,3.086594820022583,2.145179510116577,-0.22689898312091827,0.3546804189682007,0.21052762866020203,-0.003702508525412186,0.07327032217954225,0.022412008543587714,0.4074551675868399,0.421047925949,0.42877988389587673,0.42546385724437374
10950.118,1.7347519191186351,3.1353169520591133,2.126880335266753,-0.23451396262993338,0.3574478733025547,0.20564168468368496,1.6733129024505615,3.095456123352051,2.150442600250244,-0.230622336268425,0.35227641463279724,0.21052631735801697,-0.001423484130336057,0.07322303003348256,0.023562264983491232,0.427382294593467,0.421052664518,0.4317427120363726,0.42698929379765765
10950.137,1.7300267604857655,3.142444648762277,2.131007033258956,-0.2486925596216681,0.37514193174086136,0.21719463116591733,1.6733129024505615,3.095456123352051,2.150442600250244,-0.230622336268425,0.35227641463279724,0.21052631735801697,-0.009670265639208357,0.07301280145242954,0.019435566991288233,0.44994537383383193,0.421052664518,0.4261737353813191,0.4178543892618495
10950.157,1.7252553426328063,3.1495825669390287,2.1351661675897935,-0.23857089264275266,0.3568959088297942,0.20795671653734016,1.6616064310073853,3.1129531860351562,2.160968780517578,-0.23431245982646942,0.3498212397098541,0.21052512526512146,0.0030956415727935137,0.07337106036956555,0.02580261292778463,0.42915820230756185,0.421043038368,0.4297971429481433,0.43166801624998014
10950.176,1.7204314254239086,3.156741762909083,2.139308046325126,-0.241195860461559,0.35795979852744775,0.20709393678094823,1.6557486057281494,3.1216986179351807,2.166231870651245,-0.23431245982646942,0.3498212397098541,0.21052512526512146,0.005292868067961139,0.0733748916256179,0.02692382432611895,0.4315085131794876,0.421043038368,0.43353299242178306,0.4337632697997668
10950.197,1.7167968179074724,3.1621168138906706,2.142415464055985,-0.18173037581784238,0.2687525490735211,0.15537088653954675,1.6557486057281494,3.1216986179351807,2.166231870651245,-0.23431245982646942,0.3498212397098541,0.21052512526512146,-0.0009660124132051737,0.07320916332403721,0.023816406595260187,0.3243430499628336,0.421043038368,0.4510285012960818,0.43072781768528595
10950.217,1.711918633872082,3.1692539187018944,2.14664563156465,-0.243909201764197,0.3568552405534042,0.21150837542862796,1.6498817205429077,3.1304380893707275,2.171495199203491,-0.2379869818687439,0.3473435342311859,0.21052633225917816,0.0012260300445681369,0.07316928366744868,0.024849567638841386,0.4321253413744963,0.421052664518,0.45399593046677356,0.4292312400733319
10950.236,1.7069640236135772,3.1764030697350254,2.1509087394962587,-0.24773051291982975,0.3574575516487456,0.21315539657579174,1.6498817205429077,3.1304380893707275,2.171495199203491,-0.2379869818687439,0.3473435342311859,0.21052633225917816,-0.007157321724491683,0.07293792901826987,0.020586459707232496,0.4347634118307323,0.421052664518,0.45092344326961686,0.42034926661221056
10950.256,1.7019075904470544,3.18359949664058,2.155210485317482,-0.25282165834361653,0.3598213453025936,0.21508729107603394,1.6378092765808105,3.1476850509643555,2.182021379470825,-0.2416285127401352,0.34481462836265564,0.21052762866020203,0.005409815505494468,0.07327465554284437,0.026810894153343146,0.4395882112100231,0.421048045158,0.4535466333585751,0.43310547414268175
10950.276,1.6955368635045434,3.1926343146511935,2.1605677831639687,-0.3185363471186001,0.4517409005208233,0.26786489231848515,1.6317685842514038,3.1563055515289307,2.1872847080230713,-0.2416285127401352,0.34481462836265564,0.21052762866020203,0.00527440854255885,0.07320077242369821,0.026716924859102598,0.5525880322212436,0.421048045158,0.43629046984613573,0.42872792309568536
10950.297,1.6902954759932278,3.1999510465266088,2.164844773411029,-0.24958988148360586,0.34841580358057983,0.20366620223475682,1.6317685842514038,3.1563055515289307,2.1872847080230713,-0.2416285127401352,0.34481462836265564,0.21052762866020203,-0.0034095137458972635,0.07292942826162886,0.0224399346120423,0.42842628962092566,0.421048045158,0.43461800436115394,0.4241249526562447
10950.317,1.6850515123822043,3.2072716490364552,2.1691245460342037,-0.27599808478732984,0.38529486893456544,0.22525119069064464,1.6257189512252808,3.16491961479187,2.1925477981567383,-0.24524624645709991,0.342256635427475,0.21052631735801697,-0.001574800506977607,0.07288050234087169,0.0234232521225346,0.47382004231928354,0.421052634716,0.4274085922682671,0.4244704742532232
10950.337,1.679835570525268,3.214537490732554,2.173394563195407,-0.24837818367756928,0.3459924617384152,0.20333415054489487,1.6257189512252808,3.16491961479187,2.1925477981567383,-0.24524624645709991,0.342256635427475,0.21052631735801697,-0.01020598177491553,0.07270749640398137,0.019153234961331478,0.4258283654831728,0.421052634716,0.42468086390566223,0.4171804052646615
10950.357,1.6746562493643107,3.2217092434434242,2.177648678035069,-0.2725958505733663,0.37746066898853853,0.22390078103210911,1.6132863759994507,3.181908369064331,2.2030742168426514,-0.24882972240447998,0.33964791893959045,0.21052512526512146,0.0023039830846846715,0.07310993516687589,0.02542553880758236,0.4655212196229199,0.42104268074,0.4190377584120469,0.42904867291337023
10950.384,1.6695309734140065,3.228757922374516,2.181858474634327,-0.18304556965210453,0.25173853325106,0.15034987854360093,1.6070655584335327,3.190399646759033,2.2083373069763184,-0.24882972240447998,0.33964791893959045,0.21052512526512146,0.004421838041638697,0.0731692061266874,0.026478832341991332,0.31120384665482026,0.42104268074,0.4466046678303258,0.43670180150660154
10950.398,1.6644287736269079,3.2356905902330784,2.186049762878687,-0.39247690667484914,0.5332821429322949,0.3224067880071207,1.6070655584335327,3.190399646759033,2.2083373069763184,-0.24882972240447998,0.33964791893959045,0.21052512526512146,-0.0038777473032736293,0.0729847319234823,0.02228754409763134,0.6620168339260684,0.42104268074,0.42421546958526113,0.4170803512891572
10950.417,1.6593045192386437,3.2425725639179777,2.190225832400293,-0.26969759940483795,0.3622091413407269,0.21979313273445325,1.600836157798767,3.1988842487335205,2.2136003971099854,-0.25239673256874084,0.33701813220977783,0.21052633225917816,-0.0016264338116378646,0.07296967100225193,0.023374564709692347,0.45149277141855193,0.421052634716,0.41997020868519547,0.4253017602392593
10950.436,1.6541438234718555,3.249446342596735,2.1943938435414356,-0.2580347883337795,0.34368893393035593,0.20840055705258229,1.600836157798767,3.1988842487335205,2.2136003971099854,-0.25239673256874084,0.33701813220977783,0.21052633225917816,-0.009915934698771642,0.07280045875127408,0.019206553568549722,0.42968262677465346,0.421052634716,0.41689117225103356,0.41746524201931867
10950.456,1.6489660022164123,3.2562948141272527,2.198577782832823,-0.25889106276650864,0.34242357651842215,0.20919696456479178,1.5880483388900757,3.2156078815460205,2.2241268157958984,-0.2559288442134857,0.3343410789966583,0.21052762866020203,0.0028507706684768874,0.07320014545481715,0.025549032963075646,0.4291943884381464,0.421050518751,0.42045610251978716,0.43083040537409256
10950.477,1.6437685180556767,3.263107282067141,2.202741794623042,-0.25987420803110856,0.34062339698697547,0.2082005895064205,1.5816501379013062,3.223966598510742,2.2293899059295654,-0.2559288442134857,0.3343410789966583,0.21052762866020203,0.005112470674774584,0.07324308094191977,0.026648111306523337,0.4283539019200917,0.421050518751,0.4248015741177387,0.43312355876399355
10950.497,1.6385817667909852,3.2698361559349527,2.206916534755821,-0.25933756325249985,0.3364436934138423,0.20873700665337647,1.5816501379013062,3.223966598510742,2.2293899059295654,-0.2559288442134857,0.3343410789966583,0.21052762866020203,-0.0030758951717048955,0.07304632458390886,0.022473371173744372,0.4247045618585081,0.421050518751,0.4237999788690076,0.4246613535826085
10950.516,1.633405294502371,3.2764736806657613,2.211116473102608,-0.25882361442506474,0.33187623653318515,0.20999691733475523,1.575243353843689,3.23231840133667,2.2346532344818115,-0.25943541526794434,0.3316302001476288,0.21052631735801697,-0.0006593390490467893,0.07302099222711594,0.023536761379203686,0.42076779396200326,0.421052634716,0.4276343960967499,0.4268799258349757
10950.537,1.6281930664663342,3.283070597226913,2.215318026845241,-0.2606114017961471,0.3298458280503957,0.21007768712707453,1.575243353843689,3.23231840133667,2.2346532344818115,-0.25943541526794434,0.3316302001476288,0.21052631735801697,-0.008757614192356239,0.0728200635001109,0.019335207636570484,0.4202540841655227,0.421052634716,0.42603432298031435,0.41825438289620503
10950.556,1.6229158629831217,3.289669533222308,2.219536453164267,-0.2638601741548644,0.3299467997625405,0.21092131594670285,1.5621066093444824,3.2487688064575195,2.2451794147491455,-0.26290592551231384,0.32887136936187744,0.21052512526512146,0.004148349723010092,0.07316710990979389,0.025642961584878332,0.4223364850884965,0.421041458845,0.43057899635040414,0.4314747874181106
10950.577,1.6175817849895535,3.296279045724367,2.2237228095064046,-0.266703899696846,0.33047562512579803,0.20931781712133718,1.5555338859558105,3.256990432739258,2.2504425048828125,-0.26290592551231384,0.32887136936187744,0.21052512526512146,0.0064876269236467735,0.07315358898710875,0.026719695376407948,0.4245260998551539,0.421041458845,0.435526015930543,0.4335220830031963
10950.597,1.6121833865288553,3.3028964550298854,2.2278996170122207,-0.2699199230290196,0.3308704652686898,0.20884037528625002,1.5555338859558105,3.256990432739258,2.2504425048828125,-0.26290592551231384,0.32887136936187744,0.21052512526512146,-0.0017437963758552694,0.0728936758019689,0.022542887870591777,0.4268457139937095,0.421041458845,0.43848729682441306,0.4246892650319861
10950.616,1.606712663559785,3.309537792794578,2.2320839490722904,-0.27353614844754187,0.3320668882273906,0.20921660299891467,1.5489528179168701,3.2652056217193604,2.2557055950164795,-0.2663590610027313,0.326095312833786,0.21052633225917816,0.0004852162156868886,0.07281006610462437,0.02362164594418914,0.4300556174208759,0.421052604914,0.4414447575995889,0.4265090607880829
10950.637,1.6011878904822785,3.316195508628196,2.236258202237622,-0.2630844322541948,0.31703408730546945,0.19877396024783037,1.5489528179168701,3.2652056217193604,2.2557055950164795,-0.2663590610027313,0.326095312833786,0.21052633225917816,-0.007859150888399086,0.07257206845751818,0.01944739277885743,0.41182331632431673,0.421052604914,0.4412669032436275,0.4182704499550657
10950.657,1.5955846616135434,3.3228818771765534,2.2404485629071003,-0.29490678256139136,0.351914134119759,0.22054529839088682,1.5354725122451782,3.2813761234283447,2.2662320137023926,-0.2697749435901642,0.3232712745666504,0.21052762866020203,0.004770343972589505,0.07289335987780204,0.025783450795292318,0.45896648556976183,0.421049684286,0.4410460114515749,0.42991306913948657
10950.677,1.5899101533930646,3.329594371818404,2.2445991731059185,-0.28372541104355,0.3356247321157199,0.20753050995525676,1.5287281274795532,3.2894577980041504,2.2714953422546387,-0.2697749435901642,0.3232712745666504,0.21052762866020203,0.006810368311471568,0.0728546754566287,0.026896169148720173,0.4393093976014736,0.421049684286,0.44397934014260343,0.4325959332597271
10950.697,1.5841639085653005,3.3363227938334337,2.2487063248711494,-0.2873122413819331,0.33642110074415055,0.20535758825706296,1.5287281274795532,3.2894577980041504,2.2714953422546387,-0.2697749435901642,0.3232712745666504,0.21052762866020203,-0.001734985467587019,0.07257026584003189,0.022789017383489263,0.4422260352791223,0.421049684286,0.44077889937995013,0.42378103378251764
10950.717,1.5783426123567872,3.3430641285554903,2.2527852771565557,-0.29106481041931415,0.3370667360954738,0.20394761426586497,1.5219753980636597,3.297532558441162,2.2767584323883057,-0.2731647193431854,0.3204159140586853,0.21052631735801697,0.0001833226272343058,0.07245932042917382,0.02397315523174992,0.445141139085634,0.421052634716,0.43755319084060734,0.42557464010907653
10950.737,1.572486975097303,3.3497887987213257,2.2568249710559187,-0.2788398695149003,0.3202223888672806,0.19236637617093938,1.5219753980636597,3.297532558441162,2.2767584323883057,-0.2731647193431854,0.3204159140586853,0.21052631735801697,-0.008436666021793542,0.07218695677946667,0.019933461332386937,0.4244142777261837,0.421052634716,0.43539205541751114,0.41752548703552606
10950.757,1.5666227238810482,3.3564814919809507,2.2608428341238485,-0.30864480085173246,0.35224701366015504,0.21146647725686799,1.5081578493118286,3.31341552734375,2.2872846126556396,-0.27651602029800415,0.31751561164855957,0.21052512526512146,0.004003984866707083,0.07250370317241994,0.026441778531791194,0.46813363977461453,0.421043068171,0.4299933792641079,0.4293111973241504
10950.776,1.5607699706514075,3.3631203992350716,2.2648406274978594,-0.29263766147564374,0.3319453626987975,0.19988966869618485,1.5012450218200684,3.3213534355163574,2.2925477027893066,-0.27651602029800415,0.31751561164855957,0.21052512526512146,0.005970381627585487,0.0724710517025586,0.027707075291447225,0.44234091156410005,0.421043068171,0.4323226989065249,0.432426182690129
10950.797,1.5549457488657652,3.3696879707697516,2.268809050876521,-0.29121108927576084,0.328378576726833,0.1984211689287406,1.5012450218200684,3.3213534355163574,2.2925477027893066,-0.27651602029800415,0.31751561164855957,0.21052512526512146,-0.0025168309785460474,0.07220568499241226,0.02373865191278579,0.43873803275308815,0.421043068171,0.4294431294065296,0.4240837937201275
10950.816,1.5491286916945692,3.376195294704689,2.2727929300645124,-0.29085285855344933,0.325366196739777,0.19919395939523152,1.494323968887329,3.329284191131592,2.2978110313415527,-0.27984926104545593,0.3145945072174072,0.21052633225917816,-0.0004293874206000789,0.07213892781894755,0.025018101277040294,0.43625113604609433,0.421052634716,0.4273295723272517,0.42634774716399126
10950.836,1.5432922909087021,3.3826559944419627,2.2767952714313333,-0.29182003931352674,0.3230349868860082,0.200117068354876,1.494323968887329,3.329284191131592,2.2978110313415527,-0.27984926104545593,0.3145945072174072,0.21052633225917816,-0.008843642545112017,0.07189044398752935,0.021015759910219423,0.4351491204182723,0.421052634716,0.42367373816199866,0.417902545024635
10950.858,1.537503429480065,3.389048969256149,2.280783371538474,-0.27566006802193876,0.3044273720948235,0.18990952890568122,1.4801751375198364,3.3448727130889893,2.3083372116088867,-0.28313928842544556,0.3116218149662018,0.21052512526512146,0.0038659919416740504,0.07227121677632545,0.027553840070412505,0.4105505171213649,0.421041578054,0.430348305063936,0.43231666914632605
10950.877,1.5317261471263373,3.395381235248389,2.2847797742185136,-0.28886411768007736,0.31661329960510093,0.19982013399760953,1.4730966091156006,3.352663040161133,2.3136003017425537,-0.28313928842544556,0.3116218149662018,0.21052512526512146,0.006108848743474622,0.07228380790948039,0.028820527524040074,0.4284459711930183,0.421041578054,0.43464668664232653,0.4340733012108087
10950.897,1.5259202399927183,3.4016808301969,2.2887873134093772,-0.30557405966041057,0.331557628864923,0.2109231153060262,1.4730966091156006,3.352663040161133,2.3136003017425537,-0.28313928842544556,0.3116218149662018,0.21052512526512146,-0.002165477336953013,0.07203048262323167,0.024812988333176467,0.4507345496246943,0.421041578054,0.43037342135343276,0.424837963318042
10950.917,1.5200717782903572,3.4079681750528703,2.292816795910182,-0.27849817631854057,0.29939737411063233,0.1918801190967083,1.4660100936889648,3.3604464530944824,2.3188633918762207,-0.28640976548194885,0.3086337149143219,0.21052633225917816,6.57747083349855e-05,0.07197899327941795,0.026046595966038755,0.4087494172460858,0.421052634716,0.43650227692758203,0.42847130082241297
10950.937,1.5141456930843007,3.4142554967944134,2.2968633169560038,-0.31189922136757425,0.3309116706034774,0.2129747918827489,1.4660100936889648,3.3604464530944824,2.3188633918762207,-0.28640976548194885,0.3086337149143219,0.21052633225917816,-0.008279095190301948,0.0717210268741271,0.02200007492021694,0.4545333198057502,0.421052634716,0.43054961649979173,0.4184454180296554
10950.956,1.5081419780508405,3.4205621225104967,2.300939249094605,-0.30018575166645756,0.3153312857972827,0.20379660692561385,1.4515360593795776,3.3757338523864746,2.329389810562134,-0.2896411716938019,0.30559974908828735,0.21052762866020203,0.004354190133618915,0.0720752721757623,0.02845056146752878,0.43516347663627153,0.421050131321,0.43354819547034495,0.43230626780780146
10950.976,1.5021131068582143,3.4268648200081016,2.3049785168593777,-0.30144355962472935,0.315134874873362,0.20196338823422672,1.4442949295043945,3.383373737335205,2.33465313911438,-0.2896411716938019,0.30559974908828735,0.21052762866020203,0.0064501742991536284,0.0720611626057269,0.02967462225500217,0.43591072038035994,0.421050131321,0.43686347201709946,0.434517538255457
10951.0,1.4961008943508847,3.433122518977725,2.309015470459093,-0.25050885447799204,0.26073745707380097,0.16820639999211684,1.4370460510253906,3.3910062313079834,2.339916229248047,-0.29284340143203735,0.3025360703468323,0.21052631735801697,0.008590161907483618,0.07202406074140973,0.03090075878895382,0.3614445836117638,0.421052634716,0.45388871425114496,0.4398227467684095
10951.017,1.4900643989095532,3.439364882393493,2.313097503949458,-0.37728096509213693,0.39014771349472605,0.2551270931538496,1.4370460510253906,3.3910062313079834,2.339916229248047,-0.29284340143203735,0.3025360703468323,0.21052631735801697,0.00020342001373750002,0.07175975869158244,0.026818725298588753,0.5425421335429628,0.421052634716,0.4395195554840024,0.42430118906229186
10951.036,1.4839737896824314,3.445613723294172,2.3172150575810524,-0.3045304613494423,0.3124420450271361,0.20587768157521977,1.4370460510253906,3.3910062313079834,2.339916229248047,-0.29284340143203735,0.3025360703468323,0.21052631735801697,-0.008224149166241201,0.0715300930166918,0.02270117166699448,0.4361520637726265,0.421052634716,0.43602068666450494,0.4194946154045257
10951.057,1.4778111494194321,3.4518762428929435,2.3213711533612185,-0.30813201314323846,0.31312597993174285,0.20780478900376753,1.4222536087036133,3.4059853553771973,2.350442409515381,-0.296005517244339,0.2994292080402374,0.21052512526512146,0.004333669207664342,0.07192936256196966,0.029071256154162395,0.4391523531232552,0.421042889357,0.43844990085592817,0.43264420783267016
10951.076,1.4716061532314364,3.4581481511088112,2.3255141877919274,-0.31024980942123237,0.31359541081506426,0.20715172154976658,1.4148534536361694,3.413471221923828,2.355705499649048,-0.296005517244339,0.2994292080402374,0.21052512526512146,0.006334746205114469,0.07194975957755104,0.03019131185712043,0.4409901594830997,0.421042889357,0.44102461679685934,0.43471858170450495
10951.097,1.4653650069112838,3.464412451567458,2.3296424025498976,-0.2971974438077291,0.29830002183122284,0.19658165513544465,1.4148534536361694,3.413471221923828,2.355705499649048,-0.296005517244339,0.2994292080402374,0.21052512526512146,-0.0022082885258492904,0.07170459785576058,0.026063097099150223,0.42095256988414176,0.421042889357,0.44486818828636504,0.4267644480305174
10951.117,1.4591602257285679,3.470634070539292,2.333761148476451,-0.3265674306652585,0.32745363009252754,0.21677610139489514,1.4074456691741943,3.4209492206573486,2.360968828201294,-0.2991471588611603,0.2963043749332428,0.21052633225917816,-0.00017348212963635284,0.0717143609840976,0.027207679724842837,0.46236042007934447,0.421052604914,0.4394174333169243,0.4274586166112743
10951.136,1.4529669314797986,3.476817283069061,2.337879822492295,-0.30966471243170285,0.3091606264816989,0.20593370078770953,1.4074456691741943,3.4209492206573486,2.360968828201294,-0.2991471588611603,0.2963043749332428,0.21052633225917816,-0.008628027027497875,0.07154706750906983,0.023089005708998744,0.43749568045844855,0.421052604914,0.43546389820450654,0.4199181583423217
10951.156,1.4467591451455117,3.4829735064708216,2.3420257201673547,-0.3103893167075683,0.3078111700813049,0.20729488374844832,1.3920387029647827,3.4359068870544434,2.3717055320739746,-0.3022462725639343,0.2931351363658905,0.21052762866020203,0.004391773252101765,0.07204377685437394,0.029679811906619946,0.4370640497334076,0.421047538519,0.43820162465211393,0.4338637441928236
10951.177,1.440545503997921,3.489092787372809,2.3461802717023956,-0.31068205740101584,0.30596404512052044,0.20772757676640657,1.3847848176956177,3.4429421424865723,2.376758337020874,-0.3022462725639343,0.2931351363658905,0.21052762866020203,0.00607335023488452,0.07212662876666169,0.030578065318478398,0.4359793688330693,0.421047538519,0.44159324432326275,0.43581824512443923
10951.196,1.4343108741329944,3.495173185382594,2.3503255775492136,-0.3117314932395211,0.30401990048261357,0.2072652923363727,1.3847848176956177,3.4429421424865723,2.376758337020874,-0.3022462725639343,0.2931351363658905,0.21052762866020203,-0.0023349655664662294,0.07194067030579926,0.02643275947166046,0.43536248500031915,0.421047538519,0.439332222181114,0.42731958417244054
10951.217,1.428095220517676,3.5011941967588505,2.3544930915523534,-0.2959835054823277,0.2867148274320408,0.19845304776251402,1.3772211074829102,3.4502627849578857,2.382021427154541,-0.3053184449672699,0.28994134068489075,0.21052631735801697,-0.0001629954536785383,0.0719872038462091,0.027528335602187592,0.4120181953587383,0.421052664518,0.44493231734871475,0.43041030943929837
10951.236,1.4218864871161494,3.5071509528638822,2.3586500351612587,-0.32677544218160676,0.3135134792083565,0.21878650572917596,1.3772211074829102,3.4502627849578857,2.382021427154541,-0.3053184449672699,0.28994134068489075,0.21052631735801697,-0.008466459868106818,0.07183020842781934,0.02337139199328231,0.45277430040678024,0.421052664518,0.4391804300814676,0.42057375718304435
10951.257,1.4156738711789298,3.5130450745311226,2.362799891897078,-0.3106307968824491,0.29470608338238796,0.207492836805299,1.3615028858184814,3.464892625808716,2.392758369445801,-0.308347225189209,0.2867048680782318,0.21052512526512146,0.0047335763064381975,0.07232390495705451,0.02995847754872294,0.4281028544476705,0.42104357481,0.4432501868068408,0.4353865704093799
10951.277,1.4094568184292313,3.5188704863819473,2.3669267527194235,-0.31085263747814107,0.2912705925348795,0.20634304111278104,1.354102611541748,3.471773624420166,2.397810935974121,-0.308347225189209,0.2867048680782318,0.21052512526512146,0.006615959775995807,0.07237701087383885,0.03088418325469755,0.42588950160532413,0.42104357481,0.44801044932773615,0.43742141756123076
10951.297,1.4032158747337657,3.5246483700550573,2.3710280460594944,-0.3120471847664673,0.28889418364919106,0.20506466699906442,1.354102611541748,3.471773624420166,2.397810935974121,-0.308347225189209,0.2867048680782318,0.21052512526512146,-0.0015897735213928482,0.07214793113786098,0.02678288991462674,0.4251258087776665,0.42104357481,0.45122183097257246,0.4288812178181731
10951.316,1.3969261550171055,3.530406660333833,2.375148292225246,-0.31448598582614834,0.28791451393250717,0.2060123082830874,1.3463865518569946,3.478933334350586,2.403074026107788,-0.3113543391227722,0.28344979882240295,0.21052633225917816,0.000707009191183168,0.0721335907421965,0.027925733882542048,0.4262410672128364,0.421052634716,0.4547384389311764,0.43104087146473613
10951.336,1.3905744038763095,3.5361615529286023,2.379271694310245,-0.3175875570617523,0.28774462975835163,0.20617010426419832,1.3463865518569946,3.478933334350586,2.403074026107788,-0.3113543391227722,0.28344979882240295,0.21052633225917816,-0.007563711020135214,0.0719056711483731,0.023802331797543097,0.428407457854319,0.421052634716,0.4522822115229428,0.42236102890767324
10951.359,1.3841436826388134,3.541932454921021,2.3834134230538697,-0.2923055107840635,0.26231372691805416,0.1882603974302652,1.33067786693573,3.4929490089416504,2.413600444793701,-0.31431862711906433,0.2801532745361328,0.21052762866020203,0.005139905919218382,0.07232947390899214,0.030187021739831454,0.3926069288619654,0.421048760414,0.4623261000020533,0.43727818020595033
10951.376,1.3776462446954092,3.547708708265282,2.3875352701565107,-0.36096877463298205,0.32090296356954384,0.2289915057019055,1.3228199481964111,3.499952793121338,2.418863534927368,-0.31431862711906433,0.2801532745361328,0.21052762866020203,0.007270040197637169,0.07234429303377277,0.031328264770857484,0.4828071159925375,0.421048760414,0.4559423771748425,0.4357480709109325
10951.396,1.3710647845215276,3.5534974120200116,2.3916339725369373,-0.32907300868689776,0.2894351877301576,0.2049351190168589,1.3228199481964111,3.499952793121338,2.418863534927368,-0.31431862711906433,0.2801532745361328,0.21052762866020203,-0.0011949003211671125,0.07206360147997012,0.02722956239043084,0.4380698174266673,0.421048760414,0.4534162965051687,0.42894027009319224
10951.416,1.3644145843982625,3.559302552517038,2.395735465337693,-0.3325100061862394,0.2902570248713889,0.2050746400519585,1.3149547576904297,3.506948709487915,2.4241268634796143,-0.3172522783279419,0.27683261036872864,0.21052631735801697,0.0008011580497332832,0.07201775811330322,0.028391398141921265,0.4411996569911679,0.421052604914,0.4508525203228204,0.430864886220399
10951.437,1.357719690393831,3.5651061112762994,2.399836045571643,-0.3347447002142719,0.29017793795673136,0.2050290116930242,1.3149547576904297,3.506948709487915,2.4241268634796143,-0.3172522783279419,0.27683261036872864,0.21052631735801697,-0.007760358039187218,0.0717697686704202,0.024290817907971274,0.4428411560451696,0.421052604914,0.4463320906239274,0.42219015591903
10951.456,1.350972398890962,3.570915685044185,2.403984699852974,-0.3373645751360756,0.2904786883879506,0.2074327140620299,1.2989548444747925,3.520630359649658,2.4346530437469482,-0.3201417624950409,0.2734702229499817,0.21052512526512146,0.0046792554597253205,0.07219795347387115,0.030668343893974104,0.4450291549578196,0.421042412519,0.44801534916166486,0.43535412987451894
10951.476,1.3442112712367975,3.576727578784574,2.408191640545135,-0.3380563827008504,0.2905946870130979,0.21034703460345794,1.2909512519836426,3.5274672508239746,2.4399161338806152,-0.3201417624950409,0.2734702229499817,0.21052512526512146,0.00659210876388714,0.07224786269279757,0.03172449333548011,0.44566690340082055,0.421042412519,0.44999450503664207,0.43742661361346424
10951.496,1.3374456007224513,3.5825357955877406,2.412458462674831,-0.3382835257406916,0.29041084017840196,0.21334110649953436,1.2909512519836426,3.5274672508239746,2.4399161338806152,-0.3201417624950409,0.2734702229499817,0.21052512526512146,-0.0020147669961264394,0.07204311071154677,0.02745767120578435,0.4457541798746253,0.421042412519,0.44622336707313975,0.428692636107879
10951.517,1.330651031797125,3.5883492840014553,2.4168031548240996,-0.339728446258903,0.29067442067938776,0.21723460745869283,1.2829407453536987,3.5342955589294434,2.4451792240142822,-0.32300955057144165,0.27009284496307373,0.21052633225917816,-0.00011864244944447683,0.07209759046350729,0.02837606919018265,0.4470446706725858,0.421052634716,0.44247511079640894,0.43056140993327274
10951.537,1.323813349772418,3.5941660266947077,2.421181274414924,-0.34188410122788315,0.2908371346562765,0.21890597953643912,1.2829407453536987,3.5342955589294434,2.4451792240142822,-0.32300955057144165,0.27009284496307373,0.21052633225917816,-0.00877901339701219,0.07195812411518074,0.023997949599358304,0.44880114746483507,0.421052634716,0.43719420825153416,0.4217759041271826
10951.557,1.3169415086076715,3.599971566633361,2.4255494383614753,-0.34359205822982986,0.290276996926334,0.21840819732280128,1.2666560411453247,3.547637701034546,2.4557056427001953,-0.3258330523967743,0.2666730582714081,0.21052762866020203,0.0035836034335810993,0.07248875438888723,0.030156204338720016,0.4497481095891028,0.421048343182,0.4380428331257275,0.4348702828205021
10951.576,1.3100279221641071,3.6057466512675624,2.4298621042416544,-0.34567932220211006,0.28875423173002357,0.2156332940238594,1.2585102319717407,3.554304599761963,2.4609687328338623,-0.3258330523967743,0.2666730582714081,0.21052762866020203,0.005411752347924383,0.07260213497126747,0.03110662859220792,0.45035812388764496,0.421048343182,0.4390823881528733,0.43692485786375934
10951.596,1.3030715883098953,3.611477412322514,2.4341023105112525,-0.3478166927029976,0.2865380527413324,0.21201031347527677,1.2585102319717407,3.554304599761963,2.4609687328338623,-0.3258330523967743,0.2666730582714081,0.21052762866020203,-0.0032918155756361048,0.0724127676932454,0.02686642232260983,0.45056831894758553,0.421048343182,0.434392344249417,0.4282619342496329
10951.617,1.2960845843611781,3.617162486690015,2.4383148616593475,-0.3493501974282348,0.28425371836883356,0.2106275574001547,1.2503576278686523,3.5609629154205322,2.4662320613861084,-0.32862380146980286,0.2632332146167755,0.21052631735801697,-0.001468294899623003,0.07243749354464685,0.027917199726760877,0.4502915534479065,0.421052634716,0.4301096365374045,0.4302686287020978
10951.636,1.2890600440720035,3.6228040446836953,2.4425081458051032,-0.3512270144510661,0.2820778996778618,0.2096642072832087,1.2503576278686523,3.5609629154205322,2.4662320613861084,-0.32862380146980286,0.2632332146167755,0.21052631735801697,-0.010171776964033492,0.07224082808159539,0.023723915581005173,0.45036225381195305,0.421052634716,0.4240641166444955,0.421657196485688
10951.657,1.28198909012893,3.6284021485710594,2.4466892943964957,-0.3535476971459605,0.2799051943620921,0.20905742956506243,1.2337958812713623,3.5739593505859375,2.4767582416534424,-0.3313688337802887,0.25975412130355835,0.21052512526512146,0.0021576209225720455,0.07267701359021572,0.030068947256946643,0.45079193044687915,0.421043366194,0.4204450278345091,0.43477032311940983
10951.678,1.2749177608893865,3.633945863713324,2.450818436760533,-0.32142405635712895,0.25198705193229537,0.1876882892827394,1.2251802682876587,3.5807127952575684,2.482231855392456,-0.3313688337802887,0.25975412130355835,0.21052512526512146,0.004418716626945249,0.0727189981428022,0.03141341863192304,0.40828808912204817,0.421043366194,0.42792514040023527,0.439131324886056
10951.696,1.2678708827104996,3.6394055431109757,2.4548832278052117,-0.39149323215974635,0.30331552209126367,0.22582172470400805,1.2251802682876587,3.5807127952575684,2.482231855392456,-0.3313688337802887,0.25975412130355835,0.21052512526512146,-0.004196754965881677,0.07245491327811855,0.027348627587244323,0.4950567670631203,0.421043366194,0.4179271993534899,0.4271479189514856
10951.717,1.2608199480808313,3.6447824457738007,2.4589569335928703,-0.35254673147572096,0.2688451331353806,0.2036852893784806,1.2172207832336426,3.5869383811950684,2.4872846603393555,-0.33409228920936584,0.256257027387619,0.21052633225917816,-0.002661221536628698,0.07238605447386867,0.028327726746485205,0.4431438302267834,0.421052634716,0.41422886207094206,0.43064097038783455
10951.736,1.2538061176381468,3.6500845821011185,2.463003379600531,-0.35069152212657284,0.26510681636010314,0.20232230037862362,1.2172207832336426,3.5869383811950684,2.4872846603393555,-0.33409228920936584,0.256257027387619,0.21052633225917816,-0.011156400599165273,0.07212117655742724,0.024281280738824407,0.4394053155589597,0.421052634716,0.4097524862184346,0.4222014422652052
10951.757,1.246813338936319,3.655319856926253,2.4670577440633155,-0.33298946201049007,0.24929880121087514,0.19306497442914122,1.20038902759552,3.599583387374878,2.4978108406066895,-0.3367680311203003,0.2527233064174652,0.21052762866020203,0.001447942494837505,0.07252361121766099,0.030753096543373992,0.41575955237216183,0.421048432589,0.41515942059084715,0.4365807113259298
10951.777,1.239846862321815,3.6605003711306834,2.4710931438800587,-0.3666566639167643,0.27265864233509723,0.2123894640365173,1.1919697523117065,3.6059014797210693,2.5030741691589355,-0.3367680311203003,0.2527233064174652,0.21052762866020203,0.0035857413572008,0.07252860859687107,0.03198102527887681,0.4567035966766588,0.421048432589,0.41120251435281224,0.43715546719896553
10951.797,1.2329196433419316,3.6656241247894124,2.4751258194910846,-0.3463609489866129,0.2561876829308564,0.2016337805468901,1.1919697523117065,3.6059014797210693,2.5030741691589355,-0.3367680311203003,0.2527233064174652,0.21052762866020203,-0.004734243093951207,0.07225838948989909,0.02794834966785098,0.43062194263655157,0.421048432589,0.4089057019334509,0.4297010746289508
10951.816,1.2259845280993036,3.670703019744548,2.4791845016256775,-0.3467557621238321,0.2539447477512305,0.20293410672521678,1.1919697523117065,3.6059014797210693,2.5030741691589355,-0.3367680311203003,0.2527233064174652,0.21052762866020203,-0.013032972058557742,0.07201656893115524,0.023889667533258052,0.4296020493521447,0.421048432589,0.4053730351994399,0.42119572694396945
10951.837,1.2190524603483976,3.6757482894102447,2.48323879539663,-0.3466033875692545,0.2522634833022793,0.20271468856163471,1.1750003099441528,3.618359088897705,2.5136003494262695,-0.3420107066631317,0.24557289481163025,0.21052512526512146,-0.000266336884074507,0.07234667480521038,0.03036155402963958,0.4285021613784033,0.42104318738,0.4085344263314303,0.43459601726751246
10951.856,1.2121144709665255,3.680760968967515,2.487295232757361,-0.34689946908603686,0.2506339778580417,0.20282186803212404,1.166450023651123,3.6244983673095703,2.5188636779785156,-0.3420107066631317,0.24557289481163025,0.21052512526512146,0.0019921029205088245,0.07243447811571377,0.03156844522115465,0.4277926228986213,0.42104318738,0.41192308551623624,0.4371492952742139
10951.876,1.2051591003861315,3.685748181806103,2.49129809886431,-0.34776852901210753,0.249360641923954,0.2001433053430868,1.157557725906372,3.63088321685791,2.5243372917175293,-0.3420107066631317,0.24557289481163025,0.21052512526512146,0.004669801126356239,0.07248619308922899,0.03303919285321921,0.4277590228936049,0.42104318738,0.41603575684162,0.44007112989380637
10951.897,1.1982091466617997,3.6907089348570596,2.495288210416728,-0.33095017733904397,0.23622633575264412,0.19000531201410714,1.157557725906372,3.63088321685791,2.5243372917175293,-0.3420107066631317,0.24557289481163025,0.21052512526512146,-0.0035768255799957516,0.07224168368967362,0.029049081300801305,0.40646746481822804,0.42104318738,0.4217401114774886,0.43244936956391744
10951.916,1.1912268640329433,3.6956551705444856,2.499338716779269,-0.3674885594441714,0.2603281940967809,0.213184545414698,1.1493431329727173,3.636768102645874,2.5293898582458496,-0.344582736492157,0.24196705222129822,0.21052633225917816,-0.001735158924275372,0.07224211318011492,0.0300511414665805,0.45020266752712346,0.421052634716,0.417624530352941,0.43262652676688174
10951.937,1.1841827459459795,3.70060970655022,2.503438020343062,-0.35220590434050275,0.2477268002813221,0.20496517818516827,1.1493431329727173,3.636768102645874,2.5293898582458496,-0.344582736492157,0.24196705222129822,0.21052633225917816,-0.010048301138611361,0.0720318031527318,0.025951837902787656,0.43046491578949164,0.421052634716,0.41438401694983007,0.42489928312723246
10951.957,1.1770877422177346,3.7055625622410426,2.507538616031727,-0.35475018640450146,0.24764278453571892,0.20502978442876624,1.1319940090179443,3.648693323135376,2.5399162769317627,-0.34710702300071716,0.23832279443740845,0.21052762866020203,0.0026387461607196086,0.07252993967356267,0.03237766090003591,0.43250573426360306,0.421047538519,0.41757559110022574,0.4384867065155263
10951.977,1.1699568629958788,3.710497620960824,2.5116137492667714,-0.3565439610850097,0.24675293598367248,0.2037566617477826,1.1233164072036743,3.654651403427124,2.5451793670654297,-0.34710702300071716,0.23832279443740845,0.21052762866020203,0.004786796583291605,0.07260315907586998,0.0335656177986583,0.4334707522753607,0.421047538519,0.4207476706551535,0.4408666594083345
10951.996,1.1628070214329127,3.7153966952142907,2.5156631395323004,-0.35749207817301304,0.24495371269027746,0.20246951329044371,1.1233164072036743,3.654651403427124,2.5451793670654297,-0.34710702300071716,0.23832279443740845,0.21052762866020203,-0.0035837384456937557,0.07236474214189811,0.029516227533129324,0.43322467529374087,0.421047538519,0.41842945157724365,0.43235608231148015
10952.017,1.1556538178390996,3.720242376419158,2.519734523893007,-0.35766017968284836,0.24228406023806992,0.2035692180308831,1.1146326065063477,3.660600423812866,2.550442695617676,-0.34960007667541504,0.23465955257415771,0.21052631735801697,-0.0014022731898333807,0.07237358578789996,0.030708171724668887,0.43184698776872377,0.421052634716,0.41674414021790634,0.4346914001832821
10952.037,1.148545041320018,3.7250189320064915,2.5238694109376443,-0.35543882594632126,0.2388277793614662,0.20674435222735627,1.1146326065063477,3.660600423812866,2.550442695617676,-0.34960007667541504,0.23465955257415771,0.21052631735801697,-0.009664563123287385,0.07215534389440327,0.026573284680031506,0.428077883514461,0.421052634716,0.41391969156623754,0.4262563228438574
10952.057,1.141472093884909,3.7297253299459747,2.5281025349223816,-0.35364737174773064,0.23531989696902558,0.21165619923224485,1.0970364809036255,3.6721575260162354,2.5609688758850098,-0.3520433008670807,0.23096030950546265,0.21052512526512146,0.0031892941317397186,0.07265262660948038,0.03286634096262819,0.4246369910072525,0.421042919159,0.41817387085163255,0.4399638735549009
10952.076,1.1344344470838998,3.73435980704036,2.5323782754475053,-0.3518823400747805,0.23172385473527396,0.21378702627096202,1.0882353782653809,3.677931547164917,2.5662319660186768,-0.3520433008670807,0.23096030950546265,0.21052512526512146,0.005598187819441734,0.07271287895144177,0.03385369057117149,0.42117574114146716,0.421042919159,0.42339880601819246,0.4423198623926171
10952.097,1.1274473931801408,3.738919472637794,2.536679881776684,-0.3493526951803288,0.22798327986672548,0.21508031645424291,1.0882353782653809,3.677931547164917,2.5662319660186768,-0.3520433008670807,0.23096030950546265,0.21052512526512146,-0.002429333598754878,0.0724652158309523,0.029552084241992738,0.4170125419936722,0.421042919159,0.42758515917364476,0.4336130508408247
10952.117,1.1204458550815426,3.7434392234823974,2.5410100465105927,-0.3500769049222665,0.2259875422252443,0.21650823669070815,1.0794284343719482,3.6836965084075928,2.5714950561523438,-0.3544624149799347,0.22724811732769012,0.21052633225917816,7.764336685082973e-05,0.07246802589890755,0.03048500964175105,0.41652653404147366,0.421052634716,0.43258189514229944,0.4356524435645066
10952.137,1.113398374423764,3.747937072393782,2.5453366747787154,-0.3523740328812331,0.22489244556431578,0.21633141340141243,1.0794284343719482,3.6836965084075928,2.5714950561523438,-0.3544624149799347,0.22724811732769012,0.21052633225917816,-0.007965970798841891,0.07223122730245987,0.02615838137362836,0.4178577334967114,0.421052634716,0.43158214802238454,0.4266924993563407
10952.157,1.1062974852319185,3.7524211508988734,2.5496909014556968,-0.35504445958452985,0.22420392524967966,0.21771133384431665,1.061592698097229,3.694880962371826,2.582021474838257,-0.3568321466445923,0.22350282967090607,0.21052762866020203,0.004995670959365497,0.07269411640670648,0.03233057338256007,0.4197370886193788,0.421049505472,0.4368864285287086,0.4400357711220629
10952.178,1.0991373384790983,3.7569053454084163,2.554043135956497,-0.3580073376657547,0.2242097254926402,0.2176117250550428,1.0526717901229858,3.7004685401916504,2.587284564971924,-0.3568321466445923,0.22350282967090607,0.21052762866020203,0.007389119668055638,0.07272936874221136,0.03324142901542704,0.42225469803525795,0.421049505472,0.44259196538580414,0.44195411379962307
10952.197,1.091915579941341,3.7613758115141325,2.558353991670131,-0.36108792687998903,0.22352330528093195,0.21554278567699453,1.0526717901229858,3.7004685401916504,2.587284564971924,-0.3568321466445923,0.22350282967090607,0.21052762866020203,-0.000787326276105213,0.07245102384778722,0.02893057330179305,0.4244951065019926,0.421049505472,0.44588680379672685,0.43287228792729715
10952.216,1.084625896986,3.765842568239472,2.5626552723197706,-0.3644841477590854,0.22333783626210413,0.21506403247729863,1.0437452793121338,3.7060468196868896,2.59254789352417,-0.3591676950454712,0.21973590552806854,0.21052631735801697,0.0015025627901096433,0.07241891155922098,0.029892621204399283,0.4272853572002853,0.421052604914,0.4494246431980674,0.43466205134587743
10952.236,1.0772614576534814,3.770313299864195,2.5669440129619376,-0.36822196661789924,0.22353658123127074,0.21443703210366927,1.0437452793121338,3.7060468196868896,2.59254789352417,-0.3591676950454712,0.21973590552806854,0.21052631735801697,-0.0067984746929308955,0.07216159246329437,0.025603880562232284,0.43058043207411756,0.421052604914,0.44682427446131484,0.4256339035486135
10952.256,1.0697952061753375,3.7747844424265122,2.57122876133126,-0.37331257393299583,0.22355712813131146,0.21423741848092065,1.025678277015686,3.716853141784668,2.603074073791504,-0.36145368218421936,0.2159351110458374,0.21052512526512146,0.005854087785376383,0.07258146243177083,0.031845312460244024,0.4349259649260765,0.421042442322,0.4501690518461646,0.43866271758069636
10952.277,1.0622654223796686,3.7792540935389116,2.5755084298811792,-0.3764891897752286,0.22348255561509117,0.21398342749129654,1.0166419744491577,3.7222514152526855,2.608337163925171,-0.36145368218421936,0.2159351110458374,0.21052512526512146,0.00793422027609023,0.07257997300551651,0.03282873404399167,0.43762040769661786,0.421042442322,0.4535545635963866,0.440478457386236
10952.297,1.0547051073902736,3.783712809549079,2.5797807547030054,-0.37801574946149985,0.22293580050349526,0.21361624108664504,1.0166419744491577,3.7222514152526855,2.608337163925171,-0.36145368218421936,0.2159351110458374,0.21052512526512146,-0.0005292456640416596,0.07229125104171928,0.028556409222165513,0.43867389031325205,0.421042442322,0.45108103869536353,0.43148557632853224
10952.317,1.0471071540054924,3.7881595303685214,2.5840641774074387,-0.3618073040575077,0.21174861046152943,0.20397250974636638,1.0076000690460205,3.727640390396118,2.613600492477417,-0.363713800907135,0.21212640404701233,0.21052633225917816,0.0015042377705715565,0.0722572718397522,0.029536315069978336,0.41905133796213745,0.421052664518,0.45600398464393194,0.43409740143526954
10952.337,1.0394789953390275,3.7925900512466004,2.5883452034524925,-0.4014820350721761,0.23318530936972393,0.2253171602632321,1.0076000690460205,3.727640390396118,2.613600492477417,-0.363713800907135,0.21212640404701233,0.21052633225917816,-0.007004682188616607,0.07201151861767756,0.025255289024924465,0.4641179206682785,0.421052664518,0.4490224768654884,0.4236016369204042
10952.356,1.0317946955883393,3.7970079480178076,2.592656793462271,-0.3842149875260282,0.22089483855553763,0.2155795004842104,0.9893093705177307,3.7380642890930176,2.624126672744751,-0.3659230172634125,0.20828458666801453,0.21052762866020203,0.005487785489049941,0.07245165273631396,0.03146987928248013,0.4430246669579011,0.421048849821,0.45115537872463196,0.4373835199049487
10952.376,1.0240633766738259,3.8014035881655897,2.5969490358225205,-0.3865659457172319,0.21978200738430476,0.21461211800779595,0.9801613092422485,3.7432713508605957,2.629390001296997,-0.3659230172634125,0.20828458666801453,0.21052762866020203,0.007430879103187425,0.07246744492946267,0.03244096547447661,0.4445064711824014,0.421048849821,0.4534720487334999,0.4392297998102821
10952.397,1.016312545524313,3.8057607879513666,2.601225946213054,-0.38754155746718655,0.21785998928409345,0.21384551952201084,0.9801613092422485,3.7432713508605957,2.629390001296997,-0.3659230172634125,0.20828458666801453,0.21052762866020203,-0.0011473099756369905,0.07218396852808019,0.02816405508394304,0.4444028469678122,0.421048849821,0.44989921688336904,0.430297591014829
10952.416,1.008543050355003,3.810080595400791,2.6055152543249775,-0.38847475849234775,0.21599037248614938,0.21446540561100008,0.9710079431533813,3.748469114303589,2.634653091430664,-0.3680986762046814,0.20442280173301697,0.21052631735801697,0.0008004902679267095,0.0721402667790956,0.029137837105686515,0.4442999473134938,0.421052634716,0.44705186131898583,0.43206897532353694
10952.437,1.0007627385588707,3.814367942975933,2.6097847746705916,-0.38901558979812695,0.21436737875242848,0.2134760172760407,0.9710079431533813,3.748469114303589,2.634653091430664,-0.3680986762046814,0.20442280173301697,0.21052631735801697,-0.0077713811481867415,0.07188608422399376,0.024868316760072506,0.4439933760467193,0.421052634716,0.44236912340322765,0.4232256814875065
10952.456,0.9929612789139511,3.818628252533965,2.6140737200044657,-0.3900729822374614,0.2130154778969517,0.21444726668902603,0.9525020122528076,3.75850510597229,2.645179510116577,-0.37022268772125244,0.2005310207605362,0.21052512526512146,0.00469372312831462,0.07231676136573675,0.031105790112111453,0.4442760413276662,0.421043395996,0.4441625817724537,0.436278824446509
10952.476,0.9851427332673884,3.8228686396275227,2.6183389404230697,-0.390927282319602,0.21201935467324465,0.21326102092554491,0.9432464838027954,3.7635185718536377,2.650442600250244,-0.37022268772125244,0.2005310207605362,0.21052512526512146,0.00663314623844578,0.07234450659824519,0.03210365982717445,0.4445666972063025,0.421043395996,0.44630638719770765,0.43824048343375044
10952.497,0.9773046542407099,3.827087054869765,2.6225855436480145,-0.39190395136101636,0.21092076212668925,0.2123301612619194,0.9432464838027954,3.7635185718536377,2.650442600250244,-0.37022268772125244,0.2005310207605362,0.21052512526512146,-0.0019580058539683046,0.072090756825168,0.02785705660222959,0.44491548874435854,0.421043395996,0.4424838274887602,0.42940236917878516
10952.517,0.9694471295515399,3.831273106533736,2.6268528451431483,-0.39287623444992453,0.2093025831939876,0.21336507475203112,0.9339857697486877,3.768522262573242,2.655705690383911,-0.37232041358947754,0.1966286599636078,0.21052633225917816,-2.6460124576195565e-05,0.07207756763850585,0.028852845240762814,0.44500908212051016,0.421052634716,0.43938139328139425,0.43126806068836016
10952.537,0.9615779329693408,3.8354199147529293,2.6311219153428254,-0.39345982910136607,0.2073404109551408,0.21345350997919268,0.9339857697486877,3.768522262573242,2.655705690383911,-0.37232041358947754,0.1966286599636078,0.21052633225917816,-0.008610826433525346,0.07185037930645362,0.024583775041085776,0.44460349056470927,0.421052634716,0.43444215073993603,0.4224948726749717
10952.557,0.9536963390911415,3.8395228732798556,2.635399693804278,-0.37531399418852396,0.19537897746672514,0.20370373625344243,0.9152724742889404,3.7781665325164795,2.666232109069824,-0.3743666112422943,0.192694291472435,0.21052762866020203,0.0038566929379036316,0.0722919072773162,0.030832415265546143,0.42297809734075387,0.421048045158,0.4392852607165634,0.4364964697119924
10952.578,0.9458539056162519,3.8435744804615775,2.6396842746896807,-0.3921216737715818,0.20258035910009353,0.21422904428493897,0.9152724742889404,3.7781665325164795,2.666232109069824,-0.3743666112422943,0.192694291472435,0.21052762866020203,-0.004658023858610964,0.07205363564837186,0.02654783438014352,0.4412210486853979,0.421048045158,0.4356192989957883,0.426901482411664
10952.597,0.9380348554850281,3.8475721764909485,2.643942302900296,-0.411528954269897,0.21040505417484565,0.22410674792437332,0.9002978205680847,3.785874366760254,2.6746530532836914,-0.3743666112422943,0.192694291472435,0.21052762866020203,0.003707579862297014,0.07222850809377337,0.030710750383395435,0.46205263731420554,0.421048045158,0.43096203095938185,0.4345176262282155
10952.616,0.9302208204580624,3.8515281121437295,2.648183306897914,-0.39070175133975427,0.1977967826347306,0.21205019987628018,0.8965492248535156,3.7877917289733887,2.6767585277557373,-0.3763771951198578,0.18874728679656982,0.21052631735801697,-0.0005321919965676734,0.07208203425175672,0.028575220857823158,0.43778285179089654,0.421052634716,0.42860917714205626,0.4310344746005402
10952.637,0.9223991448485558,3.8554478240765917,2.65240700099322,-0.3910837804667955,0.19598559663883328,0.21118470476067847,0.8965492248535156,3.7877917289733887,2.6767585277557373,-0.3763771951198578,0.18874728679656982,0.21052631735801697,-0.00897395336923729,0.07186816909655055,0.024351526762517395,0.4373108838372639,0.421052634716,0.4246212389812337,0.42235469291567257
10952.656,0.9145631262529603,3.8593331078444777,2.6566192279588545,-0.39180092977122094,0.19426418839005932,0.21061134827713346,0.8776373267173767,3.7970399856567383,2.6872847080230713,-0.37833482027053833,0.1847691833972931,0.21052512526512146,0.003627677495710656,0.07232418474636168,0.030665480064216766,0.43718434302932324,0.421042621136,0.4271953209922935,0.43568954163439855
10952.676,0.9067444090573378,3.863177264435662,2.6608014225694196,-0.39093585980814954,0.19220782957250682,0.20910973054271031,0.8681789636611938,3.801659345626831,2.6925477981567383,-0.37833482027053833,0.1847691833972931,0.21052512526512146,0.005742393435257207,0.07237936743857054,0.03174637558731863,0.4355076166219114,0.421042621136,0.4304316049991811,0.43797588064284454
10952.697,0.8989562254518375,3.866966635392299,2.6649912013917993,-0.3894091802665133,0.1894685478277035,0.20948894111441216,0.8681789636611938,3.801659345626831,2.6925477981567383,-0.37833482027053833,0.1847691833972931,0.21052512526512146,-0.00261308579329499,0.07214883036111865,0.027556596764938934,0.4329340740191332,0.421042621136,0.42823603609036,0.42939163239899203
10952.716,0.8911830144902555,3.870709402817764,2.6692147044977723,-0.3886605480706169,0.18713837126918065,0.211175155294039,0.8587158918380737,3.8062686920166016,2.6978108882904053,-0.38026708364486694,0.18078236281871796,0.21052633225917816,-0.00040924251178379653,0.07215643964635064,0.028596183792632957,0.4312467905439815,0.421052634716,0.4306968273869916,0.4315296769225376
10952.737,0.8834011853393866,3.8744125795521813,2.6734283964136645,-0.3890914575349515,0.18515883671681402,0.21068459579000917,0.8587158918380737,3.8062686920166016,2.6978108882904053,-0.38026708364486694,0.18078236281871796,0.21052633225917816,-0.008720739031740761,0.0719506902986203,0.024382491876740797,0.4307772129771495,0.421052634716,0.42767625469965587,0.42288016358197744
10952.757,0.8755945410740411,3.878084093968372,2.6776629084272843,-0.3903322132942552,0.1835757208222258,0.2117256006956246,0.8396134376525879,3.8151168823242188,2.7083373069763184,-0.38214120268821716,0.176765576004982,0.21052512526512146,0.0040022542723120655,0.07241195692981006,0.030674398549034088,0.4312183612494067,0.421043902636,0.43133849424108434,0.43626673897114443
10952.776,0.8677631183468607,3.8817297907146067,2.68187147781142,-0.391571136350473,0.18228483730775139,0.21042846920218716,0.8300599455833435,3.819535970687866,2.7136003971099854,-0.38214120268821716,0.176765576004982,0.21052512526512146,0.006193398818377771,0.07246545588782785,0.03172891929856547,0.43179621414100366,0.421043902636,0.4349953979643154,0.43844635709047863
10952.796,0.8599190837575778,3.8853410188502155,2.6860522172391827,-0.39220172945558684,0.1805614067765027,0.20903697138358066,0.8300599455833435,3.819535970687866,2.7136003971099854,-0.38214120268821716,0.176765576004982,0.21052512526512146,-0.0021365751000458413,0.07223093203745187,0.027548179870802603,0.43164390492156335,0.421043902636,0.4331836228688397,0.429760753243296
10952.817,0.8520419613586888,3.888921275044318,2.6902494839070927,-0.39385611993584974,0.17901280970120723,0.20986333339091826,0.8205018639564514,3.8239452838897705,2.7188634872436523,-0.38398846983909607,0.17273731529712677,0.21052633225917816,4.0860347493249655e-05,0.07222641830445725,0.028614003336559612,0.4324970182525096,0.421052634716,0.4356915903099219,0.4318028249482587
10952.836,0.8441239628697524,3.8924782498337436,2.6944515608711845,-0.3958999244741839,0.17784873948358007,0.210103848219113,0.8205018639564514,3.8239452838897705,2.7188634872436523,-0.38398846983909607,0.17273731529712677,0.21052633225917816,-0.008333194248593294,0.0720092275459386,0.024411926372467807,0.4338777155661668,0.421052634716,0.432316340096982,0.42307167994119743
10952.857,0.8361450191314184,3.896018080320486,2.6986729308561928,-0.3989471869079957,0.17699152433325893,0.21106849924580365,0.8012171983718872,3.8323895931243896,2.7293899059295654,-0.38578206300735474,0.1686832755804062,0.21052762866020203,0.0042875815943261425,0.07245794428456917,0.030716975073372677,0.4363053506035237,0.421048521996,0.4352926309456903,0.43630987660873294
10952.877,0.8281094392145486,3.899546651777489,2.70287563751232,-0.4017789958347181,0.17642857284628918,0.21013533280177363,0.791572630405426,3.836606740951538,2.7346529960632324,-0.38578206300735474,0.1686832755804062,0.21052762866020203,0.006341167325025689,0.0724993818572892,0.03177735855091246,0.43867251212400604,0.421048521996,0.43806400519594224,0.43834557206597824
10952.897,0.8200229360710407,3.903062289515897,2.707067647676463,-0.38507157825054,0.16741132087146793,0.19961953161977347,0.791572630405426,3.836606740951538,2.7346529960632324,-0.38578206300735474,0.1686832755804062,0.21052762866020203,-0.00217000816562353,0.07225683975941571,0.027585348386769404,0.41976366807018856,0.421048521996,0.44210781007426336,0.43030721950500195
10952.916,0.8118825173529683,3.9065634771216726,2.7112736129141437,-0.42844309046062845,0.18427303189831926,0.22136659147535837,0.7819238305091858,3.8408138751983643,2.7399163246154785,-0.38753968477249146,0.16461563110351562,0.21052631735801697,-0.00020072071557352897,0.07225297766647189,0.02864271170133481,0.4662545741004762,0.421052634716,0.43614827221443303,0.43054713227075425
10952.937,0.803687249825772,3.9100491870400607,2.715480757111721,-0.4097633763508731,0.1742854959155975,0.21035720987428363,0.7819238305091858,3.8408138751983643,2.7399163246154785,-0.38753968477249146,0.16461563110351562,0.21052631735801697,-0.008799946190099061,0.0720398207467083,0.024435567503757305,0.445160252486042,0.421052634716,0.43110078262951124,0.4226846115501277
10952.956,0.795451339277277,3.9135205605359467,2.7197088945654264,-0.41179552741576336,0.1735686747905113,0.2114068726806457,0.7624658942222595,3.8488500118255615,2.7504425048828125,-0.38924309611320496,0.16052208840847015,0.21052512526512146,0.003611973498458959,0.0725070555423836,0.030733610317386084,0.4467618261223785,0.421043366194,0.4323349067338975,0.43583044807781135
10952.977,0.7872432323538802,3.916962122227204,2.723942264455671,-0.3908622344355492,0.16388389005488574,0.20158904238644243,0.7527347803115845,3.852863073348999,2.7557055950164795,-0.38924309611320496,0.16052208840847015,0.21052512526512146,0.005542793848320477,0.07258649162069329,0.03176333056080871,0.4237390626415485,0.421043366194,0.43743115452311226,0.4389542361723574
10952.996,0.7790795303461526,3.9203614619707454,2.728173502584768,-0.42966852675837147,0.17891261809605336,0.2226967436552861,0.7527347803115845,3.852863073348999,2.7557055950164795,-0.38924309611320496,0.16052208840847015,0.21052512526512146,-0.0029917171128622695,0.07239563487968587,0.027532092431711508,0.4653469031153128,0.421043366194,0.4310617430512244,0.42866460410921947
10953.016,0.7709538314223755,3.923713409596774,2.732423836774319,-0.4062849461799879,0.16759738129777368,0.21251670947291162,0.7429996132850647,3.8568661212921143,2.7609686851501465,-0.39091911911964417,0.15642106533050537,0.21052633225917816,-0.0009483376891253129,0.0724506654281522,0.028544848375827492,0.43942496242565987,0.421052604914,0.4284044814798259,0.4317151013944699
10953.037,0.7628762555325821,3.9270008333215074,2.7366918995862983,-0.3846464709308155,0.15654398688729085,0.20324108627853343,0.7429996132850647,3.8568661212921143,2.7609686851501465,-0.39091911911964417,0.15642106533050537,0.21052633225917816,-0.009358547943168715,0.07229368104389974,0.024276785563848158,0.415211521113819,0.421052604914,0.4274003689530485,0.4238960681204942
10953.057,0.7548175017209978,3.9302303125641176,2.7409801383973367,-0.4241449374466063,0.16997259171424287,0.22569677952556833,0.7233765721321106,3.8644909858703613,2.7714951038360596,-0.3925406336784363,0.15229438245296478,0.21052762866020203,0.0033143264181142128,0.07279564800148405,0.030514965438722896,0.4568484402583777,0.421048372984,0.423376405686265,0.43574282683086785
10953.076,0.7467994834888362,3.9334116583227066,2.745270840806314,-0.40090091163579283,0.15906728794044356,0.21453512046369558,0.713563084602356,3.868298292160034,2.7767581939697266,-0.3925406336784363,0.15229438245296478,0.21052762866020203,0.005524574921064524,0.07289641785380827,0.03148735316341256,0.4312303329873291,0.421048372984,0.4271828444934731,0.43900535266751983
10953.097,0.7388689113119273,3.9365441855220893,2.749579916031093,-0.3965286088367869,0.1566263599657176,0.21545376123424553,0.713563084602356,3.868298292160034,2.7767581939697266,-0.3925406336784363,0.15229438245296478,0.21052762866020203,-0.002687115412745786,0.0727369660970159,0.027178277938633588,0.4262877109625604,0.421048372984,0.426025066830973,0.43052887258725475
10953.117,0.731023610366645,3.939647993429842,2.753913944929118,-0.3922650472555553,0.1551903953842402,0.21670144489651597,0.7037457227706909,3.8720955848693848,2.7820215225219727,-0.394125372171402,0.14815708994865417,0.21052631735801697,-0.00028396930748046667,0.07285142699665415,0.02810757759285476,0.4218229437982285,0.421052634716,0.43017947378914145,0.43294106117147424
10953.136,0.7232515125542128,3.942741145966235,2.758256604189512,-0.3886048906131253,0.15465762681627837,0.21713296301496654,0.7037457227706909,3.8720955848693848,2.7820215225219727,-0.394125372171402,0.14815708994865417,0.21052631735801697,-0.008332503668380991,0.07281373854146038,0.02376491833246064,0.41824524840276106,0.421052634716,0.4290765611014945,0.42463695478486124
10953.157,0.7154874475335345,3.945804047391913,2.7625951184498696,-0.3882032510254403,0.15314507128055715,0.2169257130131442,0.6835711002349854,3.8794496059417725,2.7927582263946533,-0.39565473794937134,0.14399492740631104,0.21052512526512146,0.005101000441171042,0.07345437304572752,0.030163107944783718,0.41731683917133383,0.421043008566,0.43476246415052494,0.4389776913477522
10953.177,0.7076552603032699,3.9488207393576267,2.766908670610291,-0.391609361540303,0.1508345982961133,0.21567760803598893,0.6736797094345093,3.883049488067627,2.7980213165283203,-0.39565473794937134,0.14399492740631104,0.21052512526512146,0.007547579176138325,0.07364258008562677,0.03111264591802909,0.41964301884587185,0.421043008566,0.44091301610815836,0.4413578317078508
10953.197,0.6997159388885317,3.951783402133848,2.771215269903797,-0.39696607072824447,0.14813313880782394,0.21532996467058135,0.6736797094345093,3.883049488067627,2.7980213165283203,-0.39565473794937134,0.14399492740631104,0.21052512526512146,-0.0006086920861924049,0.07349738553846213,0.02680604662452346,0.423667468678119,0.421043008566,0.44438074498050106,0.4325395997317005
10953.217,0.6916247146604377,3.954685801683372,2.775535240359373,-0.4045612113958663,0.14511997747304808,0.21599852277408937,0.664180338382721,3.886495351791382,2.8030741214752197,-0.39715686440467834,0.13982753455638885,0.21052633225917816,0.0012181961713624845,0.07349589950353028,0.02753888111584679,0.42970111794933796,0.421052634716,0.4475530764866165,0.4338471161327687
10953.236,0.6834008569888033,3.9575529772654385,2.7798779950180212,-0.4111928835727481,0.14335877910019051,0.2171377329276757,0.664180338382721,3.886495351791382,2.8030741214752197,-0.39715686440467834,0.13982753455638885,0.21052633225917816,-0.0071689768377617875,0.07326131478889594,0.023196126457198485,0.4353167589185351,0.421052634716,0.44424619573302215,0.4247290975096726
10953.256,0.6750810937655423,3.9604074020701665,2.7842394273548194,-0.4159881611918038,0.14272124024626376,0.2180716168549834,0.6438551545143127,3.893423080444336,2.8138108253479004,-0.39860299229621887,0.1356360912322998,0.21052762866020203,0.0058224289829207805,0.07367535508250389,0.02957139799308095,0.43963180187994,0.421048104763,0.4469570244710505,0.43799781857359915
10953.276,0.6666877258351903,3.963253618830164,2.788577794782155,-0.4196683965084369,0.1423108379967642,0.21691837136203507,0.6342886686325073,3.8966784477233887,2.8188636302948,-0.39860299229621887,0.1356360912322998,0.21052762866020203,0.007384236100114308,0.07367106197644292,0.030285835512644965,0.44299028786860584,0.421048104763,0.44951129870524714,0.4392677787267666
10953.296,0.6582423404455507,3.9660854136073582,2.792904837664106,-0.4222692694727613,0.14158973885662476,0.21635214409284215,0.6342886686325073,3.8966784477233887,2.8188636302948,-0.39860299229621887,0.1356360912322998,0.21052762866020203,-0.0012017387219566342,0.07341431148345433,0.025958792630693672,0.44523412714599253,0.421048104763,0.4460174645260151,0.43023906223544783
10953.316,0.6497550376543308,3.968895899752418,2.797245253113318,-0.4243651395517319,0.1405243072499309,0.2170207724558595,0.6243201494216919,3.9000589847564697,2.824126720428467,-0.40001243352890015,0.13143593072891235,0.21052631735801697,0.0007036224206513654,0.07338228206491963,0.026881467315148733,0.44689173239411323,0.421052664518,0.44267421209261476,0.43189230271347057
10953.337,0.6412483200599712,3.9716827890418376,2.8015829196378137,-0.4253358797473806,0.1393444644806013,0.21688332623977288,0.6243201494216919,3.9000589847564697,2.824126720428467,-0.40001243352890015,0.13143593072891235,0.21052631735801697,-0.007927214594269177,0.07316892489468317,0.0225438007906531,0.4474568633162066,0.421052664518,0.43751332692253286,0.42302816432592927
10953.356,0.6327274100783148,3.9744401792449664,2.805926472008415,-0.4260454990735225,0.1378695101534315,0.21717761852532172,0.6042552590370178,3.9064300060272217,2.834652900695801,-0.4013654589653015,0.12721265852451324,0.21052512526512146,0.004480719302274259,0.07359327551183123,0.02872642868738584,0.4476823347204122,0.421043097973,0.4388235493018329,0.43594718428978074
10953.376,0.6242151780457739,3.9771672370615057,2.8102525304078263,-0.42561160161775596,0.1363528908239866,0.2163029199658465,0.5942211151123047,3.9096105098724365,2.839916229248047,-0.4013654589653015,0.12721265852451324,0.21052512526512146,0.006385686864921088,0.07363951522802412,0.029663698840220576,0.44681844440896745,0.421043097973,0.4406392024174938,0.4379039582376426
10953.396,0.6157235485333277,3.9798522531885636,2.8145561696817687,-0.42458147561304216,0.13425080634996758,0.21518196369242276,0.5942211151123047,3.9096105098724365,2.839916229248047,-0.4013654589653015,0.12721265852451324,0.21052512526512146,-0.0022015449087440866,0.07342622383814242,0.02536005956627818,0.44520447847385064,0.421043097973,0.43694874817315327,0.4291692861556127
10953.417,0.6072328318436139,3.982495195756302,2.8188676315345518,-0.42453583451503435,0.1321471283960511,0.2155730926540549,0.5841837525367737,3.912780523300171,2.845179319381714,-0.402690589427948,0.12298616766929626,0.21052633225917816,-0.0002509896280278902,0.073425694526952,0.02631168784716209,0.4445297783544789,0.421052604914,0.43374496589098344,0.43103767821372896
10953.436,0.5987498664486469,3.9850925416413605,2.823195825879506,-0.4241482697390896,0.12986729425009302,0.21640971724297708,0.5841837525367737,3.912780523300171,2.845179319381714,-0.402690589427948,0.12298616766929626,0.21052633225917816,-0.008802870947717053,0.07323734794589472,0.021983493502208074,0.44348416770028404,0.421052604914,0.4289657065524482,0.422301948261254
10953.456,0.5902608517728075,3.9876405033449105,2.827528884579724,-0.4244507337827052,0.12739808517471835,0.21665293500619012,0.5639889240264893,3.9187278747558594,2.855705738067627,-0.4039590656757355,0.11873950064182281,0.21052762866020203,0.0036979487973498835,0.0736579238185034,0.028176853487902775,0.44304576249581495,0.421048671007,0.4307712177838333,0.4353153495783173
10953.477,0.5817842346255665,3.990138025282863,2.831847398157444,-0.4238308573527995,0.12487609689489347,0.21592567888128436,0.5534859895706177,3.9218151569366455,2.8611793518066406,-0.4039590656757355,0.11873950064182281,0.21052762866020203,0.006125661845886313,0.07369722707941148,0.029331953649196496,0.44172551251103176,0.421048671007,0.4332508870019854,0.43772317972951913
10953.497,0.5733469121959825,3.9925731329911263,2.836147304798817,-0.4017772585741679,0.11595750992381257,0.20475745912447837,0.5534859895706177,3.9218151569366455,2.8611793518066406,-0.4039590656757355,0.11873950064182281,0.21052762866020203,-0.0023365702595752637,0.07345534604288016,0.0250320470078238,0.41805074744841314,0.421048671007,0.4375475972342102,0.42966536251660503
10953.518,0.5649112432355916,3.994945396092621,2.8404367162151356,-0.4217834480103404,0.11861315507214251,0.21447057081125745,0.543787956237793,3.924654483795166,2.866231918334961,-0.4051903486251831,0.11448179185390472,0.21052631735801697,-0.0006773763474354245,0.07339309753978093,0.025795202119825333,0.43798431303590135,0.421052604914,0.4351761638390304,0.4303580108483534
10953.537,0.5564694779268096,3.9972660086719825,2.844701946376412,-0.44430343729887356,0.12213750417542743,0.2244857979591673,0.543787956237793,3.924654483795166,2.866231918334961,-0.4051903486251831,0.11448179185390472,0.21052631735801697,-0.009115668317697199,0.07314478196294841,0.021529971958548888,0.4605966124073083,0.421052604914,0.4282962426840043,0.4208809904074092
10953.557,0.5479845211381875,3.9995466898889487,2.8489654819220283,-0.4242478394218418,0.11403406084582235,0.213176777276157,0.5234726667404175,3.930175304412842,2.876758337020874,-0.40636447072029114,0.11020635813474655,0.21052512526512146,0.003458365054881146,0.07349326390928129,0.02779285509884577,0.43910803495986245,0.421043366194,0.4306006382817628,0.4344642547262696
10953.577,0.5394562542309107,4.001797048443371,2.853212920712372,-0.42641334539331516,0.11251792772888933,0.21237193953187694,0.5133135318756104,3.9329304695129395,2.882021427154541,-0.40636447072029114,0.11020635813474655,0.21052512526512146,0.0054775804506884025,0.07345776839881472,0.028808506442168813,0.4408050186850526,0.421043366194,0.43319571418107156,0.4362719986276451
10953.597,0.5309186325542478,4.004020832706849,2.8574116490259884,-0.4268810838238293,0.11118921317147415,0.20993641567622898,0.5133135318756104,3.9329304695129395,2.882021427154541,-0.40636447072029114,0.11020635813474655,0.21052512526512146,-0.0030327163401919315,0.07317500898904526,0.024609778128552584,0.4409338406775048,0.421043366194,0.4300939391942799,0.42743757820270456
10953.616,0.5223740275149056,4.006205803742789,2.8616293246285895,-0.4272302519577834,0.10924855179462965,0.21088378012545245,0.5031515955924988,3.9356753826141357,2.887284517288208,-0.40751051902770996,0.10592678189277649,0.21052633225917816,-0.001014977035663986,0.07309590970234825,0.025655192659618464,0.4407838905661342,0.421052604914,0.4272530624188307,0.4292486493159344
10953.637,0.5138485824343456,4.008344985564234,2.8658455629638118,-0.40597357525238237,0.10186580101806939,0.20077325405207952,0.5031515955924988,3.9356753826141357,2.887284517288208,-0.40751051902770996,0.10592678189277649,0.21052633225917816,-0.009492576690046339,0.07283671950467807,0.021438954324396242,0.4183713113853742,0.421052604914,0.4257742981906094,0.42109566085615463
10953.657,0.5053437782847341,4.010440656395149,2.8700427155492907,-0.44762127102670013,0.11029846478364824,0.2209027676540785,0.4827243685722351,3.940767288208008,2.897810935974121,-0.40859898924827576,0.10162810981273651,0.21052762866020203,0.0031024190635606137,0.07318736862489916,0.027768220424830403,0.4608035759521147,0.421047985554,0.4211962993698633,0.43277797675041263
10953.677,0.49686936181791364,4.012492868622851,2.8742436554834523,-0.403543641299815,0.09772439180081952,0.20004475878082809,0.47250938415527344,3.943308115005493,2.903074026107788,-0.40859898924827576,0.10162810981273651,0.21052762866020203,0.005217660145669847,0.07316224892267266,0.0288303706243358,0.41502399223026354,0.421047985554,0.4275243088711316,0.4365111626655557
10953.697,0.4884468033729366,4.01450107206967,2.8784527393286945,-0.44329254973020066,0.10569491825235747,0.22153072869424384,0.47250938415527344,3.943308115005493,2.903074026107788,-0.40859898924827576,0.10162810981273651,0.21052762866020203,-0.0031294392717173946,0.07288789389676412,0.024621286779093587,0.455526227844614,0.421047985554,0.4221850048306101,0.42624902779830814
10953.717,0.48003472640790246,4.016464030804941,2.882672784596675,-0.42060384824252683,0.09814793676138393,0.21100226339442366,0.47250938415527344,3.943308115005493,2.903074026107788,-0.40859898924827576,0.10162810981273651,0.21052762866020203,-0.011456089340289265,0.07264417946058992,0.020401241511113,0.431713361642906,0.421047985554,0.41869016932400005,0.4182624873062035
10953.737,0.47161516448444507,4.018387071602708,2.8868742903032505,-0.42097809616368026,0.09615203988627649,0.21007528532418468,0.45202821493148804,3.948173999786377,2.913600444793701,-0.41064319014549255,0.09300203621387482,0.21052512526512146,0.001263173737247568,0.07288297770251242,0.026726154490450682,0.43162264809634315,0.421043008566,0.42158504450183953,0.43116101712386723
10953.756,0.46320972704523933,4.020274290157669,2.891084177773941,-0.420271871989337,0.09436092775456077,0.21049437354908074,0.44176214933395386,3.9504990577697754,2.918863534927368,-0.41064319014549255,0.09300203621387482,0.21052512526512146,0.003481081112405568,0.07291408450193321,0.027779357153427053,0.4305454676407846,0.421043008566,0.42507729505312114,0.4333557204459744
10953.776,0.45479718696279425,4.022124288784737,2.895260930901946,-0.42062700411307236,0.09249993135138787,0.20883765639569293,0.4314960837364197,3.952824115753174,2.924126625061035,-0.41064319014549255,0.09300203621387482,0.21052512526512146,0.005699010266224557,0.0728901685809291,0.028865694159089017,0.4304856538861105,0.421043008566,0.4290233645064116,0.43542568706583795
10953.797,0.44639992658143446,4.023945000392759,2.8994384371159847,-0.419863019058825,0.0910355803991016,0.2088753106973688,0.4314960837364197,3.952824115753174,2.924126625061035,-0.41064319014549255,0.09300203621387482,0.21052512526512146,-0.0025853969730106566,0.07261969764435841,0.024688187945050455,0.42944278786706735,0.421043008566,0.4274419356188319,0.4266904788376639
10953.817,0.4380025371691034,4.0257260801643495,2.9036648537101075,-0.41986947060738694,0.08905398857757998,0.21132082970152818,0.4212276339530945,3.955138683319092,2.929389715194702,-0.41160812973976135,0.08867963403463364,0.21052633225917816,-0.00033436661779656304,0.07255250629896441,0.02572486148459463,0.42903017272391797,0.421052634716,0.4303698169267917,0.42860936102392694
10953.837,0.42955708200819576,4.027467783418741,2.9079193642314913,-0.4222727580745715,0.08708516272559957,0.21272552608389464,0.4212276339530945,3.955138683319092,2.929389715194702,-0.41160812973976135,0.08867963403463364,0.21052633225917816,-0.008644912890640025,0.07229207361281711,0.021470350963210816,0.43096118848919124,0.421052634716,0.4273498517417843,0.4196866896595174
10953.857,0.42105438346697555,4.029175895686052,2.912204892838603,-0.4251349270517307,0.08540561336367698,0.21427643035090943,0.40060412883758545,3.9593663215637207,2.9399161338806152,-0.41251468658447266,0.08434049040079117,0.21052762866020203,0.004041180162196702,0.072630974222055,0.02771124104201217,0.43341849806245825,0.421048313379,0.4305436175233692,0.4326203110646141
10953.877,0.41252555920829853,4.030854967130222,2.9164500248565823,-0.4264412129245424,0.08395357220666244,0.21225660089433038,0.3898787498474121,3.961559295654297,2.945389986038208,-0.41251468658447266,0.08434049040079117,0.21052762866020203,0.006605315984463204,0.07260260229683954,0.028939961181625673,0.4344210554589655,0.421048313379,0.4341118295805852,0.4349271686786048
10953.896,0.4040022949004958,4.032508907430321,2.9206867778027625,-0.4261632153808357,0.08269701500315708,0.21183764730438603,0.3898787498474121,3.961559295654297,2.945389986038208,-0.41251468658447266,0.08434049040079117,0.21052762866020203,-0.001765689232253764,0.07232015125516636,0.024703208235445473,0.4339272151299856,0.421048313379,0.43205813279839583,0.42606190576786973
10953.917,0.3954754555874328,4.034130726990852,2.9249371878141375,-0.42634196568261806,0.08109097803213745,0.2125205005834367,0.3799763023853302,3.9635727405548096,2.9504425525665283,-0.41338372230529785,0.07999514043331146,0.21052631735801697,-3.0649375710968194e-05,0.07224023989790403,0.025505364752390847,0.4338065666214568,0.421052634716,0.4343698429235498,0.42746241583780076
10953.937,0.38696712509376363,4.035733680602226,2.929170375254812,-0.4254165246741725,0.08014768056694903,0.21165937202911445,0.3799763023853302,3.9635727405548096,2.9504425525665283,-0.41338372230529785,0.07999514043331146,0.21052631735801697,-0.008379881185141838,0.07201284928393292,0.021272177311716156,0.43275188233851564,0.421052634716,0.43114578698001027,0.4187528066616667
10953.956,0.3784657673412003,4.037310243231174,2.933430535988306,-0.4250678876188883,0.07882813144567422,0.21300803667005053,0.35926857590675354,3.967365264892578,2.9609687328338623,-0.41419413685798645,0.07563573122024536,0.21052512526512146,0.004327797784392802,0.07240236405045619,0.02753819684555614,0.43218246945877115,0.421043395996,0.4345632053564242,0.4319446128138728
10953.976,0.36996822630965576,4.038854852100881,2.9376772442377215,-0.42487705156795297,0.07723044348369078,0.21233541246613066,0.3489137291908264,3.9692561626434326,2.9662320613861084,-0.41419413685798645,0.07563573122024536,0.21052512526512146,0.006524179368647777,0.0724203321359883,0.028554817148386924,0.43171367038258446,0.421043395996,0.4384883628184404,0.43402744517828035
10953.996,0.36148813731733753,4.040363994886635,2.9419095850344443,-0.4240044496452191,0.075457139292887,0.21161703985077007,0.3489137291908264,3.9692561626434326,2.9662320613861084,-0.41419413685798645,0.07563573122024536,0.21052512526512146,-0.001780309390629847,0.07218912691349753,0.02432247635166407,0.43054684691234457,0.421043395996,0.4369009495477495,0.42531733917059533
10954.016,0.3530059397113138,4.041822247363824,2.946156879415757,-0.42410988029193036,0.07291262385789751,0.21236471906099202,0.3385569751262665,3.9711365699768066,2.9714951515197754,-0.4149760901927948,0.07127528637647629,0.21052633225917816,0.0004471649579807103,0.07214594658566653,0.02533827210401851,0.43019535540223147,0.421052634716,0.43981049883870554,0.4272554758581343
10954.037,0.34450984487499436,4.0432326649772214,2.950407863502555,-0.424804741806698,0.07052088066831608,0.2125492043352674,0.3385569751262665,3.9711365699768066,2.9714951515197754,-0.4149760901927948,0.07127528637647629,0.21052633225917816,-0.00785545362220693,0.0719136664406948,0.021087288017220374,0.4304652443422107,0.421052634716,0.43700775262206826,0.4184630059927407
10954.056,0.3359956594033896,4.044603909313886,2.9546794833445422,-0.4257092735709458,0.06856221683172682,0.2135809920946983,0.3177737891674042,3.974492311477661,2.9820215702056885,-0.41569939255714417,0.06690011918544769,0.21052762866020203,0.004875883106023335,0.0722765416299231,0.027342086861146253,0.4310351873437719,0.421048223972,0.44069294194029923,0.4315619928297134
10954.077,0.3274657623839339,4.045932051970004,2.9589464104403556,-0.4264948510022662,0.06640713281049143,0.2133463548054135,0.3069656193256378,3.976231813430786,2.987495183944702,-0.41569939255714417,0.06690011918544769,0.21052762866020203,0.007499329862363298,0.07226436998583696,0.028548773504346592,0.43146243495219383,0.421048223972,0.4448451310886407,0.4339211318468461
10954.097,0.31894177772108123,4.0472318157090434,2.9632062700179973,-0.4261992331333293,0.06498818695055672,0.21299297887743807,0.3069656193256378,3.976231813430786,2.987495183944702,-0.41569939255714417,0.06690011918544769,0.21052762866020203,-0.0008122555342383424,0.07199839535970501,0.024288913926704847,0.43096762455853865,0.421048223972,0.447389275432401,0.4250625438642151
10954.116,0.3104070475875066,4.04849916206895,2.96749860147832,-0.4267365066694173,0.06336731799393885,0.21461657301145073,0.2969871461391449,3.9778265953063965,2.9925477504730225,-0.4163845181465149,0.06252375990152359,0.21052631735801697,0.0009754282743797468,0.07192881194189744,0.025049148994702453,0.43126213169236044,0.421052604914,0.4502501197850376,0.426434123315593
10954.137,0.3018580853522001,4.049742408494463,2.9717692884124096,-0.42744811175599423,0.0621623212743148,0.21353434669981936,0.2969871461391449,3.9778265953063965,2.9925477504730225,-0.4163845181465149,0.06252375990152359,0.21052631735801697,-0.007353497323210296,0.07170450691857344,0.020778462060612846,0.4318050602837851,0.421052604914,0.44735580819107656,0.4176260295339168
10954.156,0.2932806737246323,4.050974906293499,2.9760347581657958,-0.42887058136902917,0.06162488995043836,0.21327348766465234,0.27613818645477295,3.9807443618774414,3.0030741691589355,-0.41701042652130127,0.058133434504270554,0.21052512526512146,0.005333912622571709,0.07209537859605078,0.02703941099313978,0.43316239142155877,0.421042978764,0.4508289894772411,0.43074674671264834
10954.176,0.2846549398889847,4.052185245458277,2.9802954559381067,-0.43128669181219,0.06051695824310392,0.21303488863027395,0.2657129168510437,3.9821975231170654,3.0083372592926025,-0.41701042652130127,0.058133434504270554,0.21052512526512146,0.007456214215364897,0.07212133099752847,0.028041803354495798,0.43540744298127565,0.421042978764,0.45441484607207,0.4327049121011426
10954.196,0.2759936330293711,4.053374799772929,2.984548548031066,-0.433065342971229,0.059477715731260504,0.21265460464332425,0.2657129168510437,3.9821975231170654,3.0083372592926025,-0.41701042652130127,0.058133434504270554,0.21052512526512146,-0.0009778809660540705,0.07190925939057384,0.023788711261536477,0.43703827411096474,0.421042978764,0.4520709155863833,0.4239098870982487
10954.216,0.26729245648350575,4.054542471591191,2.988820615735342,-0.4350588272837701,0.05838359091182813,0.21360338520912722,0.25528618693351746,3.983640193939209,3.0136003494262695,-0.41760846972465515,0.053744614124298096,0.21052633225917816,0.0010766330797357046,0.07190357672576025,0.024779733690927674,0.43887643604846804,0.421052634716,0.4538834141425846,0.42577560022546024
10954.237,0.2585530925331533,4.055682667343257,2.993110218273724,-0.4369681975080851,0.05700978760207936,0.2144801269144327,0.25528618693351746,3.983640193939209,3.0136003494262695,-0.41760846972465515,0.053744614124298096,0.21052633225917816,-0.007426819936678297,0.0717330676327039,0.020490131152545388,0.4405939965086142,0.421052634716,0.4497425935010204,0.41703889683599005
10954.257,0.2497641892474029,4.056794341959348,2.9973773996325486,-0.43944516431789427,0.055583730808384635,0.2133590679559689,0.23438018560409546,3.9861183166503906,3.0241267681121826,-0.4181470572948456,0.04934301599860191,0.21052762866020203,0.005067035383371587,0.07215326239327875,0.02674936847963405,0.44287154460885714,0.421048343182,0.4518042527728199,0.43006722182085344
10954.277,0.24094319437420333,4.057890118154178,3.001596053783871,-0.44104974365035116,0.054788809740327966,0.2109327075615096,0.22392649948596954,3.987351894378662,3.0293898582458496,-0.4181470572948456,0.04934301599860191,0.21052762866020203,0.00700732560484397,0.0722226163067481,0.027793804461978766,0.44437993724090014,0.421048343182,0.45404698256972287,0.4321529783017885
10954.296,0.23208766716785947,4.058957620844365,3.005797671983382,-0.44277636030752815,0.05337513450814968,0.21008090997097734,0.22392649948596954,3.987351894378662,3.0293898582458496,-0.4181470572948456,0.04934301599860191,0.21052762866020203,-0.0016078050893550203,0.0720513683659623,0.023592186262467507,0.44592599040524644,0.421048343182,0.45033690040702884,0.4235352167894342
10954.316,0.2231942788817538,4.059993831934812,3.009975689426062,-0.44466941429557727,0.05181055452123813,0.20890087212942815,0.21347160637378693,3.988574743270874,3.0346531867980957,-0.41864731907844543,0.04494154825806618,0.21052631735801697,0.0002657331267223815,0.07207736102404129,0.02467749737203384,0.44762293822060545,0.421052634716,0.44676742028671274,0.4255469383912829
10954.336,0.21428403529471785,4.061000990988031,3.0141373582221265,-0.4455121793825925,0.05035795266443182,0.20808343981761357,0.21347160637378693,3.988574743270874,3.0346531867980957,-0.41864731907844543,0.04494154825806618,0.21052631735801697,-0.00840029713249417,0.07194203505061823,0.02051582857596923,0.4482994598535546,0.421052634716,0.44136029890847583,0.41710728591221224
10954.357,0.20536651217882337,4.061972188207205,3.0183451561838037,-0.445876155784991,0.04855986095764794,0.2103898980792702,0.1920991986989975,3.9906527996063232,3.0453898906707764,-0.41908809542655945,0.04053115472197533,0.21052512526512146,0.004398976133297362,0.0724094317499749,0.027044734486972644,0.44846376413110683,0.421043485403,0.442511667330272,0.4307078610024567
10954.377,0.1964639567720092,4.062897662823872,3.0225492295898917,-0.42393120983536836,0.04407021983991714,0.20019397171237097,0.18204109370708466,3.9916255474090576,3.0504424571990967,-0.41908809542655945,0.04053115472197533,0.21052512526512146,0.005856336617154999,0.07248059558336095,0.027893227609204985,0.4261648070811775,0.421043485403,0.44731345430410274,0.433278871571804
10954.396,0.1875723053047125,4.063782994415741,3.026750768268528,-0.4679816561677759,0.04659639957147513,0.22113361466236833,0.18204109370708466,3.9916255474090576,3.0504424571990967,-0.41908809542655945,0.04053115472197533,0.21052512526512146,-0.0027737171550012672,0.07231595918885439,0.0236916889305685,0.4702384848000596,0.421043485403,0.4403348018459344,0.4232280323573767
10954.417,0.1786656541238636,4.064617778575475,3.0310055043022928,-0.44533255907322744,0.04173920798962022,0.21273680170293388,0.17156288027763367,3.9926280975341797,3.0557055473327637,-0.4195006191730499,0.03611866012215614,0.21052633225917816,-0.000885530378179818,0.07233380543485522,0.02470004303047091,0.4472186495125193,0.421052634716,0.436595893908088,0.42589748681266004
10954.437,0.16973961448948474,4.065400042400442,3.0352462385001826,-0.44630198170920077,0.03911319124746516,0.21203670988986367,0.17156288027763367,3.9926280975341797,3.0557055473327637,-0.4195006191730499,0.03611866012215614,0.21052633225917816,-0.00953742152254069,0.07216729071022338,0.02045930883258107,0.4479323314859606,0.421052634716,0.4310162490789988,0.4172738130977278
10954.457,0.16080314730652678,4.066134657316484,3.03950090571145,-0.4468233591381447,0.03673074580130314,0.21273336055873393,0.1505710929632187,3.9942238330841064,3.0662319660186768,-0.41985321044921875,0.03169765695929527,0.21052762866020203,0.0028500223910943737,0.07257919088991378,0.026731060307226606,0.4482402178284875,0.421048045158,0.43193665303763223,0.4302745465892994
10954.477,0.15188880544785163,4.066827982594664,3.043756126200643,-0.4457170929240285,0.034666263908265584,0.21276102445499595,0.14007475972175598,3.99501633644104,3.071495294570923,-0.41985321044921875,0.03169765695929527,0.21052762866020203,0.00474294990363305,0.07262223231162232,0.0277391683702799,0.4469718137530614,0.421048045158,0.4333006615376253,0.4323286540813087
10954.496,0.14301685739111894,4.067481297985978,3.047980905808522,-0.44359740286729676,0.03266576956794525,0.21123898040854747,0.14007475972175598,3.99501633644104,3.071495294570923,-0.41985321044921875,0.03169765695929527,0.21052762866020203,-0.003844452411551239,0.07242269517258197,0.023514388762400973,0.44470860007063484,0.421048045158,0.42932239959048824,0.4237522261262717
10954.517,0.134168941169242,4.068091600577683,3.05220505527214,-0.4423958110841907,0.03051512958456298,0.2112074731762975,0.1295776665210724,3.995797872543335,3.07675838470459,-0.4201679527759552,0.027279673144221306,0.21052631735801697,-0.0018806161710647838,0.07241495839131772,0.02455332943244981,0.4433536279292185,0.421052604914,0.4259292601216268,0.4257449703009974
10954.537,0.12532560293630543,4.0686496219583015,3.056431844938107,-0.4421669116371767,0.02790106903033545,0.21133948329373198,0.1295776665210724,3.995797872543335,3.07675838470459,-0.4201679527759552,0.027279673144221306,0.21052631735801697,-0.010433271675393593,0.07222606371454426,0.02032653976648291,0.44293770949056305,0.421052604914,0.42087267271449125,0.4171207115471006
10954.557,0.11648876824294827,4.069146094607234,3.060643475220595,-0.42080165205179676,0.023641554710350076,0.2005538229695121,0.10855715721845627,3.9969515800476074,3.087284564971924,-0.42042264342308044,0.022852348163723946,0.21052512526512146,0.0020679319675489345,0.07259946310629,0.026641089751328728,0.4213353716770081,0.421043276787,0.42558905744512676,0.4309407742648379
10954.576,0.1076968045262102,4.069601424437221,3.064846170697273,-0.46273493249852854,0.0239647278960518,0.2211944987909838,0.09804659336805344,3.9975228309631348,3.09254789352417,-0.42042264342308044,0.022852348163723946,0.21052512526512146,0.004095455367327538,0.0726063183058735,0.02770172282689698,0.4632102452585526,0.421043276787,0.42086330392829363,0.4314539519794543
10954.598,0.09893317324241746,4.070005405538649,3.06903162701591,-0.4381815641800721,0.020199055070960616,0.20927281592729222,0.09804659336805344,3.9975228309631348,3.09254789352417,-0.42042264342308044,0.022852348163723946,0.21052512526512146,-0.004370549081295874,0.07235611889603111,0.023516266508259775,0.4384929131382556,0.421043276787,0.41764788966248595,0.4236372164315021
10954.616,0.09021312591947045,4.070378248945928,3.0732217806404516,-0.43600236613783355,0.0186421703635292,0.2095076812224993,0.08753547072410583,3.9980833530426025,3.097810983657837,-0.4206491708755493,0.01842869259417057,0.21052633225917816,-0.002267615894754575,0.07230891873878174,0.02458920301738532,0.43625728856540313,0.421052664518,0.41516700697663855,0.42565938451667934
10954.637,0.08154838658076258,4.070724706299215,3.0774258788116953,-0.43323696692593694,0.017322867663981854,0.21020490855759544,0.08753547072410583,3.9980833530426025,3.097810983657837,-0.4206491708755493,0.01842869259417057,0.21052633225917816,-0.010632726224155363,0.07210795041140457,0.020385104846141644,0.4334561633076284,0.421052664518,0.4113938334562445,0.417109897405105
10954.659,0.07291842654955183,4.071029457713,3.081647371779979,-0.41095047769976845,0.014511972085827675,0.2010234746914632,0.06649534404277802,3.9987943172454834,3.108337163925171,-0.4208105504512787,0.013997531495988369,0.21052512526512146,0.0020839825307243784,0.0724901960547931,0.02668979214519185,0.41108173983798096,0.421043276787,0.41761855089756317,0.4311130593202997
10954.677,0.0643533766851947,4.071295038945671,3.0858401381676535,-0.4507920981185355,0.013977959614071854,0.2206719151380541,0.05597507953643799,3.9991443157196045,3.113600254058838,-0.4208105504512787,0.013997531495988369,0.21052512526512146,0.004344778506132461,0.07250548686058136,0.027760115891184434,0.4508705740978278,0.421043276787,0.41838175640600345,0.4318139305063449
10954.697,0.055820592544904485,4.071510866980672,3.09000723246318,-0.426639207005198,0.01079140174982988,0.20835471477178966,0.05597507953643799,3.9991443157196045,3.113600254058838,-0.4208105504512787,0.013997531495988369,0.21052512526512146,-0.0038856850841108605,0.07226232115756037,0.02359302159565768,0.42662810967757153,0.421043276787,0.41692340003143197,0.424020054997582
10954.717,0.04728545613477983,4.0716676442537905,3.0941841706102657,-0.42675682049691754,0.007838863655746799,0.20884690734971778,0.05597507953643799,3.9991443157196045,3.113600254058838,-0.4208105504512787,0.013997531495988369,0.21052512526512146,-0.012116793181093495,0.07203003581525366,0.019416083448572152,0.4266488180659902,0.421043276787,0.4138035750580764,0.4153364233522724
10954.737,0.03873509336024772,4.071774459745617,3.0983653501796007,-0.42751813871727373,0.0053407745912170635,0.20905897846218405,0.034929245710372925,3.9996228218078613,3.124126672744751,-0.4210169315338135,0.00513551477342844,0.21052762866020203,0.0006843429008688688,0.0722487024674429,0.02576132256515029,0.4273495661562551,0.421048253775,0.41716325563137924,0.42825978496940786
10954.756,0.030177121500240267,4.071830902033865,3.1025394651196914,-0.4278985930299496,0.0028221144125769623,0.20870574701896,0.024403821676969528,3.999751091003418,3.129389762878418,-0.4210169315338135,0.00513551477342844,0.21052762866020203,0.0029546668412854895,0.07225026015794896,0.026850297758726605,0.427682513956078,0.421048253775,0.42093251967001005,0.43040089196540776
10954.777,0.008799235492846225,4.071816179640957,3.113034131809056,-1.0688943003463705,-0.0007361196453565004,0.5239986934361094,0.013878397643566132,3.9998795986175537,3.134653091430664,-0.4210169315338135,0.00513551477342844,0.21052762866020203,-0.007131214205995953,0.07176221402268898,0.02161895962160809,1.0684369616547844,0.421048253775,0.3287520070192056,0.4014212573189738
10954.796,0.00026147251178321174,4.071723185499357,3.1171559523596097,-0.4268881490438326,-0.004649707079927382,0.20535638650252266,0.013878397643566132,3.9998795986175537,3.134653091430664,-0.4210169315338135,0.00513551477342844,0.21052762866020203,-0.015368305188914126,0.07148941755048895,0.017497139071054324,0.42664686295806464,0.421048253775,0.3249658922298965,0.41043617271363
10954.816,-0.007357931800554551,4.071986538454003,3.121049887857061,-0.38097021560857236,0.013167647732027625,0.19396213384764333,0.003352884203195572,3.999997138977051,3.139916181564331,-0.4210520386695862,0.000706054619513452,0.21052631735801697,-0.01218731342942648,0.0717541957511289,0.01886629370727011,0.38116039200982565,0.421052634716,0.3282003224885909,0.4149977875496327
10954.837,-0.014212894853352975,4.072096965132282,3.125166523986627,-0.3427481526636125,0.005521333914319808,0.20509716547180054,0.003352884203195572,3.999997138977051,3.139916181564331,-0.4210520386695862,0.000706054619513452,0.21052631735801697,-0.018747677161521942,0.07180157467998431,0.014749657577703967,0.34279260236521825,0.421052634716,0.33585747509047825,0.4080086113641843
10954.858,-0.020745196645078234,4.072097070069404,-3.1539229273548477,-0.32661508957913366,5.246856105030998e-06,0.20479279190110233,-0.017698515206575394,3.999821901321411,-3.132742945347921,-0.4210267663002014,-0.003726382041350007,0.21052512526512146,-0.003937599874920745,0.07223210915211858,0.0211799820069265,0.3265903260183288,0.421043246984,0.24610396734217185,0.2963650746172619
10954.878,-0.024078200286130225,4.072018743571705,-3.151897046720571,-0.1666501820489619,-0.003916324884881696,0.10129403171162785,-0.02822418324649334,3.9997286796569824,-3.127479616795675,-0.4210267663002014,-0.003726382041350007,0.21052512526512146,0.003400870795309641,0.07232894713277559,0.024417429924895817,0.1666009799888507,0.421043246984,0.27583300038065045,0.30515897992772373
10954.897,-0.027057996635369636,4.072036944542158,-3.150072142897308,-0.14898981745871845,0.0009100485226533147,0.09124519116115565,-0.02822418324649334,3.9997286796569824,-3.127479616795675,-0.4210267663002014,-0.003726382041350007,0.21052512526512146,0.0005530148745917405,0.07231555390415789,0.02259252610163287,0.14899217783157725,0.421043246984,0.30398884939738513,0.3027047215411562
10954.917,-0.029909600927621766,4.072009899504463,-3.1484104869844187,-0.14258021462246184,-0.001352251884827671,0.08308279565020522,-0.03874972462654114,3.999624729156494,-3.122216526662008,-0.42097359895706177,-0.008157646283507347,0.21052633225917816,0.008346412034242958,0.07244375804354272,0.026193960322410614,0.1425676815111424,0.421052634716,0.3353594139635581,0.30913112795927683
10954.937,-0.03581837152605313,4.071900090698131,-3.1450294882239507,-0.2954385299151196,-0.005490440316493543,0.1690499380197123,-0.03874972462654114,3.999624729156494,-3.122216526662008,-0.42097359895706177,-0.008157646283507347,0.21052633225917816,0.0026829378114434236,0.07228500924585954,0.02281296156194257,0.2954179153833627,0.421052634716,0.3509354072412919,0.3001760659644534
10954.958,-0.041671645139303604,4.071759995221519,-3.1419193146536033,-0.27872731490819075,-0.006671213171816737,0.14810350334535932,-0.059793002903461456,3.9990060329437256,-3.111690107976095,-0.4208599328994751,-0.01259087584912777,0.21052762866020203,0.01809759091102452,0.07275987793799783,0.03022920667750828,0.2787251208114974,0.421048223972,0.3713028778577891,0.3126940240086132
10954.978,-0.0478230253401703,4.07151076527253,-3.1389492029098656,-0.3237568526732271,-0.013117365736097411,0.1563216707211231,-0.07031450420618057,3.9986913204193115,-3.106427017842428,-0.4208599328994751,-0.01259087584912777,0.21052762866020203,0.02268389466954644,0.07275973538250398,0.03252218506743754,0.3237903965637095,0.421048223972,0.3869271232738711,0.3147541987871035
10954.998,-0.054411050328102534,4.0712153917320215,-3.1359729000685537,-0.3294012494193804,-0.014768677026432682,0.1488151420758811,-0.07031450420618057,3.9986913204193115,-3.106427017842428,-0.4208599328994751,-0.01259087584912777,0.21052762866020203,0.016310768010107588,0.07243355308103869,0.02954588222612564,0.32947904380680293,0.421048223972,0.4003808625323955,0.30958006503344165
10955.017,-0.061405560935166775,4.070894781622782,-3.1329774664876675,-0.3497255303455783,-0.016030505461644782,0.14977167904103902,-0.08083564043045044,3.998365879058838,-3.101163927708761,-0.420708566904068,-0.01701783388853073,0.21052631735801697,0.020054200771800968,0.07235881928090994,0.03181353877890647,0.34985065595357695,0.421052604914,0.4130725240791887,0.31199218684177643
10955.037,-0.06875511196182357,4.070542101995658,-3.129944014306254,-0.36747755132481863,-0.017633981355806076,0.15167260906736368,-0.08083564043045044,3.998365879058838,-3.101163927708761,-0.420708566904068,-0.01701783388853073,0.21052631735801697,0.01292044464181274,0.07203060763151098,0.028780086597492982,0.3676580271883561,0.421052604914,0.4230052686570433,0.3063586940636593
10955.058,-0.07643012614606987,4.070159934289387,-3.126846758042704,-0.36547686590534684,-0.018198462202835466,0.1474883934978765,-0.10186100006103516,3.9973044395446777,-3.090637509022848,-0.42049670219421387,-0.021448133513331413,0.21052512526512146,0.0265023896845637,0.07247258656611268,0.03620924901985623,0.36570547461586644,0.421043336391,0.4356568850722911,0.31751808568162604
10955.077,-0.08439946455576433,4.069746075689986,-3.123711841686598,-0.41943886370314537,-0.02178203154921119,0.16499559770357936,-0.11237341165542603,3.9967682361602783,-3.085374418889181,-0.42049670219421387,-0.021448133513331413,0.21052512526512146,0.029274308743755258,0.07246600324520285,0.03833742279741692,0.4197612729276424,0.421043336391,0.4424357009589209,0.31826739838934326
10955.097,-0.09262135367383958,4.069296075775787,-3.120576344962156,-0.4110944558947894,-0.02249999570946585,0.15677483621867347,-0.11237341165542603,3.9967682361602783,-3.085374418889181,-0.42049670219421387,-0.021448133513331413,0.21052512526512146,0.021271851302216732,0.07209673817848686,0.03520192607297501,0.411476504107046,0.421043336391,0.44959007225489916,0.31327089437082994
10955.117,-0.1010545896117129,4.0688086516852255,-3.1174477875623983,-0.4216617968844619,-0.024371204527541095,0.15642786998447067,-0.12288524955511093,3.9962213039398193,-3.080111328755514,-0.4202571213245392,-0.02587037719786167,0.21052633225917816,0.023576738396441074,0.07203914333792838,0.0373364588068843,0.4221272761018196,0.421052634716,0.4553797850498293,0.31535925371171913
10955.138,-0.10968107650604889,4.068286469560226,-3.1143144569096823,-0.41078509019395065,-0.024865815475416105,0.149206221553352,-0.12288524955511093,3.9962213039398193,-3.080111328755514,-0.4202571213245392,-0.02587037719786167,0.21052633225917816,0.01516482471871915,0.07167821407552455,0.03420312815416837,0.41131047756334554,0.421052634716,0.4616412089529198,0.31037996714237054
10955.158,-0.11846834745959248,4.067736827419836,-3.1111939482113664,-0.46248794491767947,-0.028928533704387888,0.16423729990935196,-0.1443037986755371,3.994687080383301,-3.069374386464254,-0.41995692253112793,-0.030295852571725845,0.21052762866020203,0.028043790855338754,0.07223075436471106,0.04181956174711221,0.46315352768594076,0.421048283577,0.46421094827321807,0.3193183258893652
10955.178,-0.12739776626464663,4.067150440360157,-3.1080751060540246,-0.42521041931215975,-0.02792319331960196,0.14851629321508922,-0.15438276529312134,3.99396014213562,-3.064321819935934,-0.41995692253112793,-0.030295852571725845,0.21052762866020203,0.029422542624694903,0.07224488848535546,0.043753286118090706,0.4259073371834684,0.421048283577,0.4710981604544521,0.3229862405012853
10955.197,-0.1364376474462644,4.06654044320601,-3.1049362664667166,-0.4757832200793157,-0.032105113375747035,0.16520208354050106,-0.15438276529312134,3.99396014213562,-3.064321819935934,-0.41995692253112793,-0.030295852571725845,0.21052762866020203,0.020592998684299757,0.07187388790927136,0.04061444653078272,0.47664019704936866,0.421048283577,0.47140662431984237,0.31560620410041124
10955.218,-0.14557112512090734,4.065897283357514,-3.1017861037322048,-0.4566738837221781,-0.03215799242411749,0.15750813672215455,-0.1648808717727661,3.993191957473755,-3.059058491383688,-0.4196193814277649,-0.034711554646492004,0.21052631735801697,0.022187833846532688,0.07187927905051109,0.04272761234851696,0.45759187827880227,0.421052634716,0.47395052386753894,0.3186579871074876
10955.237,-0.154781530194504,4.065209677297011,-3.098644148673166,-0.4605202536697809,-0.03438030302441059,0.15709775294851105,-0.1648808717727661,3.993191957473755,-3.059058491383688,-0.4196193814277649,-0.034711554646492004,0.21052631735801697,0.013182131105382848,0.07151769073715884,0.03958565728947816,0.4615717158038566,0.421052634716,0.4746674906453404,0.31316602021325207
10955.257,-0.1640448798912028,4.064490634365768,-3.0954658288877033,-0.4631674848669556,-0.035952146564619925,0.15891598928411851,-0.18584291636943817,3.991246461868286,-3.048532311116354,-0.4192211627960205,-0.03912671282887459,0.21052512526512146,0.02515217408520963,0.07216114839672853,0.046933517771349464,0.46433260556070777,0.421043097973,0.4768548699660037,0.3233948596302085
10955.278,-0.17337921056292516,4.063726514459911,-3.092284634881045,-0.4667165335759299,-0.038205995292016445,0.15905970032944777,-0.1963234543800354,3.9902682304382324,-3.043269220982687,-0.4192211627960205,-0.03912671282887459,0.21052512526512146,0.026536972423797742,0.07223812643145729,0.04901541389835806,0.4680323877223748,0.421043097973,0.47887839235499335,0.32557953760663283
10955.298,-0.18276750151797544,4.062931757204945,-3.089093923994288,-0.4694145477422678,-0.039737862747445084,0.15953554433436978,-0.1963234543800354,3.9902682304382324,-3.043269220982687,-0.4192211627960205,-0.03912671282887459,0.21052512526512146,0.017350267030767433,0.0718520717456093,0.04582470301160102,0.4708530448332323,0.421043097973,0.4793420414510714,0.3200236244550152
10955.318,-0.19220223196966332,4.0621123442595914,-3.0858605745668406,-0.4717365225740972,-0.04097064726677422,0.1616674713688332,-0.1963234543800354,3.9902682304382324,-3.043269220982687,-0.4192211627960205,-0.03912671282887459,0.21052512526512146,0.008116773034233117,0.07150300105899673,0.04259135358415378,0.4732862876018571,0.421043097973,0.4782896419892522,0.31451607614667615
10955.339,-0.20168482447892144,4.061268147041053,-3.082626667806919,-0.4515520242757317,-0.040199867551696085,0.15399556000491188,-0.2172618955373764,3.9880917072296143,-3.0327428022967737,-0.41830959916114807,-0.047945935279130936,0.21052762866020203,0.019862419120187443,0.07213127472138085,0.04988386551014523,0.45313628274194373,0.421048372984,0.4809632930015151,0.32562274236789085
10955.358,-0.21118573301844687,4.060405189880708,-3.0794764951138918,-0.5000478178636316,-0.045418797912356354,0.16579856278887342,-0.22771963477134705,3.9868931770324707,-3.0274797121631067,-0.41830959916114807,-0.047945935279130936,0.21052762866020203,0.021065362631134173,0.07234387629504488,0.051996782950785025,0.5019028588152458,0.421048372984,0.4790007788768146,0.3258132038224374
10955.383,-0.2206881384840187,4.059519589849119,-3.0764390153067325,-0.38009621862840404,-0.035424001264079755,0.12149919228813978,-0.2381773740053177,3.985694408416748,-3.0222163836108606,-0.41830959916114807,-0.047945935279130936,0.21052762866020203,0.022258704610369495,0.07252986172405292,0.054222631695871826,0.3815961204034574,0.421048372984,0.4914097021411396,0.334618296626567
10955.398,-0.23019978611298939,4.0586078463732775,-3.0734017157351685,-0.6341098418790903,-0.06078289838440247,0.20248663808756653,-0.2381773740053177,3.985694408416748,-3.0222163836108606,-0.41830959916114807,-0.047945935279130936,0.21052762866020203,0.012927230451970369,0.07220040204917247,0.05118533212430787,0.6367777377696858,0.421048372984,0.47695728402740456,0.3167494205307541
10955.418,-0.23975764617635842,4.057652520834777,-3.070339089402496,-0.4551361935193098,-0.0454916923120971,0.14583934918307795,-0.24863383173942566,3.984485149383545,-3.0169532934771937,-0.4177863299846649,-0.05234374850988388,0.21052631735801697,0.014062688206095526,0.072349787253666,0.053385795925302126,0.4572200060883042,0.421052604914,0.47836664342343,0.32798872975252447
10955.437,-0.24933502885718833,4.056672616923002,-3.0672059547240504,-0.5040727726690817,-0.05157389009277992,0.1649018251793128,-0.24863383173942566,3.984485149383545,-3.0169532934771937,-0.4177863299846649,-0.05234374850988388,0.21052631735801697,0.004665578582997617,0.07203995088590805,0.05025266124685679,0.5065116766403758,0.421052604914,0.47111072420427286,0.32031547018372875
10955.457,-0.25892948045687547,4.055655611337058,-3.063949096208611,-0.4797225799738855,-0.050850279296099914,0.16284292576842316,-0.26949542760849,3.981659173965454,-3.0064271132098597,-0.4172026515007019,-0.05673867091536522,0.21052512526512146,0.01627369033866629,0.07295395113125555,0.05752198299875122,0.48222152801403023,0.421043157578,0.47032245925947885,0.3319946370702461
10955.477,-0.2685129579839004,4.054590552779048,-3.060730726013582,-0.4791738763407872,-0.05325292789936432,0.16091850974792735,-0.27992549538612366,3.9802405834198,-3.0011637846576136,-0.4172026515007019,-0.05673867091536522,0.21052512526512146,0.017380778588290607,0.07318519310176781,0.05956694135596852,0.48190959752448986,0.421043157578,0.46972963721844696,0.3345095993372903
10955.498,-0.27802404539091585,4.05352039844005,-3.05753821842145,-0.4755543703836436,-0.053507716953595075,0.15962537961764295,-0.27992549538612366,3.9802405834198,-3.0011637846576136,-0.4172026515007019,-0.05673867091536522,0.21052512526512146,0.00804698000305694,0.0728614638496696,0.05637443376383633,0.47836769501669163,0.421043157578,0.46535393018634325,0.3293863710750577
10955.517,-0.2874931450001821,4.052414916191015,-3.054327777850628,-0.47345498045297696,-0.055274112450513245,0.16052202853758413,-0.29035407304763794,3.978811502456665,-2.9959006945239466,-0.41659191250801086,-0.0611269474029541,0.21052633225917816,0.009264885587043423,0.07307399891686266,0.05842708332668156,0.4764707757393144,0.421052634716,0.4641480290985829,0.33199458097480306
10955.537,-0.29691158973293735,4.051285120318901,-3.05114964332729,-0.47092223662748434,-0.05648979360449653,0.1589067261634278,-0.29035407304763794,3.978811502456665,-2.9959006945239466,-0.41659191250801086,-0.0611269474029541,0.21052633225917816,1.5084678816014961e-05,0.07276967832532862,0.055248948803343634,0.47409963628251095,0.421052634716,0.4590573006436604,0.3268511426211401
10955.556,-0.3062775480642941,4.050141763308082,-3.047925442298007,-0.46829791655761444,-0.05716785053970334,0.1612100514606479,-0.31115177273750305,3.9755468368530273,-2.9853742758380335,-0.4159204959869385,-0.06551013886928558,0.21052762866020203,0.011829744462699965,0.07381204688224745,0.06255116645997338,0.471592027862586,0.421048015356,0.4587135391387745,0.3378753965168153
10955.578,-0.315590832509778,4.0489770763116155,-3.044709693930361,-0.4434897355241261,-0.05546128554911784,0.15313087465840663,-0.32154977321624756,3.9739091396331787,-2.9801111857043665,-0.4159204959869385,-0.06551013886928558,0.21052762866020203,0.01319242810520053,0.07413948969469734,0.06459850822599433,0.44677484904446296,0.421048015356,0.46112623519181994,0.3421469826690353
10955.598,-0.3248385706726026,4.047798127525091,-3.0414808828848265,-0.48672306119532993,-0.06204993613210061,0.16993742344709106,-0.32154977321624756,3.9739091396331787,-2.9801111857043665,-0.4159204959869385,-0.06551013886928558,0.21052762866020203,0.0041124769837736705,0.07384772341418552,0.06136969718046004,0.4904875969308247,0.421048015356,0.45533529035979203,0.3342272930876678
10955.618,-0.334039765794923,4.04659333681245,-3.038200777505248,-0.4600597561059792,-0.0602395356307635,0.16400526897534853,-0.32154977321624756,3.9739091396331787,-2.9801111857043665,-0.4159204959869385,-0.06551013886928558,0.21052762866020203,-0.004921720099021708,0.0735851147004432,0.05808959180088147,0.4638201419918183,0.421048015356,0.45057652747985294,0.3304980895601415
10955.637,-0.3431932283291146,4.04537397206024,-3.0349390796515667,-0.45767312669958904,-0.06096823760915062,0.16308489268050244,-0.3423091173171997,3.9704153537750244,-2.9695847670184534,-0.41444477438926697,-0.07425051927566528,0.21052512526512146,0.007100369335989246,0.07462681061657789,0.06535431263311331,0.4615627406066923,0.421043485403,0.45057148896202653,0.3415901999296213
10955.658,-0.3522962376026594,4.044130874576598,-3.0316553889884066,-0.4551504636673047,-0.06215487418075093,0.16418453315442338,-0.35267022252082825,3.9685590267181396,-2.9643216768847864,-0.41444477438926697,-0.07425051927566528,0.21052512526512146,0.008663163821880938,0.07507458721868684,0.06733371210362016,0.45922209329343006,0.421043485403,0.4510519797897907,0.34467742832954046
10955.677,-0.36135122657822627,4.042864027983219,-3.0283653387125598,-0.4527494488096393,-0.06334232967331448,0.1645025138037124,-0.3630313277244568,3.966702699661255,-2.9590585867511194,-0.41444477438926697,-0.07425051927566528,0.21052512526512146,0.010274471106759268,0.07548381227192993,0.06930675196144032,0.4570070948589063,0.421043485403,0.4519207918242939,0.3477031781117728
10955.698,-0.37035723283467603,4.041578079930355,-3.0250810341746455,-0.450300312812659,-0.06429740264179513,0.16421522689212975,-0.3630313277244568,3.966702699661255,-2.9590585867511194,-0.41444477438926697,-0.07425051927566528,0.21052512526512146,0.0014278906389307957,0.07521936309521342,0.06602244742352603,0.45472182177898,0.421043485403,0.44884843103783423,0.34256279896500097
10955.717,-0.3793279094743326,4.040263452911731,-3.0217569543119662,-0.4485338319730375,-0.06573135092978485,0.16620399313033418,-0.3630313277244568,3.966702699661255,-2.9590585867511194,-0.41444477438926697,-0.07425051927566528,0.21052512526512146,-0.00738558655883677,0.07498143841438164,0.06269836756084679,0.4531752009260478,0.421043485403,0.4448212147527142,0.33737741866765936
10955.737,-0.3882803547438925,4.03891896313446,-3.0184228784702682,-0.44762226346822465,-0.06722448886207023,0.16670379208126027,-0.383712500333786,3.9627726078033447,-2.9485324064837855,-0.41279423236846924,-0.08295999467372894,0.21052762866020203,0.004821983939343801,0.07613068497664462,0.0698904719864828,0.4524902666932199,0.421048015356,0.44539446378203734,0.34860661627006334
10955.758,-0.3972116437230332,4.037549780416343,-3.015087331357914,-0.4252994752210475,-0.06519917705683054,0.1588355767876961,-0.39403235912323,3.9606986045837402,-2.9432690779315394,-0.41279423236846924,-0.08295999467372894,0.21052762866020203,0.00654229360747309,0.07663817241932279,0.07181825342637449,0.43012691153495153,0.421048015356,0.4486067707548239,0.3531911807840691
10955.778,-0.4061265832476286,4.036152996325716,-3.011744074494456,-0.4692073433940099,-0.07351495213739975,0.17596088754824957,-0.40435221791267395,3.9586246013641357,-2.9380059877978724,-0.41279423236846924,-0.08295999467372894,0.21052762866020203,0.008279258672037678,0.07710547499044482,0.07373808669658377,0.47477633675839503,0.421048015356,0.44758745042320314,0.353028698817717
10955.797,-0.4150365436968779,4.0347260325532375,-3.0083855293356785,-0.44549802245274067,-0.07134818862235241,0.16792725793521693,-0.40435221791267395,3.9586246013641357,-2.9380059877978724,-0.41279423236846924,-0.08295999467372894,0.21052762866020203,-0.0004823738745883977,0.07684627487352726,0.07037954153780612,0.45102737925397074,0.421048015356,0.4447950562227596,0.3493627544655898
10955.817,-0.42395426746688125,4.033266467015699,-3.005002437183305,-0.4458861884904336,-0.07297827687531865,0.16915460761499,-0.4146699011325836,3.956540107727051,-2.9327426592456263,-0.4119032025337219,-0.087298683822155,0.21052631735801697,0.0012496206073947178,0.07727594785091792,0.07225977793767857,0.45167037898551005,0.421052604914,0.4421966270874765,0.3521816197946111
10955.84,-0.4328897187801279,4.031773311518561,-3.001591967003231,-0.4061568778928467,-0.06787070441836235,0.1550213718284009,-0.4146699011325836,3.956540107727051,-2.9327426592456263,-0.4119032025337219,-0.087298683822155,0.21052631735801697,-0.007543226406607033,0.07703957712256349,0.0688493077576049,0.4116539341787552,0.421052604914,0.44228975266630444,0.34946817602156266
10955.857,-0.44183263216681773,4.0302536319642925,-2.998173765513946,-0.49682852148196577,-0.08442664190369152,0.18990008273775838,-0.43604177236557007,3.9517860412597656,-2.921795431767599,-0.4109519422054291,-0.09163125604391098,0.21052512526512146,0.005483788848193715,0.07848964841352833,0.07637833374634706,0.5037945547603244,0.421043694019,0.43590150720816556,0.35517561411012893
10955.878,-0.45075288430483684,4.028726739446257,-2.9947596800291043,-0.4460126068912202,-0.07634462590011437,0.1707042742383578,-0.4454936683177948,3.949678421020508,-2.9169533888446253,-0.4109519422054291,-0.09163125604391098,0.21052512526512146,0.006362613647492039,0.07896716498842878,0.07780629118447902,0.4523829115338409,0.421043694019,0.4368070172292496,0.36129997946809367
10955.897,-0.4596089721686596,4.027202749616275,-2.991345711431176,-0.4428043931814719,-0.07619949149744383,0.17069842989268383,-0.4454936683177948,3.949678421020508,-2.9169533888446253,-0.4109519422054291,-0.09163125604391098,0.21052512526512146,-0.002352263295934213,0.07876376187316914,0.07439232258655082,0.44922153812030796,0.421043694019,0.43397396066221466,0.3562319080917504
10955.917,-0.46839309276600816,4.025678382466165,-2.9878965097663137,-0.4392060298977869,-0.07621835751077699,0.17246008325504072,-0.4454936683177948,3.949678421020508,-2.9169533888446253,-0.4109519422054291,-0.09163125604391098,0.21052512526512146,-0.010994518979341422,0.07860978521923115,0.07094312092168842,0.44569706181711904,0.421043694019,0.4302579537398707,0.3512325134356611
10955.938,-0.47710148553786746,4.024151799865227,-2.9844291874461337,-0.4354196385834611,-0.07632913004520438,0.1733661160052152,-0.4659910798072815,3.9448814392089844,-2.906426970158712,-0.40893664956092834,-0.10026199370622635,0.21052762866020203,0.0014337076568831375,0.08003234144034299,0.07800221728742152,0.4420000152352357,0.421048283577,0.4315094146664702,0.3631330068344427
10955.963,-0.48572432271857,4.022615510049829,-2.9809271848030057,-0.33164758387521714,-0.059088069823367874,0.13469240935190827,-0.47866812348365784,3.9417734146118164,-2.899900738392965,-0.40893664956092834,-0.10026199370622635,0.21052762866020203,0.005967402802429087,0.08092975006908824,0.08102644641004053,0.3368289313230399,0.421048283577,0.4474467207136893,0.3767531230585451
10955.976,-0.4942727239515385,4.021061989743899,-2.9773844542097123,-0.6106000880241141,-0.11096573612968627,0.2530521852165645,-0.48643791675567627,3.939868211746216,-2.895900551472799,-0.40893664956092834,-0.10026199370622635,0.21052762866020203,0.0055434328320970285,0.08138233310595978,0.0814839027369132,0.6205260631378537,0.421048283577,0.4344765010928786,0.3556280467991486
10955.997,-0.5027964623295944,4.019464897341207,-2.9738317660986917,-0.42618691893225485,-0.07985462014012033,0.17763440556330876,-0.48643791675567627,3.939868211746216,-2.895900551472799,-0.40893664956092834,-0.10026199370622635,0.21052762866020203,-0.0028382259511937503,0.08121070646442977,0.07793121462589259,0.43353746197593757,0.421048283577,0.4331700133747574,0.36488711493891385
10956.016,-0.5113095889436574,4.017827991269663,-2.9702565047191265,-0.42565633069385905,-0.0818453035753906,0.17876306897435842,-0.48643791675567627,3.939868211746216,-2.895900551472799,-0.40893664956092834,-0.10026199370622635,0.21052762866020203,-0.011215425920350531,0.08105887688708784,0.07435595324632738,0.4333783496308008,0.421048283577,0.43068685008876606,0.3595370866678393
10956.038,-0.519809175006342,4.016156228058898,-2.966659896783643,-0.4047421934488328,-0.07960777193879542,0.17126704454161928,-0.5068297982215881,3.934640884399414,-2.885374371205465,-0.40673044323921204,-0.10884737968444824,0.21052512526512146,0.0014057982982500633,0.08253023206552221,0.0812855255781777,0.4124202065152633,0.421043246984,0.4351100057177841,0.3728929971296118
10956.058,-0.5282975361375722,4.0144592061446085,-2.963058419174417,-0.4467558490066408,-0.08931694285622704,0.18955145311481875,-0.5169980525970459,3.931919574737549,-2.880111281071798,-0.40673044323921204,-0.10884737968444824,0.21052512526512146,0.0035381112415053904,0.083234312936064,0.082947138102619,0.4555162421555126,0.421043246984,0.43538621889866946,0.37269184714385717
10956.078,-0.5367493346713156,4.012745198872478,-2.9594239350558897,-0.42258992671637696,-0.08570036361243498,0.18172420593893124,-0.5271663069725037,3.9291985034942627,-2.874847952519552,-0.40673044323921204,-0.10884737968444824,0.21052512526512146,0.005711097399224322,0.08390034621497766,0.08457598253633769,0.43112310012611565,0.421043246984,0.43855238960434284,0.37780284737145675
10956.098,-0.5451828741006652,4.010991186463519,-2.9557493368602357,-0.4015971156710724,-0.08352440042408321,0.17498086645438285,-0.5271663069725037,3.9291985034942627,-2.874847952519552,-0.40673044323921204,-0.10884737968444824,0.21052512526512146,-0.002593060550532173,0.08371329473491115,0.08090138434068361,0.4101151790002123,0.421043246984,0.44244883894454434,0.3739409291867936
10956.118,-0.553638183252531,4.009179899070875,-2.952043164878733,-0.44501627114537634,-0.09533091540114295,0.19506168323458764,-0.5271663069725037,3.9291985034942627,-2.874847952519552,-0.40673044323921204,-0.10884737968444824,0.21052512526512146,-0.010927931921961651,0.08353660380980667,0.07719521235918103,0.4550075966963231,0.421043246984,0.4381565480075877,0.3649711346390405
10956.137,-0.5621513511438161,4.007292071636257,-2.9483057020103285,-0.42565839455496324,-0.09439137172886823,0.18687314341615072,-0.5474436283111572,3.9235427379608154,-2.864321772252218,-0.40435364842414856,-0.11738511919975281,0.21052762866020203,0.001653208822169211,0.08501490988404913,0.08398392975811042,0.43586308244264393,0.421047657728,0.4401530462603652,0.37795870477296395
10956.157,-0.5707046731803704,4.005353941046789,-2.9445785934069844,-0.4276661018183822,-0.09690652947124649,0.18635543016313882,-0.5575525164604187,3.9206082820892334,-2.859058443699972,-0.40435364842414856,-0.11738511919975281,0.21052762866020203,0.003690553484513354,0.085680719847084,0.08552014970701238,0.4383617625656282,0.421047657728,0.4423126377479258,0.3807750751593648
10956.179,-0.5792764296097372,4.003380505861283,-2.9408430513591144,-0.4081788776118061,-0.09397310407702433,0.17788295467045895,-0.5676613450050354,3.9176735877990723,-2.853795353566305,-0.40435364842414856,-0.11738511919975281,0.21052762866020203,0.005708473449699696,0.08630179213070195,0.08704769779280941,0.4187201828663384,0.421047657728,0.4468195927412209,0.38537279001684976
10956.199,-0.5878628834771732,4.001371392010265,-2.937098366454104,-0.4293226933624263,-0.10045569254868987,0.18723424524642465,-0.5676613450050354,3.9176735877990723,-2.853795353566305,-0.40435364842414856,-0.11738511919975281,0.21052762866020203,-0.002783933947255908,0.08605622753870704,0.08330301288779918,0.44077698178904773,0.421047657728,0.4450123049966117,0.3778190379203223
10956.217,-0.5964628062889121,3.9993246874976336,-2.9333280400099486,-0.4526275164017658,-0.10772129013717135,0.19843823390049126,-0.5777671337127686,3.9147286415100098,-2.848532263432638,-0.40310078859329224,-0.12163491547107697,0.21052631735801697,-0.0008004063584905671,0.08663358770982431,0.08479577657731063,0.4651194834962124,0.421052604914,0.4412093225464778,0.3786249803306156
10956.237,-0.6050830735175458,3.9972360676249368,-2.9295261459805366,-0.43101336142227326,-0.10443099363256136,0.19009470146645066,-0.5777671337127686,3.9147286415100098,-2.848532263432638,-0.40310078859329224,-0.12163491547107697,0.21052631735801697,-0.009337799901892672,0.08640857263327849,0.08099388254789863,0.44333851271402386,0.421052604914,0.4381324732133181,0.37471794535102254
10956.258,-0.613713665681346,3.995116387390589,-2.925716936522427,-0.4315296082198402,-0.10598401172472291,0.19046047291863868,-0.597859799861908,3.9084455966949463,-2.838005844746725,-0.4017886519432068,-0.1258728802204132,0.21052512526512146,0.0030792501093203483,0.08805503529039593,0.08771109177570224,0.4442155382549022,0.421044051647,0.43958053323542384,0.38633387691642235
10956.277,-0.6223483583007438,3.99296407577308,-2.921922014497682,-0.4111758390064041,-0.10249102940205793,0.18071057260139844,-0.6079045534133911,3.9052987098693848,-2.832742754613058,-0.4017886519432068,-0.1258728802204132,0.21052512526512146,0.0050062913518330605,0.0887061267644645,0.08917925988462416,0.4236286191317905,0.421044051647,0.443534123041661,0.3910250427021246
10956.297,-0.630973227573097,3.990787833902211,-2.9181308591076895,-0.45394048801303133,-0.11453904583381044,0.19953449420768796,-0.6079045534133911,3.9052987098693848,-2.832742754613058,-0.4017886519432068,-0.1258728802204132,0.21052512526512146,-0.0035501381296254575,0.088475706126864,0.08538810449463163,0.4680363899497722,0.421044051647,0.4391257541503362,0.38155239335199503
10956.317,-0.639605898753032,3.9885805995429946,-2.914310020429722,-0.4316335589873252,-0.11036171795840732,0.19104193389421373,-0.6179460287094116,3.902141571044922,-2.827479664479391,-0.40045100450515747,-0.13009363412857056,0.21052633225917816,-0.0016254459210495245,0.08909665281903073,0.08683035595033095,0.44540083835950506,0.421052694321,0.4370018176421216,0.38625422779663576
10956.338,-0.6482503116032763,3.9863337290737917,-2.9104945587263793,-0.4116387071775957,-0.10699383187281071,0.18168865255032038,-0.6179460287094116,3.902141571044922,-2.827479664479391,-0.40045100450515747,-0.13009363412857056,0.21052633225917816,-0.010214733180552594,0.08889504070149068,0.08301489424698838,0.4252020539680142,0.421052694321,0.4355733505245327,0.38221113551840497
10956.357,-0.6568578124210619,3.984067184383372,-2.9066618141249116,-0.4530263588252699,-0.1192918258100927,0.2017234000747729,-0.6379022002220154,3.8954367637634277,-2.816953245793478,-0.3990541994571686,-0.13430336117744446,0.21052762866020203,0.0021961005265060812,0.090608188568067,0.08970856833143381,0.4683501665166515,0.421048283577,0.431957073713922,0.3903388592585959
10956.377,-0.6654147867161184,3.981763744326076,-2.902871445986788,-0.42784871474348746,-0.11517200286230225,0.18951840690203828,-0.6478785276412964,3.8920793533325195,-2.811690155659811,-0.3990541994571686,-0.13430336117744446,0.21052762866020203,0.004167846368676953,0.09128767401391857,0.0911812903269773,0.44294902396162317,0.421048283577,0.4337611143893265,0.3955243760712671
10956.398,-0.6739277782672701,3.9794097708090144,-2.899101620933379,-0.42564957754829424,-0.11769867585050381,0.1884912526663497,-0.6478785276412964,3.8920793533325195,-2.811690155659811,-0.3990541994571686,-0.13430336117744446,0.21052762866020203,-0.0043172107708294195,0.09103036287939262,0.08741146527356802,0.44145826344729683,0.421048283577,0.4315838380125392,0.38993301189659607
10956.417,-0.6824104511023233,3.9770091899375526,-2.8952948340856675,-0.42413364178197765,-0.12002904358138546,0.19033934239872694,-0.6478785276412964,3.8920793533325195,-2.811690155659811,-0.3990541994571686,-0.13430336117744446,0.21052762866020203,-0.012782625508959231,0.09078620693020246,0.08360467842585662,0.4405989185791995,0.421048283577,0.42854498886767245,0.384270260255842
10956.436,-0.6908962602790778,3.9745515762229227,-2.8915056256532106,-0.4242904588284614,-0.12288068572881457,0.18946042161870907,-0.6685507297515869,3.8848698139190674,-2.8007426897632044,-0.3961339592933655,-0.14267171919345856,0.21052512526512146,0.000544804275733831,0.09242209915805509,0.09076293589000617,0.4415026886441556,0.421043157578,0.43000131339988495,0.39648396685584775
10956.457,-0.6993615967562359,3.9720635985760016,-2.887673644469554,-0.42326682384866504,-0.12439888234333975,0.19159905917864095,-0.6776618361473083,3.8815882205963135,-2.7959006468402308,-0.3961339592933655,-0.14267171919345856,0.21052512526512146,0.0017233783654779476,0.09302528472443172,0.09177299762932334,0.440943847660902,0.421043157578,0.4316932066565137,0.39876877521544174
10956.477,-0.7077735875043953,3.9695615007879628,-2.883830753363374,-0.4205995373987922,-0.12510488939920833,0.19214455530480987,-0.6875652074813843,3.878021478652954,-2.7906375567065638,-0.3961339592933655,-0.14267171919345856,0.21052512526512146,0.0037943564684839587,0.0936672682137276,0.09319319665681025,0.4385955278826556,0.421043157578,0.4339255401995216,0.4018538981300321
10956.497,-0.7161442991066966,3.9670304788146407,-2.879964934809356,-0.4185355801439946,-0.126551098674853,0.1932909277142671,-0.6875652074813843,3.878021478652954,-2.7906375567065638,-0.3961339592933655,-0.14267171919345856,0.21052512526512146,-0.004584087433018955,0.0933721196627642,0.08932737810279212,0.43702576555607964,0.421043157578,0.4322185216248375,0.3961191410183325
10956.518,-0.7245018869315096,3.964462307552293,-2.8760278963755814,-0.41787939123152834,-0.12840856311457413,0.19685192168442636,-0.6875652074813843,3.878021478652954,-2.7906375567065638,-0.3961339592933655,-0.14267171919345856,0.21052512526512146,-0.012955078578893112,0.09310478574499176,0.08539033966901766,0.43693176735094513,0.421043157578,0.42954438021428337,0.3902297282850972
10956.538,-0.7328830604970187,3.9618465902035065,-2.872056499933788,-0.3991035031073099,-0.1245579689860417,0.18911411627011787,-0.7072949409484863,3.870680332183838,-2.7801111380206507,-0.3930472731590271,-0.15098066627979279,0.21052762866020203,-0.00038809882994615685,0.09468837226733262,0.09194536191313718,0.4178615174479227,0.421047896147,0.4334275855426584,0.4034529706625155
10956.56,-0.7412829216816741,3.959186844861277,-2.8680806985909566,-0.39999338973330006,-0.12665454010231358,0.18932387346238302,-0.7171211242675781,3.866905927658081,-2.7748480478869837,-0.3930472731590271,-0.15098066627979279,0.21052762866020203,0.001662754198516362,0.0953771219036211,0.09323265070397291,0.41933614623546683,0.421047896147,0.4376748306672392,0.40616718110803557
10956.576,-0.7496678638156771,3.9565023741743657,-2.864091533425039,-0.4658301186020425,-0.14913726039878178,0.22162028701746136,-0.7269473075866699,3.863131284713745,-2.7695847193347376,-0.3930472731590271,-0.15098066627979279,0.21052762866020203,0.0037279749035962866,0.09602336291516164,0.09450681409030137,0.4888654970897695,0.421047896147,0.4330043931317487,0.4024927988305246
10956.598,-0.7580394151060079,3.953771551166853,-2.860108532171111,-0.41857756450740574,-0.1365411503726438,0.199150062692049,-0.7269473075866699,3.863131284713745,-2.7695847193347376,-0.3930472731590271,-0.15098066627979279,0.21052762866020203,-0.004690249552518212,0.09570986684673428,0.09052381283637345,0.44003275243795537,0.421047896147,0.4311169209317457,0.40099149971810527
10956.617,-0.7663875637303084,3.9510225699187407,-2.8561195802415664,-0.4174074312059111,-0.1374490624026255,0.1994475964728778,-0.7367696166038513,3.859346866607666,-2.7643216292010706,-0.39144155383110046,-0.15510910749435425,0.21052631735801697,-0.002602341392929513,0.09630620534960578,0.09179795104049582,0.4392215661626329,0.421052634716,0.4296205780205828,0.4037199650189072
10956.638,-0.7747221600021201,3.948240881751187,-2.8521139561550513,-0.416729813581492,-0.13908440837465175,0.20028120432138674,-0.7367696166038513,3.859346866607666,-2.7643216292010706,-0.39144155383110046,-0.15510910749435425,0.21052631735801697,-0.010998412519463756,0.09602903936198522,0.08779232695398065,0.43909287139274183,0.421052634716,0.4269353910673438,0.3977541244042948
10956.657,-0.7830385859147126,3.9454239073158806,-2.848113174641759,-0.41582129562054937,-0.14084872176224428,0.2000390756602489,-0.7562626004219055,3.851396083831787,-2.7537954489337366,-0.38977712392807007,-0.15922033786773682,0.21052512526512146,0.0015696808417614803,0.09775336869040298,0.09431772570802233,0.4387874480728067,0.421043127775,0.4289181784280902,0.4094814884929788
10956.678,-0.7913198480330759,3.942594675703835,-2.8441281892932104,-0.4140631059467817,-0.1414615806120648,0.19924926744119842,-0.7660070061683655,3.8474154472351074,-2.7485321203814905,-0.38977712392807007,-0.15922033786773682,0.21052512526512146,0.0036955727400432847,0.09841833283130279,0.0955960689117199,0.43734054094460684,0.421043127775,0.4313616185116598,0.41240453484278666
10956.697,-0.7995458551385374,3.939754739425829,-2.840098767753217,-0.4113003552640976,-0.1419968138971808,0.20147107699528424,-0.7660070061683655,3.8474154472351074,-2.7485321203814905,-0.38977712392807007,-0.15922033786773682,0.21052512526512146,-0.004606164471775625,0.09813349337196983,0.09156664737172626,0.43491375438403695,0.421043127775,0.4300400620601372,0.4066199469232048
10956.717,-0.8077308325349783,3.9368839358623227,-2.8360634251808983,-0.40924886981311565,-0.14354017817219442,0.20176712861152202,-0.7757473587989807,3.8434250354766846,-2.7432690302478235,-0.3880896270275116,-0.16331495344638824,0.21052633225917816,-0.0023900074119231653,0.09875118489458659,0.09279439493307473,0.43347228264588167,0.421052634716,0.42918924023381355,0.4094318324760561
10956.738,-0.8158988875470378,3.9339901367185997,-2.832041625598288,-0.3889550005960895,-0.1377999592326397,0.19151426584932923,-0.7757473587989807,3.8434250354766846,-2.7432690302478235,-0.3880896270275116,-0.16331495344638824,0.21052633225917816,-0.01065420363066458,0.09849198327153695,0.08877259535046456,0.41244628341731665,0.421052634716,0.42922902490263276,0.40530992944309524
10956.759,-0.8240413467040962,3.9310828112862444,-2.8280366700885455,-0.38773615032429554,-0.13844406820317312,0.19071216712478326,-0.7950686812400818,3.8350656032562256,-2.7327428499804896,-0.3863397538661957,-0.16739095747470856,0.21052512526512146,0.0020558147912280653,0.10027209585679242,0.09529382010805598,0.4115333377872603,0.421044111252,0.4342585969875103,0.41739015457001755
10956.777,-0.8321893364296553,3.9281331877817767,-2.8240855776386695,-0.4288415644978543,-0.15524334233850298,0.20795223420145248,-0.8047271966934204,3.830880880355835,-2.7274797598468226,-0.3863397538661957,-0.16739095747470856,0.21052512526512146,0.004272603698950661,0.10096497054025264,0.09660581779184696,0.455873479437501,0.421044111252,0.43497528066680596,0.41608908848144127
10956.797,-0.8403297423865265,3.9251731125511866,-2.8201186783037833,-0.42844241877744216,-0.15579343318704106,0.20878417551777065,-0.8047271966934204,3.830880880355835,-2.7274797598468226,-0.3863397538661957,-0.16739095747470856,0.21052512526512146,-0.003985573205190204,0.10071088083438594,0.0926389184569607,0.45571895319222133,0.421044111252,0.43191026448566755,0.4102944059627309
10956.816,-0.8484576172415466,3.9221855037340787,-2.8161283999358724,-0.40639374274213375,-0.14938044085213492,0.19951391839118915,-0.8143813610076904,3.826686382293701,-2.7222166697131556,-0.38456568121910095,-0.17144840955734253,0.21052633225917816,-0.0017516139220750404,0.10138148392811867,0.09391173022271682,0.43282324212941203,0.421052634716,0.43408454562648846,0.41520348480937397
10956.836,-0.856580670464507,3.919166378365635,-2.812087375376929,-0.40615266117609766,-0.15095626843262092,0.20205122796113034,-0.8143813610076904,3.826686382293701,-2.7222166697131556,-0.38456568121910095,-0.17144840955734253,0.21052633225917816,-0.010004882625417329,0.10115944699210591,0.08987070566377353,0.43314834785511697,0.421052634716,0.4322325555962476,0.40925933051325925
10956.858,-0.8646891250878368,3.916118437042517,-2.8080190677114842,-0.40542273115763866,-0.15239706615258058,0.20341538326780284,-0.833522617816925,3.8179218769073486,-2.7116902510272425,-0.38273385167121887,-0.17548768222332,0.21052762866020203,0.0027031294826607953,0.10298839103922086,0.09632881668424176,0.4329732537855916,0.421047657728,0.43520139112238243,0.421157850129291
10956.878,-0.8727680758268567,3.913047657884049,-2.8039430375573735,-0.4039475369421764,-0.15353895792003114,0.20380150770108807,-0.8430909514427185,3.813534736633301,-2.7064269224749964,-0.38273385167121887,-0.17548768222332,0.21052762866020203,0.004964247241856751,0.103725163084427,0.09751611508237712,0.432001898575655,0.421047657728,0.4382995396329719,0.42410700462694206
10956.898,-0.8808189458122295,3.9099519236669567,-2.799854022190281,-0.40254349925985605,-0.1547867108512477,0.2044507683501621,-0.8430909514427185,3.813534736633301,-2.7064269224749964,-0.38273385167121887,-0.17548768222332,0.21052762866020203,-0.003234437508354171,0.10348533194918681,0.09342709971528462,0.4311387926371173,0.421047657728,0.4376571966373752,0.418200959592492
10956.917,-0.8888583082475545,3.9068224464211605,-2.795727443774274,-0.4019681217940343,-0.15647386230062335,0.20632892081460893,-0.8526548147201538,3.8091378211975098,-2.7011638323413294,-0.3808712661266327,-0.17950598895549774,0.21052631735801697,-0.0009434719397109145,0.10417335940331686,0.09456361143294467,0.43121089608744284,0.421052634716,0.4401614089916878,0.42092384851465847
10956.938,-0.8968993213956783,3.9036569430935812,-2.7915709044890002,-0.4020506573974129,-0.15827516637550795,0.20782696425915453,-0.8526548147201538,3.8091378211975098,-2.7011638323413294,-0.3808712661266327,-0.17950598895549774,0.21052631735801697,-0.009149421564306086,0.10396022729872978,0.09040707214767085,0.43194785942596714,0.421052634716,0.43860575211550595,0.41484829399051865
10956.963,-0.904946601473599,3.9004484267547728,-2.7873835741834747,-0.32189120312151054,-0.12834065355420662,0.1674932122234589,-0.8716071248054504,3.7999725341796875,-2.6906376520739954,-0.37895119190216064,-0.1835031807422638,0.21052512526512146,0.0035801289396387784,0.10580221344585214,0.0967459221094793,0.34642333790953056,0.421043246984,0.4535989979956312,0.43487313914189135
10956.978,-0.912999646718186,3.8971971410697295,-2.783193643969043,-0.5033153277413723,-0.20320535529690917,0.2618706383784165,-0.8818387985229492,3.795017957687378,-2.684953276311056,-0.37895119190216064,-0.1835031807422638,0.21052512526512146,0.006661070231067365,0.10661713802343226,0.09824036765798683,0.5426139203409058,0.421043246984,0.4459750172061876,0.4193822990734513
10956.998,-0.9210665496264149,3.8938932171617058,-2.778991805613287,-0.42457383731064785,-0.17389073201576402,0.22114938716349383,-0.8818387985229492,3.795017957687378,-2.684953276311056,-0.37895119190216064,-0.1835031807422638,0.21052512526512146,-0.001605299681236294,0.10636050209398475,0.09403852930223122,0.4586472511961699,0.421043246984,0.44306341494404555,0.4214737804622349
10957.017,-0.9291463510872631,3.890548156635435,-2.7747863979200345,-0.4039900730335913,-0.1672530263098789,0.21027038465804662,-0.8905499577522278,3.790787696838379,-2.6801112333880823,-0.3770081102848053,-0.18748390674591064,0.21052633225917816,-0.0002511745787951436,0.106966199468448,0.09467516453195213,0.4370985943886646,0.421052634716,0.4451412685623756,0.4253954120851199
10957.038,-0.9372403851418706,3.887158685344509,-2.7705695555133287,-0.4047017027215419,-0.16947356454260823,0.21084212033068392,-0.8905499577522278,3.790787696838379,-2.6801112333880823,-0.3770081102848053,-0.18748390674591064,0.21052633225917816,-0.008572322450707354,0.10674211316662825,0.0904583221252464,0.4386104187056034,0.421052634716,0.44306702431364436,0.4191746235886233
10957.057,-0.9453220222123688,3.883752629391049,-2.766343973483769,-0.4040818535160922,-0.17030279766928802,0.21127910147336734,-0.9093053936958313,3.7812254428863525,-2.6695848147021692,-0.37500855326652527,-0.19144263863563538,0.21052762866020203,0.004066149650414928,0.10859322229903436,0.09675915878159991,0.4383810696117312,0.421048343182,0.44566851465397994,0.430915503702461
10957.076,-0.9533619591079858,3.880343352629529,-2.762143311253704,-0.4019968448086364,-0.1704638380877787,0.21003311151776727,-0.9194306135177612,3.7760565280914307,-2.663900677357809,-0.37500855326652527,-0.19144263863563538,0.21052762866020203,0.007111015845448952,0.10943724886641265,0.09824263389589527,0.4365436508118563,0.421048343182,0.44890378946792453,0.4345661305405235
10957.098,-0.9613721659943698,3.8769095913322054,-2.7579175988318805,-0.400510344310457,-0.17168806486243468,0.21128562108657206,-0.9194306135177612,3.7760565280914307,-2.663900677357809,-0.37500855326652527,-0.19144263863563538,0.21052762866020203,-0.0011397879759218119,0.10922057989484288,0.09401692147407159,0.43565946487374385,0.421048343182,0.4510420468160687,0.42857822737702717
10957.118,-0.969373172587867,3.8734470402727483,-2.7537034964052176,-0.4000503296661292,-0.17312755296907253,0.21070512132854421,-0.9280508756637573,3.771643877029419,-2.6590586344348353,-0.3729778230190277,-0.19537882506847382,0.21052631735801697,0.00025309954615709146,0.10986970560646822,0.09464486197038235,0.4358133374855545,0.421052664518,0.45337878305160995,0.43055362746560233
10957.138,-0.9773782439738075,3.8699424249247003,-2.7494814907511262,-0.40025356928828437,-0.17523076739857626,0.2111002826999604,-0.9280508756637573,3.771643877029419,-2.6590586344348353,-0.3729778230190277,-0.19537882506847382,0.21052631735801697,-0.008019809346634044,0.10968808705032604,0.09042285631629099,0.436838788849477,0.421052664518,0.4515309586595418,0.4244481269602958
10957.157,-0.9854244817785718,3.866392325787721,-2.745256356844778,-0.40231189022943453,-0.17750495684508716,0.21125669531279648,-0.9469715356826782,3.7614896297454834,-2.6483216921435755,-0.37089085578918457,-0.19929370284080505,0.21052512526512146,0.005024634828424697,0.11161522183476941,0.0969346647012026,0.43964951904833244,0.42104396224,0.45407219222662704,0.436318800799589
10957.177,-0.993501430926045,3.8628104306844104,-2.741059587061948,-0.40384745740157735,-0.1790947551779113,0.20983848915601608,-0.9558728933334351,3.756706476211548,-2.643269125615255,-0.37089085578918457,-0.19929370284080505,0.21052512526512146,0.006720553668923157,0.11237788997183067,0.09779046144669268,0.44171496058587234,0.42104396224,0.4568031713532379,0.4385793778318495
10957.198,-1.0016043931813086,3.8592026912924995,-2.7368419227366645,-0.40514811275433266,-0.18038696959160988,0.21088321625956516,-0.9558728933334351,3.756706476211548,-2.643269125615255,-0.37089085578918457,-0.19929370284080505,0.21052512526512146,-0.0016744733533374107,0.11222317195323661,0.09357279712140931,0.44344690297432326,0.42104396224,0.4553489724720561,0.4324550470694389
10957.217,-1.009756547176671,3.8555495610034622,-2.7325956251489383,-0.40760769975922273,-0.18265651444787515,0.21231487938167617,-0.9651400446891785,3.7517147064208984,-2.638006035481588,-0.36878225207328796,-0.20318706333637238,0.21052633225917816,0.00035746842805739476,0.11301407671932526,0.0945895896673501,0.44662881797652126,0.421052634716,0.45670000485581447,0.4348827638354974
10957.236,-1.0179353696537299,3.8518430671486774,-2.7283274744702393,-0.4089411238440198,-0.18532469273519633,0.21340753393029235,-0.9651400446891785,3.7517147064208984,-2.638006035481588,-0.36878225207328796,-0.20318706333637238,0.21052633225917816,-0.008138993089118252,0.11290169065005227,0.09032143898865108,0.4489408952339806,0.421052634716,0.4537975674516866,0.4287370476877399
10957.258,-1.026140118575719,3.8480649497244963,-2.724032452429433,-0.4102374461278158,-0.1889058712221127,0.21475110205516648,-0.9834762811660767,3.7413713932037354,-2.627479616795675,-0.36661678552627563,-0.20705655217170715,0.21052762866020203,0.004269390398809719,0.1148280903402463,0.09655283563375772,0.4515975649398757,0.421046644449,0.4552550691377477,0.44015226477369096
10957.278,-1.0343639845701333,3.8442207588091337,-2.7197511864238635,-0.39161266638873937,-0.18305671024978,0.2038698097827997,-0.9926416873931885,3.7361950874328613,-2.622216526662008,-0.36661678552627563,-0.20705655217170715,0.21052762866020203,0.00616538358785719,0.1156385913232701,0.09753465976185538,0.4322334915191831,0.421046644449,0.45909286847178454,0.44472808677710324
10957.302,-1.0425979646827193,3.8403106583972146,-2.715467259679328,-0.3430825046991926,-0.16292085050048097,0.17849694769319469,-0.9926416873931885,3.7361950874328613,-2.622216526662008,-0.36661678552627563,-0.20705655217170715,0.21052762866020203,-0.0024531601221503482,0.11545416304004318,0.09325073301732001,0.3797447031461283,0.421046644449,0.4682020047652063,0.4434684687498139
10957.317,-1.0508522982518553,3.836336523520184,-2.7111425265787075,-0.5502889045636943,-0.26494232511353927,0.2883155400176018,-0.9926416873931885,3.7361950874328613,-2.622216526662008,-0.36661678552627563,-0.20705655217170715,0.21052762866020203,-0.01111351379955762,0.11529645375811645,0.08892599991669936,0.6106455667854933,0.421046644449,0.4537846688290434,0.416685551272099
10957.336,-1.0591157028912288,3.832307887153056,-2.7068050397404084,-0.41317023199723263,-0.2014318183703134,0.21687434192994284,-1.0108617544174194,3.7256505489349365,-2.611690107976095,-0.3621737062931061,-0.21472887694835663,0.21052512526512146,0.0011615896637916165,0.11705930996097816,0.0951149317643134,0.45957534117692067,0.421044290066,0.451246654635048,0.441232238416282
10957.358,-1.067393299078066,3.8282182631032526,-2.7024867972061455,-0.39417124698022465,-0.19474400236565267,0.20563059686339416,-1.01991605758667,3.7202823162078857,-2.606427017842428,-0.3621737062931061,-0.21472887694835663,0.21052512526512146,0.002913665529055899,0.11788031067577226,0.09605977936371746,0.4395686487092322,0.421044290066,0.45388761259582716,0.4457903990691123
10957.378,-1.0756678016081984,3.8240778903003614,-2.6981816293952554,-0.43550013315953223,-0.21791435804423787,0.22658777951775366,-1.02897047996521,3.714914083480835,-2.601163927708761,-0.3621737062931061,-0.21472887694835663,0.21052512526512146,0.004652408302913122,0.11864118873705956,0.09701770168649437,0.48687474091665756,0.421044290066,0.4491908753412482,0.44377492694427983
10957.396,-1.083914036994944,3.8198937386362655,-2.693914078428751,-0.4123117693282814,-0.20920758320022914,0.21337754832056446,-1.02897047996521,3.714914083480835,-2.601163927708761,-0.3621737062931061,-0.21472887694835663,0.21052512526512146,-0.004086144225635142,0.11841801332989867,0.09275015071998993,0.4622407973226924,0.421044290066,0.4458497099619119,0.44004938907359836
10957.417,-1.0921321661237269,3.8156683554674427,-2.6896632691737743,-0.4109064564675443,-0.21126915845574407,0.21254046276352478,-1.0380192995071411,3.7095367908477783,-2.595900837575094,-0.35990267992019653,-0.2185300588607788,0.21052633225917816,-0.0023324009785504127,0.11910781354620545,0.09376243159868025,0.46191567126157906,0.421052634716,0.4426297588571861,0.4425558635393792
10957.437,-1.1003036626697158,3.811402140477585,-2.6853883822733824,-0.40857482729052774,-0.21331074948823375,0.2137443450149297,-1.0380192995071411,3.7095367908477783,-2.595900837575094,-0.35990267992019653,-0.2185300588607788,0.21052633225917816,-0.011038470064970204,0.11888668356210032,0.08948754469828835,0.4607630639570186,0.421052634716,0.4382779869047578,0.43655263853242365
10957.457,-1.1084349244207838,3.80711123336643,-2.6811114482846974,-0.4065630875445277,-0.21454535555305507,0.21384669942958245,-1.0559039115905762,3.6984307765960693,-2.585374418889181,-0.35757720470428467,-0.22230581939220428,0.21052762866020203,0.001236021280792636,0.12070385761927878,0.09573702939551643,0.4595544758835879,0.421047896147,0.43583199467059464,0.44806897172645005
10957.478,-1.1164870408688263,3.8028366058007648,-2.676826117584454,-0.36600529310906077,-0.19430125299339832,0.19478775911061,-1.0648432970046997,3.692873239517212,-2.580111090336935,-0.35757720470428467,-0.22230581939220428,0.21052762866020203,0.0031214354495242777,0.12144659256417521,0.09671502724751901,0.4142702964708901,0.421047896147,0.4414566519285134,0.45502396559790803
10957.497,-1.1244488651281763,3.7985698485504997,-2.6725225829881523,-0.4423235699631733,-0.23704206945878567,0.23908525534970326,-1.0648432970046997,3.692873239517212,-2.580111090336935,-0.35757720470428467,-0.22230581939220428,0.21052762866020203,-0.005386623009736698,0.12122533235676891,0.0924114926512174,0.5017043085323507,0.421047896147,0.434295502910247,0.4406324764126444
10957.517,-1.1323524268452354,3.794296644397674,-2.6681751602006973,-0.39517808584432823,-0.2136602076366226,0.21737113936800145,-1.0648432970046997,3.692873239517212,-2.580111090336935,-0.35757720470428467,-0.22230581939220428,0.21052762866020203,-0.013842131610266935,0.12104786269016275,0.08806406986376247,0.4491287808131412,0.421047896147,0.4309092758126555,0.4393845754867346
10957.537,-1.1402136240645926,3.7899863883276677,-2.6638605769749235,-0.39305986095927964,-0.21551280349561314,0.21572916128398245,-1.0826034545898438,3.6815712451934814,-2.569584910069601,-0.35281336307525635,-0.22978255152702332,0.21052512526512146,-0.0013144953370025358,0.12276419262034172,0.09427566690532263,0.4481383834227256,0.421043097973,0.42926219604034477,0.4507895733635337
10957.558,-1.1480427595418858,3.7856247197772532,-2.659563747658897,-0.3914567738561177,-0.21808342751596077,0.21484146579664026,-1.091423749923706,3.6758265495300293,-2.564321819935934,-0.35281336307525635,-0.22978255152702332,0.21052512526512146,0.0007323760235352569,0.1235346674627898,0.09524192772296303,0.44795134522061436,0.421043097973,0.43082907800146486,0.45344861982647783
10957.578,-1.1558368306606792,3.781224609688137,-2.6552591537054893,-0.38970355596660583,-0.2200055044710296,0.2152296976852597,-1.1005969047546387,3.6698522567749023,-2.558847967778341,-0.35281336307525635,-0.22978255152702332,0.21052512526512146,0.0032190700964542657,0.12427746374644522,0.09641118592714815,0.4473462503482846,0.421043097973,0.4326547340070521,0.45638127857870886
10957.597,-1.1635724965171732,3.7768043348189577,-2.6509566040945294,-0.38678329281625684,-0.22101374345412894,0.21512748054329836,-1.1005969047546387,3.6698522567749023,-2.558847967778341,-0.35281336307525635,-0.22978255152702332,0.21052512526512146,-0.005152142634890465,0.12400857866314276,0.09210863631618826,0.44529456195667344,0.421043097973,0.43076569444582935,0.45035982723824136
10957.617,-1.1712330061472598,3.772388549338781,-2.646578635344812,-0.38302548149596816,-0.2207892740040175,0.21889843748108126,-1.1005969047546387,3.6698522567749023,-2.558847967778341,-0.35281336307525635,-0.22978255152702332,0.21052512526512146,-0.01344783941518006,0.12378330148997277,0.08773066756647108,0.44193250511909177,0.421043097973,0.42788130215224635,0.44445427199718196
10957.638,-1.1788437618967595,3.767954056408711,-2.6421666654831477,-0.3805377874666819,-0.22172464649865634,0.22059849307840868,-1.1177622079849243,3.6584086418151855,-2.548532311116354,-0.34790217876434326,-0.23716172575950623,0.21052762866020203,-0.0011572291042010463,0.12541855886411793,0.0936343543667939,0.44024674222312354,0.421048223972,0.42979470269598413,0.4554915027877252
10957.657,-1.186403958165832,3.763503493355467,-2.6377635313878773,-0.3780098134453769,-0.2225281526573363,0.22015670475871335,-1.1264598369598389,3.652479648590088,-2.5432689825641077,-0.34790217876434326,-0.23716172575950623,0.21052762866020203,0.00110487082895714,0.12616802698820795,0.09449454882376962,0.4384711203731914,0.421048223972,0.43232114674257177,0.4582133461357462
10957.678,-1.1939406829495742,3.7590045320268195,-2.633360117898054,-0.3588916563888166,-0.21423625375715283,0.20968635667001728,-1.1351573467254639,3.646550416946411,-2.5380058924304407,-0.34790217876434326,-0.23716172575950623,0.21052762866020203,0.003370515094577274,0.12684655393092775,0.09535422546761341,0.4177845294862937,0.421048223972,0.4374686255785314,0.4626372600558933
10957.697,-1.2014556041070326,3.7544629083850936,-2.6289505831663096,-0.3955221661771706,-0.23903282324580477,0.23208077535213217,-1.1351573467254639,3.646550416946411,-2.5380058924304407,-0.34790217876434326,-0.23716172575950623,0.21052762866020203,-0.004846657640532902,0.12655858189017408,0.09094469073586886,0.46191960207686467,0.421048223972,0.4342013312382652,0.45214208990190363
10957.717,-1.2089776440702527,3.7498716338850615,-2.6245053936173024,-0.37610199815279527,-0.2295637249965916,0.222259477445508,-1.1438487768173218,3.6406126022338867,-2.5327428022967737,-0.3453923463821411,-0.24080996215343475,0.21052631735801697,-0.002601864849892617,0.12717128467663288,0.09176259132052866,0.4404163648725844,0.421052634716,0.4332143318489134,0.4563863494672421
10957.737,-1.216530086094684,3.745235662283351,-2.6200245700650386,-0.37762210121332146,-0.23179858008046966,0.22404117760829753,-1.1438487768173218,3.6406126022338867,-2.5327428022967737,-0.3453923463821411,-0.24080996215343475,0.21052631735801697,-0.010890098118263865,0.12692502974338807,0.0872817677682649,0.44290447843471237,0.421052634716,0.43079598234599564,0.4498099397502236
10957.758,-1.2240918162763603,3.7405782845786515,-2.615534438283104,-0.3780865091099532,-0.23286888525106766,0.2245065891122584,-1.161339521408081,3.6281557083129883,-2.522005860005514,-0.3428296744823456,-0.24442850053310394,0.21052512526512146,0.0021828214454232553,0.12873197526637167,0.09352857827758987,0.4438966775014158,0.421043306589,0.4329886416261889,0.46136220898887426
10957.778,-1.2316519677479567,3.735905207173618,-2.611051345204244,-0.3600072129221848,-0.22252749547099715,0.21348062279633606,-1.1695674657821655,3.6222894191741943,-2.5169532934771937,-0.3428296744823456,-0.24442850053310394,0.21052512526512146,0.003939674126035755,0.12941217730511673,0.09409805172705044,0.42311718956854727,0.421043306589,0.4377191795609665,0.4653931494290469
10957.797,-1.2391834486688853,3.73122538410684,-2.6065634575198278,-0.39639373267559463,-0.24630647719583254,0.23620461496638576,-1.1695674657821655,3.6222894191741943,-2.5169532934771937,-0.3428296744823456,-0.24442850053310394,0.21052512526512146,-0.004344648234555014,0.12920740520886806,0.08961016404263411,0.46658252910086945,0.421043306589,0.4339413552771508,0.45508370601266607
10957.818,-1.246678220118743,3.7265258019212,-2.6020339324590656,-0.35689387858468263,-0.22378962790016607,0.21569166957221161,-1.1781319379806519,3.6161701679229736,-2.5116902033435267,-0.3402465283870697,-0.24802742898464203,0.21052633225917816,-0.0021122577040451757,0.12989417661118233,0.0903437291155389,0.42116550853132595,0.421052604914,0.43778157824887365,0.46153403462460674
10957.838,-1.254122344705452,3.721821177452607,-2.5974949288086013,-0.39179603087461756,-0.24761181413344463,0.2388949289688738,-1.1781319379806519,3.6161701679229736,-2.5116902033435267,-0.3402465283870697,-0.24802742898464203,0.21052633225917816,-0.010327132899129579,0.12973059799027736,0.08580472546507467,0.4633939511155174,0.421052604914,0.43347401940809926,0.4515175112747535
10957.858,-1.2615272751551645,3.717083928504829,-2.592929513258378,-0.37024652247754714,-0.23686244738372675,0.2282707775061921,-1.195019006729126,3.6035990715026855,-2.5011637846576136,-0.3376108407974243,-0.25159555673599243,0.21052762866020203,0.0024413407773271265,0.1315150272517781,0.09176572860076426,0.43943758298939806,0.421047985554,0.4360565425861631,0.4648949858527002
10957.878,-1.2688777414425163,3.712330125588336,-2.588374957691105,-0.3675233143595682,-0.2376901458194767,0.2277277783586692,-1.2034592628479004,3.5973093509674072,-2.4959006945239466,-0.3376108407974243,-0.25159555673599243,0.21052762866020203,0.004774554407484248,0.1322367557309338,0.09247426316715845,0.437591881024675,0.421047985554,0.4393031840987325,0.4674415079798842
10957.896,-1.2761594131090348,3.707570827568918,-2.583854335189668,-0.3640835833179777,-0.23796490096570524,0.2260311250669123,-1.2034592628479004,3.5973093509674072,-2.4959006945239466,-0.3376108407974243,-0.25159555673599243,0.21052762866020203,-0.003324816816123094,0.13202973401274512,0.08795364066572153,0.43485564272148924,0.421047985554,0.4388485918618832,0.4613814776068348
10957.918,-1.2833862492196606,3.702776432951285,-2.5793089148960573,-0.36134180555626655,-0.2397197308982077,0.22727101469625055,-1.211893081665039,3.591010808944702,-2.4906373659717005,-0.33494988083839417,-0.25513505935668945,0.21052631735801697,-0.0009016078373588476,0.13267258503504664,0.0886715489243568,0.43350886919999354,0.421052634716,0.44169524377703356,0.4637703511600056
10957.938,-1.2905679476229404,3.697953448901401,-2.5747634328788678,-0.3590849201561498,-0.2411492024889426,0.22727410085451494,-1.211893081665039,3.591010808944702,-2.4906373659717005,-0.33494988083839417,-0.25513505935668945,0.21052631735801697,-0.008946825331574385,0.13246288948565238,0.08412606690716729,0.4324142790512964,0.421052634716,0.4406379156295536,0.4575240556723126
10957.958,-1.2977427109708044,3.6930609519212876,-2.5701939867310757,-0.3587381673853717,-0.24462484900033052,0.22847230738461738,-1.2285116910934448,3.578087329864502,-2.4801111857043665,-0.3322354853153229,-0.25864550471305847,0.21052512526512146,0.003945423443631017,0.13415029450570126,0.09008280102670918,0.43404628896160796,0.421043843031,0.44414800889768735,0.4685641032212216
10957.98,-1.30492272035977,3.688108082521434,-2.5656314472762887,-0.3121743212698406,-0.2153421478269485,0.19837128064956575,-1.2374820709228516,3.571103811264038,-2.474427048360006,-0.3322354853153229,-0.25864550471305847,0.21052512526512146,0.007164949939967483,0.13485883056479964,0.09120439891628251,0.3790951819159724,0.421043843031,0.45448627681697606,0.4766092446128529
10957.997,-1.3121102010320005,3.683105114488117,-2.56106261396074,-0.42279298072378513,-0.2942922372569518,0.2687549009173765,-1.2374820709228516,3.571103811264038,-2.474427048360006,-0.3322354853153229,-0.25864550471305847,0.21052512526512146,-0.0009729139323645386,0.13458344313458603,0.08663556560073404,0.5149373214999009,0.421043843031,0.4477117846022358,0.4578833527324193
10958.017,-1.3193074636051803,3.6780348801637004,-2.5564707999129395,-0.3598631286511331,-0.2535117162152997,0.2295907023850253,-1.2451168298721313,3.5651464462280273,-2.4695850054370325,-0.3295048177242279,-0.262129545211792,0.21052633225917816,0.0004997560248397662,0.13508441395688797,0.08688579447590694,0.4400127896422465,0.421052634716,0.4502816212949457,0.4658603119099164
10958.037,-1.3265115135618846,3.672924411757535,-2.551914584396815,-0.3602024978273534,-0.2555234203027015,0.2278107758012527,-1.2451168298721313,3.5651464462280273,-2.4695850054370325,-0.3295048177242279,-0.262129545211792,0.21052633225917816,-0.007714103962455067,0.13483944892608807,0.08232957895978243,0.4414663186640485,0.421052634716,0.44868640890598566,0.4593237826943016
10958.061,-1.3337180224630143,3.6677564063914727,-2.547333425600632,-0.3002712042208391,-0.21533355692434616,0.1908816165121311,-1.2614598274230957,3.5518760681152344,-2.4590585867511194,-0.3267223536968231,-0.2655835449695587,0.21052762866020203,0.005010335644853939,0.13647122805253953,0.0882748388495127,0.36935796432552515,0.421048820019,0.46078128181122674,0.47683970859914765
10958.078,-1.3409239230912697,3.6625401823830868,-2.5427788545256704,-0.42387650754879136,-0.30683670637879595,0.267915945588735,-1.2696279287338257,3.545236349105835,-2.4537952581988733,-0.3267223536968231,-0.2655835449695587,0.21052762866020203,0.007229003383351931,0.13708044945592157,0.08898359632679709,0.5230765531820484,0.421048820019,0.4543591913426619,0.46509516121709843
10958.098,-1.3481485420595711,3.657262224353259,-2.5382513731291865,-0.3802431035901509,-0.2777872647243796,0.23828849454886714,-1.2696279287338257,3.545236349105835,-2.4537952581988733,-0.3267223536968231,-0.2655835449695587,0.21052762866020203,-0.0010942130687888463,0.13679943764417568,0.08445611493031313,0.4707247066439474,0.421048820019,0.4507786858349877,0.4634924790171006
10958.117,-1.3553842990451963,3.6519235861536155,-2.5336907156306765,-0.36178784927336166,-0.2669319099763444,0.2280328749205215,-1.2777892351150513,3.538588523864746,-2.4485321680652063,-0.32391366362571716,-0.2690078914165497,0.21052631735801697,0.0010371646479297308,0.13734902467741908,0.08515854756547014,0.449430111153121,0.421052604914,0.4523396254164373,0.46735295021436957
10958.136,-1.362630743463645,3.64654621705252,-2.5291247824833065,-0.362322220914531,-0.2688684550489138,0.22829665736351534,-1.2777892351150513,3.538588523864746,-2.4485321680652063,-0.32391366362571716,-0.2690078914165497,0.21052631735801697,-0.007356380502081414,0.1371088207344757,0.08059261441810017,0.4510329312033874,0.421052604914,0.4498160811417612,0.46081329174424923
10958.162,-1.3698725622754506,3.6411266030845875,-2.5245282428827243,-0.30174245049903203,-0.22581724866918718,0.19152248336212313,-1.2938491106033325,3.524976968765259,-2.4380059877978724,-0.32105493545532227,-0.2723972797393799,0.21052512526512146,0.005205970375533893,0.13871986385916657,0.0865222550848519,0.3767629685279904,0.421042203903,0.46111945774662483,0.4782651483981501
10958.177,-1.377081619731628,3.6356968607533875,-2.5199443498425467,-0.4505660910217415,-0.33935889570802297,0.286493315017874,-1.3018754720687866,3.51816725730896,-2.4327428976642054,-0.32105493545532227,-0.2723972797393799,0.21052512526512146,0.007309853691936381,0.1393403687776517,0.0872014521783413,0.5639084583336212,0.421042203903,0.45189626604749433,0.463772792514568
10958.198,-1.384267632444061,3.6302302418400787,-2.5153449086415356,-0.34219108153399624,-0.260315186340101,0.21902100956527823,-1.3018754720687866,3.51816725730896,-2.4327428976642054,-0.32105493545532227,-0.2723972797393799,0.21052512526512146,-0.0010757115036920673,0.13908782634755468,0.08260201097733022,0.42982730711904205,0.421042203903,0.45536496319603725,0.46913296204856586
10958.217,-1.3914452542744105,3.624705809355434,-2.5107513356255904,-0.37776957001376144,-0.29075960445142895,0.24176700083625874,-1.3098948001861572,3.5113489627838135,-2.4274795691119593,-0.31817901134490967,-0.2757669687271118,0.21052633225917816,0.0010060634258577256,0.13963967581975165,0.0832717665136311,0.4765579486898319,0.421052604914,0.45175164373480803,0.46714756368201454
10958.237,-1.3986288919630683,3.619118593246095,-2.506167303061094,-0.3591818844250507,-0.2793608054608349,0.22920162821981474,-1.3098948001861572,3.5113489627838135,-2.4274795691119593,-0.31817901134490967,-0.2757669687271118,0.21052633225917816,-0.0074514908682190295,0.13940052932930663,0.07868773394913475,0.4548827151474575,0.421052604914,0.44887790838104535,0.462584982259226
10958.256,-1.4058221405628428,3.6134635416233696,-2.5015644932566046,-0.3596624300135879,-0.2827525811558251,0.23014049024038072,-1.325664758682251,3.4974021911621094,-2.4169533888446253,-0.3152519762516022,-0.2791019082069397,0.21052762866020203,0.0050213829774984065,0.1409617985620068,0.08461110441197928,0.45734259979227054,0.421048313379,0.4503766293289099,0.4730975641010955
10958.277,-1.4129973721842166,3.607756979794385,-2.497036143610581,-0.3587615810608585,-0.28532809144300475,0.22641748229624664,-1.3335460424423218,3.490424633026123,-2.411690060292379,-0.3152519762516022,-0.2791019082069397,0.21052762866020203,0.0069877184061128,0.14152937923759798,0.0853460833182016,0.4582195905665586,0.421048313379,0.4520822938124023,0.47507039823863456
10958.297,-1.4201247178566945,3.6020289367970775,-2.4925330424175023,-0.3563672836161142,-0.2864021498591208,0.2251550596490107,-1.3335460424423218,3.490424633026123,-2.411690060292379,-0.3152519762516022,-0.2791019082069397,0.21052762866020203,-0.001515295680126219,0.14124125295291234,0.08084298212512309,0.45701311002693834,0.421048313379,0.44988146406650253,0.46875893121994244
10958.316,-1.4272066565746035,3.5962833777078287,-2.4880503939636185,-0.35409693588772456,-0.28727795445616866,0.22413242268929753,-1.3414201736450195,3.4834392070770264,-2.406426970158712,-0.3123032748699188,-0.2824039161205292,0.21052631735801697,0.0005006439108697219,0.14174934516411689,0.08162342380490628,0.4557957051153873,0.421052604914,0.44809874663278265,0.4708609324628727
10958.337,-1.4342445958158954,3.590509275815948,-2.4836014652938907,-0.3518969620889143,-0.2887050946139997,0.22244643350176543,-1.3414201736450195,3.4834392070770264,-2.406426970158712,-0.3123032748699188,-0.2824039161205292,0.21052631735801697,-0.00796833353481749,0.14148101862720755,0.07717449513517849,0.4549801568489734,0.421052604914,0.4451881434421024,0.46459604268317256
10958.358,-1.441246880684462,3.584707869025969,-2.4791134017793808,-0.35011424342069214,-0.2900703394926174,0.22440317572059781,-1.3568928241729736,3.469163656234741,-2.395900551472799,-0.30930450558662415,-0.28567251563072205,0.21052512526512146,0.0045575692524738864,0.14298706417713727,0.08321285030658165,0.4544690794089672,0.421044021845,0.44694492377021894,0.47538811302928413
10958.377,-1.448226221873247,3.578855832518029,-2.474651688876063,-0.34896705943162526,-0.29260182539060064,0.22308564516101853,-1.3646254539489746,3.462021827697754,-2.390637461339132,-0.30930450558662415,-0.28567251563072205,0.21052512526512146,0.006585207562766177,0.14351274550097426,0.08401422753693089,0.45518876689085047,0.421044021845,0.4489306772292296,0.4773811173708125
10958.397,-1.4551639859988645,3.572971958174931,-2.470178960787855,-0.3468882062733102,-0.29419371714848974,0.22363640440552848,-1.3646254539489746,3.462021827697754,-2.390637461339132,-0.30930450558662415,-0.28567251563072205,0.21052512526512146,-0.0018651604981011483,0.14319105563884868,0.07954149944872269,0.45460967694361176,0.421044021845,0.44685592533611007,0.4709853530708279
10958.418,-1.4620637853808491,3.567067093354269,-2.4656779474455153,-0.344989969123076,-0.29524324105350175,0.22505066713253305,-1.372350811958313,3.4548721313476562,-2.385374371205465,-0.3062892556190491,-0.28891563415527344,0.21052633225917816,0.00020218878595983092,0.14365265824088597,0.08030357624005013,0.4538462291960942,0.421052664518,0.4453368508909108,0.47296513757130626
10958.438,-1.4689215656662737,3.561162878659027,-2.461171546263216,-0.3428890142637459,-0.2952107347556642,0.22532005911003464,-1.372350811958313,3.4548721313476562,-2.385374371205465,-0.3062892556190491,-0.28891563415527344,0.21052633225917816,-0.008195527439107717,0.14337526552975613,0.07579717505775108,0.45225342448874134,0.421052664518,0.442563407128462,0.4666952532443801
10958.458,-1.4757345372782797,3.5552633328810552,-2.4566199168348977,-0.3406485805928645,-0.29497728889214037,0.22758147141095983,-1.3875197172164917,3.4402740001678467,-2.374847952519552,-0.30322498083114624,-0.2921217978000641,0.21052762866020203,0.004431461143910423,0.14486118620421629,0.08177196431534561,0.45042856654515073,0.421046942472,0.44462492250805014,0.47754053990213163
10958.477,-1.4825060037490676,3.5493634604530166,-2.4520997679100214,-0.33857332353200253,-0.2949936213954898,0.22600744623888117,-1.3951003551483154,3.4329710006713867,-2.369584862385885,-0.30322498083114624,-0.2921217978000641,0.21052762866020203,0.00660313281952063,0.14540753329282594,0.08251490552413632,0.44889159294334885,0.421046942472,0.4472662864376856,0.4797376167739958
10958.498,-1.4892240059673605,3.543478174316731,-2.447582016845777,-0.33590011093786215,-0.29426430683461363,0.22588755322783657,-1.3951003551483154,3.4329710006713867,-2.369584862385885,-0.30322498083114624,-0.2921217978000641,0.21052762866020203,-0.0016684396285800984,0.14514927963925145,0.07799715445989186,0.4464208933643229,0.421046942472,0.4461593399362425,0.473566409009011
10958.517,-1.4959022580725896,3.5375806947024104,-2.4430593424879783,-0.33391260525416633,-0.29487398070960075,0.2261337178849954,-1.4026734828948975,3.4256603717803955,-2.364321533833639,-0.30013933777809143,-0.29529935121536255,0.21052631735801697,0.0005821110966319903,0.1456620209621298,0.07873780865433933,0.44533771984143544,0.421052634716,0.4482984938151093,0.47567859503860643
10958.538,-1.502556394415158,3.531655126991178,-2.438531214163065,-0.332706817121163,-0.29627838555516534,0.22640641624073052,-1.4026734828948975,3.4256603717803955,-2.364321533833639,-0.30013933777809143,-0.29529935121536255,0.21052631735801697,-0.0076657500970196,0.14543974842321447,0.07420968032942588,0.44537146473394557,0.421052634716,0.446356903803014,0.4693464636619802
10958.556,-1.5091961512978194,3.5256926540252715,-2.433963806814761,-0.3319878441258171,-0.2981236482888046,0.22837036741020228,-1.4175316095352173,3.4107460975646973,-2.353795353566305,-0.29700571298599243,-0.2984398603439331,0.21052512526512146,0.005062766113940104,0.14693354776213413,0.08016845324845612,0.44606976818499045,0.421044826508,0.44894649360611477,0.48003671028217526
10958.576,-1.5158267099762783,3.519681136962184,-2.4293878186896176,-0.33152793394586394,-0.30057585317514857,0.2287994062729891,-1.4249566793441772,3.403285264968872,-2.348532263432638,-0.29700571298599243,-0.2984398603439331,0.21052512526512146,0.007283594415969513,0.14748664596005337,0.08085555525697963,0.4473686648550412,0.421044826508,0.45187089247808,0.48196494643577487
10958.597,-1.5224419094789183,3.513627423676554,-2.4247915631401207,-0.3307599751247803,-0.3026856642749031,0.22981277746983075,-1.4249566793441772,3.403285264968872,-2.348532263432638,-0.29700571298599243,-0.2984398603439331,0.21052512526512146,-0.0010030179462795358,0.14723367834056894,0.07625929970748269,0.44822096776747156,0.421044826508,0.4535268403642207,0.4754511600391536
10958.616,-1.5290460585961247,3.5075261051877877,-2.4201722494311615,-0.330207455853113,-0.3050659244316491,0.23096568544291765,-1.4323742389678955,3.3958165645599365,-2.343269173298971,-0.29385650157928467,-0.3015521168708801,0.21052633225917816,0.0011909630651451147,0.14772624609220897,0.0769030761321905,0.4494236985013713,0.421052634716,0.4553848259784368,0.4772410437023555
10958.637,-1.5356436699849354,3.5013727121482754,-2.4155399702088802,-0.3298805694333321,-0.30766965196890145,0.23161396110900764,-1.4323742389678955,3.3958165645599365,-2.343269173298971,-0.29385650157928467,-0.3015521168708801,0.21052633225917816,-0.007143822125838445,0.1474979372117072,0.07227079690990923,0.4509539593001224,0.421052634716,0.45309587740377266,0.47068783965058075
10958.657,-1.542235428964617,3.4951702162336664,-2.410889849455486,-0.32958794897688387,-0.31012479572367935,0.23250603766463568,-1.4469150304794312,3.3805930614471436,-2.332742754613058,-0.29065659642219543,-0.3046243190765381,0.21052512526512146,0.005482383117843728,0.1489424259292785,0.0781470948424281,0.45242114560224456,0.421043038368,0.4552917064315626,0.48110025272267576
10958.678,-1.5488152693707957,3.488934859054252,-2.406243288710692,-0.3289920203316785,-0.3117678589922628,0.23232803725575185,-1.454181432723999,3.3729774951934814,-2.327479664479391,-0.29065659642219543,-0.3046243190765381,0.21052512526512146,0.007609451409741702,0.1494783245867927,0.07876362423130123,0.4531276170694389,0.421043038368,0.4578526357630514,0.48295988813213586
10958.697,-1.5553676557204938,3.4826930193062977,-2.4015924022753175,-0.327619317477755,-0.31209198739091004,0.23254432176365913,-1.454181432723999,3.3729774951934814,-2.327479664479391,-0.29065659642219543,-0.3046243190765381,0.21052512526512146,-0.0007429551235802745,0.14925011213841916,0.07411273779592653,0.45237642200610945,0.421043038368,0.45643966838726485,0.4765757714720837
10958.717,-1.5618770040497436,3.476459396129688,-2.3969192541260256,-0.32546741645538396,-0.31168115882368685,0.23365740745949337,-1.461440086364746,3.365354537963867,-2.322216574345724,-0.2874433994293213,-0.30767127871513367,0.21052633225917816,0.0014470852130728101,0.14976571665937505,0.07470267978030165,0.45055541444765856,0.421052634716,0.4582590270394982,0.47858813189546723
10958.737,-1.5683250076437862,3.4702363347992025,-2.3922351451062283,-0.3224001796950941,-0.31115306651748054,0.2342054509847539,-1.461440086364746,3.365354537963867,-2.322216574345724,-0.2874433994293213,-0.30767127871513367,0.21052633225917816,-0.006811123098183769,0.14959340328495951,0.07001857076050433,0.44798544074351804,0.421052634716,0.4563473207745519,0.47240539250745706
10958.757,-1.5747144183750843,3.464008659085753,-2.387537798975664,-0.31947053658698543,-0.3113837856940044,0.2348673065444536,-1.475657343864441,3.349828004837036,-2.311690155659811,-0.28418251872062683,-0.3106778860092163,0.21052762866020203,0.005963505189403445,0.1510429158256954,0.07584764331585303,0.44604146917572535,0.421046853065,0.45927567133952596,0.48310214511537003
10958.778,-1.5810465875718736,3.457765894874905,-2.3828603157176467,-0.3166084598325516,-0.31213821053557644,0.23387416289575508,-1.4827619791030884,3.3420610427856445,-2.306427065526144,-0.28418251872062683,-0.3106778860092163,0.21052762866020203,0.008279174680655782,0.15158803490205697,0.07643325019150282,0.44451725597337105,0.421046853065,0.462864223976115,0.48516837983758704
10958.797,-1.5873380106801949,3.451487627723753,-2.378190628481883,-0.31457115540919933,-0.31391335755074157,0.23348436178308674,-1.4827619791030884,3.3420610427856445,-2.306427065526144,-0.28418251872062683,-0.3106778860092163,0.21052762866020203,0.00010078280765025982,0.15136153313989245,0.07176356295573916,0.4443083872136272,0.421046853065,0.46502183700084004,0.47872144264910393
10958.817,-1.5936117990652758,3.445164543879474,-2.3735358764575523,-0.3136894192472013,-0.3161541922070567,0.23273760121145703,-1.4898585081100464,3.33428692817688,-2.3011637369738978,-0.2809028923511505,-0.3136541247367859,0.21052631735801697,0.0024051831543155794,0.15183150576190318,0.07237213948365451,0.4452695022169173,0.421052664518,0.46753632539432627,0.4804842855335074
10958.837,-1.5998794211810194,3.438787043970744,-2.368888519798954,-0.3133811058088419,-0.31887499545854336,0.23236783294596444,-1.4898585081100464,3.33428692817688,-2.3011637369738978,-0.2809028923511505,-0.3136541247367859,0.21052631735801697,-0.005828975096003983,0.15162749936351183,0.06772478282505645,0.4469872448411364,0.421052664518,0.46582106278012164,0.4739525243966829
10958.858,-1.6061564857082522,3.432335909406571,-2.364230291341814,-0.2989078346210176,-0.30719688399886697,0.22182040271420664,-1.5040233135223389,3.318148136138916,-2.290427033101217,-0.2775770127773285,-0.3165906071662903,0.21052512526512146,0.007294455913115436,0.1530255643267308,0.07380325824059675,0.42851981983487164,0.421044677496,0.470700868105371,0.4861486422110823
10958.877,-1.6124356693037907,3.4258292324353365,-2.359613648946552,-0.330483347129554,-0.34245668269235746,0.24298117869501337,-1.5106850862503052,3.3105499744415283,-2.285374466572897,-0.2775770127773285,-0.3165906071662903,0.21052512526512146,0.009041447604548572,0.15349508363638703,0.07423918237365523,0.47580872897954185,0.421044677496,0.47115789033606764,0.4840357443477724
10958.897,-1.6187200580643588,3.4192633730802453,-2.3549835988296848,-0.31421943802154817,-0.32829296774739614,0.23150250583830853,-1.5106850862503052,3.3105499744415283,-2.285374466572897,-0.2775770127773285,-0.3165906071662903,0.21052512526512146,0.0006653061587271608,0.1532635493069344,0.069609132256788,0.45433659620531264,0.421044677496,0.4725596936068719,0.47927925868847093
10958.918,-1.6250063036580231,3.4126436470851464,-2.350347691142302,-0.3143122797049412,-0.3309862997778212,0.231795384385171,-1.5176165103912354,3.3026282787323,-2.2801111380206507,-0.2742379307746887,-0.31949788331985474,0.21052633225917816,0.002755345700496306,0.15371518155916386,0.07023655312165111,0.45635613742484105,0.421052664518,0.47406784659058365,0.4809058746454825
10958.937,-1.6312882506759534,3.4059775064903706,-2.3457200522659214,-0.31409735088965784,-0.3333070297315187,0.23138194381396954,-1.5176165103912354,3.3026282787323,-2.2801111380206507,-0.2742379307746887,-0.31949788331985474,0.21052633225917816,-0.00569137179304062,0.15352503282741664,0.06560891424527071,0.45790119008270247,0.421052664518,0.4714164196584552,0.4744414935892255
10958.957,-1.6375769672097618,3.39925170990462,-2.341029801794696,-0.31443582668355446,-0.33628982928018775,0.23451252355613994,-1.5311676263809204,3.2865171432495117,-2.2695849577533167,-0.27085378766059875,-0.3223651647567749,0.21052762866020203,0.006821897694362367,0.154872502550941,0.07144484404137952,0.46031394987998775,0.421047598124,0.4731344828474652,0.48452473171557076
10958.978,-1.643874158923277,3.392460439898806,-2.3363300888425753,-0.2998662720630135,-0.32339380979080273,0.22379585485607675,-1.5379389524459839,3.2784578800201416,-2.2643216292010706,-0.27085378766059875,-0.3223651647567749,0.21052762866020203,0.00879245317724546,0.1553754948420154,0.07200845964150471,0.44095493405222486,0.421047598124,0.4772440497834955,0.4877690127954888
10958.998,-1.6501922632920598,3.385583666900465,-2.3315958883022962,-0.33253180891106426,-0.3619354209955307,0.24916844950917297,-1.5379389524459839,3.2784578800201416,-2.2643216292010706,-0.27085378766059875,-0.3223651647567749,0.21052762866020203,0.00019084964006185756,0.15516669612725897,0.06727425910122564,0.4914253163661326,0.421047598124,0.47241175089396337,0.47758871800955854
10959.017,-1.656534692854989,3.378610373114606,-2.326801174234364,-0.3171214781395428,-0.34866468928534394,0.23973570339138228,-1.5447020530700684,3.2703919410705566,-2.2590587774859827,-0.26745134592056274,-0.3252001106739044,0.21052631735801697,0.0020184029211333804,0.15560750112055757,0.06774239674838123,0.47123406484516217,0.421052664518,0.4695817243716657,0.48056640809247153
10959.037,-1.6628820307830472,3.3715567533371322,-2.3220005441822686,-0.3173668963959767,-0.35268098886598986,0.24003150259952566,-1.5447020530700684,3.2703919410705566,-2.2590587774859827,-0.26745134592056274,-0.3252001106739044,0.21052631735801697,-0.006722051728492065,0.15542084928905497,0.06294176669628593,0.4743721284141942,0.421052664518,0.46520197015566767,0.47385553274677145
10959.059,-1.6692098093096315,3.364448637798572,-2.3171788501200483,-0.2876262966518874,-0.32309616083124865,0.2191679119106976,-1.5579110383987427,3.2539992332458496,-2.2485321203814905,-0.2640075981616974,-0.3279966711997986,0.21052762866020203,0.005515950662887667,0.15670373850234093,0.06864672973855779,0.43249565276574176,0.421048492193,0.4699383962437359,0.48678057626017784
10959.077,-1.675486549913534,3.3573270265264488,-2.31236929622941,-0.34870781136259693,-0.39564507071285865,0.2671974383953768,-1.5645111799240112,3.2457993030548096,-2.2432687918292444,-0.2640075981616974,-0.3279966711997986,0.21052762866020203,0.00728315968759341,0.15716526789352323,0.06910050440016535,0.5272856749541863,0.421048492193,0.463120497870931,0.4814371794200672
10959.098,-1.6817059342198153,3.3501915932513655,-2.3075683224933474,-0.31096921530727306,-0.35677166374637537,0.24004868679787844,-1.5645111799240112,3.2457993030548096,-2.2432687918292444,-0.2640075981616974,-0.3279966711997986,0.21052762866020203,-0.0014259856750411665,0.15694052138243458,0.06429953066410299,0.4731802425646478,0.421048492193,0.45946120872645013,0.4788265524624678
10959.117,-1.6878850388639093,3.3430216592798816,-2.3027807708543877,-0.30895523219795573,-0.3584966985663703,0.23937758194276088,-1.5711029767990112,3.2375926971435547,-2.2380059401141565,-0.2605462372303009,-0.3307582139968872,0.21052631735801697,0.00037233827098320793,0.1573314254733768,0.06477483074023116,0.4731569418789927,0.421052664518,0.4564032742876316,0.4802874389350992
10959.137,-1.6940366182362072,3.3358102313115996,-2.2980289679493517,-0.30757896860818285,-0.36057139840622965,0.23759014524661204,-1.5711029767990112,3.2375926971435547,-2.2380059401141565,-0.2605462372303009,-0.3307582139968872,0.21052631735801697,-0.00835672043755925,0.157129021630597,0.0600230278351952,0.4738329807941174,0.421052664518,0.4516533754404466,0.4737732772644148
10959.158,-1.7001669082693458,3.3285350608897177,-2.293328499935722,-0.29191857302298435,-0.34643668677572415,0.22383181018540996,-1.5839637517929077,3.220925807952881,-2.2274797598468226,-0.25703832507133484,-0.33347269892692566,0.2105226069688797,0.0038777705453659495,0.1583284175008049,0.0658487400888994,0.4529155553164922,0.421037703753,0.4537484929420437,0.4850876665662103
10959.177,-1.7062695737815416,3.3212007249483593,-2.288727380580326,-0.32119292169058233,-0.38601768111939916,0.24216417659681488,-1.590389609336853,3.2125890254974365,-2.2222164312945765,-0.25703832507133484,-0.33347269892692566,0.2105226069688797,0.005573830570508295,0.15872491874337546,0.06651094928574963,0.5020259384169936,0.421037703753,0.4487188034833903,0.48325781127997436
10959.197,-1.7123272697131315,3.313820577334311,-2.284169194428695,-0.3028847965728832,-0.36900738069436945,0.22790930757658937,-1.590389609336853,3.2125890254974365,-2.2222164312945765,-0.25703832507133484,-0.33347269892692566,0.2105226069688797,-0.0032473802772444577,0.158448965369539,0.06195276313411835,0.4772324082456932,0.421037703753,0.4446116371931427,0.47859059307208945
10959.217,-1.718335694428672,3.3064143571644555,-2.2796210635785448,-0.30042123577046886,-0.3703110084846799,0.22740654250253844,-1.5968071222305298,3.2042455673217773,-2.2169535795794886,-0.25352582335472107,-0.336169570684433,0.21052630245685577,-0.0015489267745393692,0.15876163360296952,0.0626674839990562,0.4766700574981936,0.421052634716,0.4406144255973725,0.4801578884161967
10959.237,-1.7242803960422726,3.299020718780714,-2.2750630652043333,-0.297235080673537,-0.369681919179001,0.22789991870559778,-1.5968071222305298,3.2042455673217773,-2.2169535795794886,-0.25352582335472107,-0.336169570684433,0.21052630245685577,-0.010308916943419788,0.1585102239661582,0.05810948562484475,0.47418195103078586,0.421052634716,0.4360479867650714,0.47394864453885555
10959.257,-1.7301510505763855,3.291670935482495,-2.27046598213426,-0.293532726725937,-0.36748916493636274,0.22985415351956032,-1.6093143224716187,3.1873111724853516,-2.2064269224749964,-0.24996714293956757,-0.3388184607028961,0.21052762866020203,0.002026331771875431,0.1596507719099271,0.06403905965926349,0.47017420776280217,0.421048134565,0.4332724820675345,0.48408955298541484
10959.278,-1.7359475252259775,3.2843706727819084,-2.2658881631614483,-0.28982373247327314,-0.3650131350213565,0.22889094863558482,-1.6155635118484497,3.1788408756256104,-2.2011640707599085,-0.24996714293956757,-0.3388184607028961,0.21052762866020203,0.003945684423168033,0.16004149567897374,0.06472409240153976,0.46594756202240417,0.421048134565,0.43408707295715526,0.4860624723447406
10959.296,-1.7416577830678706,3.2771146670826354,-2.2613351005464373,-0.28551289208842046,-0.36280028495572997,0.22765313074557997,-1.6155635118484497,3.1788408756256104,-2.2011640707599085,-0.24996714293956757,-0.3388184607028961,0.21052762866020203,-0.00455651994158815,0.1598021947525053,0.060171029786528774,0.4615419950027698,0.421048134565,0.43136339542071966,0.48000975912272825
10959.318,-1.7472937438582212,3.2698756121092263,-2.256775604435723,-0.28179803951138244,-0.361952748662557,0.22797480553073715,-1.621804118156433,3.1703639030456543,-2.1959007422076624,-0.2463928610086441,-0.3414320647716522,0.21052631735801697,-0.0024869568088486116,0.16013757037422166,0.0608748622280606,0.4585783522917483,0.421052604914,0.4292314519107463,0.48184194256039
10959.34,-1.752862917402911,3.2626611824629883,-2.252202408355136,-0.24213798021201802,-0.31367085419477797,0.1988346122061039,-1.621804118156433,3.1703639030456543,-2.1959007422076624,-0.2463928610086441,-0.3414320647716522,0.21052631735801697,-0.010865895411506524,0.15992851204421366,0.05630166614747356,0.3961435898113307,0.421052604914,0.43569699980797966,0.479337189478065
10959.357,-1.7583532771980783,3.2554698305375322,-2.247607472251927,-0.32296234089551934,-0.4230207015017604,0.2702903590150798,-1.633952021598816,3.153170108795166,-2.1853745619403284,-0.24277882277965546,-0.3440064787864685,0.21052762866020203,0.001836408816163454,0.16105133674048933,0.06223291031159839,0.5320505236721491,0.421048700809,0.42826938466062975,0.4806425965802034
10959.378,-1.7637751412555418,3.2482817436894607,-2.242972303244306,-0.27109320286725647,-0.3594043423957347,0.2317584503759778,-1.640021562576294,3.1445698738098145,-2.1801112333880823,-0.24277882277965546,-0.3440064787864685,0.21052762866020203,0.004091150102050398,0.1614136384593816,0.06286106985622375,0.4500296501154815,0.421048700809,0.43073504040129146,0.4877592556281569
10959.396,-1.7691339270133297,3.241112867087579,-2.2383352546542152,-0.2679392878835475,-0.35844383008626657,0.23185242949948126,-1.640021562576294,3.1445698738098145,-2.1801112333880823,-0.24277882277965546,-0.3440064787864685,0.21052762866020203,-0.004107857058903888,0.1611635123467344,0.05822402126613291,0.44737216893678167,0.421048700809,0.42949045214922166,0.48147807890273614
10959.417,-1.7744297666228475,3.233949816908147,-2.2336751011934757,-0.2647919804941898,-0.35815250899635476,0.23300767305308376,-1.6460821628570557,3.1359636783599854,-2.1748479048358362,-0.23915067315101624,-0.3465433418750763,0.21052631735801697,-0.0017486218921513724,0.16146619789131866,0.058827196357639444,0.44525432447742286,0.421052634716,0.4317044200517361,0.48316567208852734
10959.437,-1.7796784661796425,3.226791926374667,-2.2289736474798265,-0.2624349778340255,-0.35789452666617316,0.23507268567732695,-1.6460821628570557,3.1359636783599854,-2.1748479048358362,-0.23915067315101624,-0.3465433418750763,0.21052631735801697,-0.009862650270894419,0.16124661555676514,0.05412574264399028,0.4436585381561141,0.421052634716,0.43009689517438343,0.47679718968063545
10959.457,-1.7848776205484467,3.219646055112861,-2.2242528500994188,-0.2599577184345325,-0.3572935630825117,0.23603986901523574,-1.6578655242919922,3.1185178756713867,-2.1643217245685022,-0.23548322916030884,-0.3490394055843353,0.21052762866020203,0.003079449593145503,0.1623252853464584,0.05993112553091651,0.44172377499168086,0.421047329903,0.43324863235879524,0.4868628470625185
10959.477,-1.790012337434297,3.2125021127194158,-2.219489273109951,-0.2567358442869176,-0.3571971196644621,0.2381788494681927,-1.6639881134033203,3.109442949295044,-2.1588481108294886,-0.23548322916030884,-0.3490394055843353,0.21052762866020203,0.00598823033037936,0.16268815969778358,0.060641162280462346,0.4397469140791903,0.421047329903,0.43701194087084333,0.48886267517268345
10959.497,-1.7950898722885689,3.2053462878006522,-2.2147022752444325,-0.2538767427311363,-0.35779124596290823,0.23934989329246395,-1.6639881134033203,3.109442949295044,-2.1588481108294886,-0.23548322916030884,-0.3490394055843353,0.21052762866020203,-0.0020041398035776786,0.1624226121664556,0.05585416441494395,0.4385543211178782,0.421047329903,0.43975474983552526,0.48230918618479546
10959.517,-1.8001194857398188,3.198170768392329,-2.20989797222426,-0.25148067255700923,-0.3587759704083273,0.24021515100338361,-1.669630765914917,3.101059913635254,-2.15379506746401,-0.2318025529384613,-0.35150089859962463,0.21052631735801697,0.00011106111531757057,0.16265857425484873,0.05610290476024993,0.4379668907790104,0.421052604914,0.4428596669521123,0.48339974654693285
10959.538,-1.8051095865025186,3.190969429156204,-2.205076113982249,-0.2495050381295433,-0.3600669617984007,0.2410929120952864,-1.669630765914917,3.101059913635254,-2.15379506746401,-0.2318025529384613,-0.35150089859962463,0.21052631735801697,-0.00786241745764664,0.1624081715947236,0.05128104651823895,0.43788954146561565,0.421052604914,0.4419942978786888,0.4767664054076523
10959.558,-1.8100795930155258,3.1837302267616376,-2.2002472512185665,-0.24850032564493393,-0.3619601197204098,0.24144313817885735,-1.6810439825057983,3.0833704471588135,-2.143268887196676,-0.2280789315700531,-0.3539123237133026,0.2105226069688797,0.00516252223455807,0.16338795091965386,0.05697836402189038,0.43888316867301363,0.421039104462,0.4455468370060957,0.4864174742395141
10959.578,-1.815028260070196,3.176466641317547,-2.195431101614433,-0.24743335275060896,-0.3631792722296315,0.24080748022331785,-1.6867460012435913,3.0745224952697754,-2.138006035481588,-0.2280789315700531,-0.3539123237133026,0.2105226069688797,0.007675122225547323,0.16367663040852315,0.057425066132844815,0.43930186893768514,0.421039104462,0.44960586783913553,0.4878054557983641
10959.597,-1.819949032853037,3.1691729361278083,-2.190606985466576,-0.24603863913668386,-0.3646852594789807,0.24120580738757635,-1.6867460012435913,3.0745224952697754,-2.138006035481588,-0.2280789315700531,-0.3539123237133026,0.2105226069688797,-0.00033075055283850185,0.16340637744175948,0.05260094998498799,0.43976877417346893,0.421039104462,0.45248062774584624,0.48110442092754746
10959.617,-1.8248422441652061,3.161839115093214,-2.1857839632769607,-0.2446605656031162,-0.3666910517217021,0.2411511094755112,-1.6924389600753784,3.065669059753418,-2.1327431837665003,-0.22435185313224792,-0.3563026487827301,0.21052630245685577,0.002159967491901199,0.1636295930517002,0.05304077951046038,0.44066265768516844,0.421052634716,0.45562145954503264,0.48234578239836734
10959.637,-1.8297035749994854,3.1544642874127202,-2.1809751608451813,-0.24306654170865985,-0.36874138401664674,0.24044012158372124,-1.6924389600753784,3.065669059753418,-2.1327431837665003,-0.22435185313224792,-0.3563026487827301,0.21052630245685577,-0.005882816167432969,0.16337551664576577,0.04823197707868099,0.44148090186779654,0.421052634716,0.4547372469141803,0.4756699010526975
10959.657,-1.8345468423418445,3.147025335304,-2.176170559116584,-0.2421633671126676,-0.3719476054278994,0.24023008642461638,-1.7034775018692017,3.0477426052093506,-2.122216526662008,-0.22058331966400146,-0.35864293575286865,0.21052762866020203,0.007051506755434936,0.16427570958440146,0.05395403245457597,0.4436563648948679,0.421048402786,0.4584681770441451,0.48510675390316255
10959.678,-1.8393764749891397,3.139533158882662,-2.171393613205811,-0.22998250702696532,-0.3567703057980269,0.22747361481147896,-1.7089921236038208,3.0387766361236572,-2.116953198109762,-0.22058331966400146,-0.35864293575286865,0.21052762866020203,0.009439147348765026,0.16450792826482383,0.05444041509604913,0.424306106259911,0.421048402786,0.4642670078679536,0.4875915016144963
10959.697,-1.844193145865436,3.1319947973239968,-2.166628160891781,-0.25350899348616845,-0.396755871503825,0.25081327968272327,-1.7089921236038208,3.0387766361236572,-2.116953198109762,-0.22058331966400146,-0.35864293575286865,0.21052762866020203,0.0012805226262077724,0.16421724105574909,0.049674962782018994,0.47065627702867596,0.421048402786,0.4616811602930045,0.4782929159962842
10959.718,-1.8489959272284242,3.124388467409255,-2.1618387733199014,-0.2401390681441725,-0.38031649572878595,0.23946937858875456,-1.7144975662231445,3.0298049449920654,-2.111690346394674,-0.21680153906345367,-0.36094653606414795,0.21052631735801697,0.0035922884051031168,0.16438657880120294,0.05014842692522725,0.44961165701010075,0.421052634716,0.46416321777643976,0.4806376572516891
10959.738,-1.8537761848046288,3.1167341650900573,-2.157053812361794,-0.23901287880501257,-0.3827151159515324,0.2392480479001382,-1.7144975662231445,3.0298049449920654,-2.111690346394674,-0.21680153906345367,-0.36094653606414795,0.21052631735801697,-0.004642001375500249,0.16411482176830203,0.04536346596712004,0.4510414508127807,0.421052634716,0.4624525077543465,0.47393181744482293
10959.757,-1.8585246167746514,3.1090298173178565,-2.152259033935687,-0.23742159851754172,-0.38521738863666427,0.2397389213219258,-1.725156307220459,3.011650323867798,-2.101163689290182,-0.21298369765281677,-0.3632062077522278,0.21052762866020203,0.008124038860091803,0.16493596251434264,0.051095344645505136,0.4523138885215354,0.421047270298,0.4651744883428986,0.483211294716495
10959.777,-1.863238774425045,3.1012794530257537,-2.1474741889737263,-0.23570788251453068,-0.3875182145966839,0.23924224809281502,-1.7304809093475342,3.002570152282715,-2.095900837575094,-0.21298369765281677,-0.3632062077522278,0.21052762866020203,0.010360724922893944,0.16510854663581276,0.05157335139863228,0.45336609720380505,0.421047270298,0.4682555365266913,0.4843366630591692
10959.797,-1.8679235106484862,3.0935057928226994,-2.142707168446129,-0.23423681116694875,-0.3886830101442287,0.23835102637465447,-1.7304809093475342,3.002570152282715,-2.095900837575094,-0.21298369765281677,-0.3632062077522278,0.21052762866020203,0.0020754900045136804,0.1647891128504274,0.04680633087103514,0.45360950237267667,0.421047270298,0.47013609828662517,0.4776336382508627
10959.817,-1.8725764074898357,3.0856941962010103,-2.1379256638133084,-0.23264484206239724,-0.3905798310759333,0.2390752316358209,-1.7357962131500244,2.9934844970703125,-2.090637509022848,-0.2091551572084427,-0.36543047428131104,0.21052631735801697,0.004293857217429087,0.16490304111084997,0.047288154790460446,0.45441306977534435,0.421052634716,0.47225423113940634,0.478674593916351
10959.837,-1.8772094493385927,3.0778391928561932,-2.133148006396564,-0.23165209245386284,-0.3927501672679993,0.23888287085373233,-1.7357962131500244,2.9934844970703125,-2.090637509022848,-0.2091551572084427,-0.36543047428131104,0.21052631735801697,-0.004033937853623992,0.16461210592130027,0.04251049737371604,0.45577966530628655,0.421052634716,0.4702548886890147,0.4719547625664983
10959.858,-1.8818322599937805,3.069940136707036,-2.1283707909276344,-0.2311405327543432,-0.3949528074492502,0.2388607734412671,-1.746070384979248,2.975109338760376,-2.0801108519183558,-0.20529116690158844,-0.3676123321056366,0.21052762866020203,0.00863219760777545,0.16537730228517472,0.04825993900927861,0.45743695676039703,0.421050220728,0.4726961102870452,0.48109099001786354
10959.877,-1.8864373140763953,3.061998509064039,-2.123635101750586,-0.23025270412571414,-0.3970813821411768,0.2367844588472552,-1.7512027025222778,2.965919256210327,-2.074848000203268,-0.20529116690158844,-0.3676123321056366,0.21052762866020203,0.010754623883791253,0.16554141794801291,0.048787101547318024,0.4588379689441634,0.421050220728,0.4753030610997695,0.4822075257211847
10959.898,-1.8910366789560284,3.054006159264088,-2.118915742618393,-0.22996824397664,-0.3996174899888274,0.23596795660449996,-1.7512027025222778,2.965919256210327,-2.074848000203268,-0.20529116690158844,-0.3676123321056366,0.21052762866020203,0.0023175812098555626,0.1652497269958807,0.04406774241512501,0.4609084705544379,0.421050220728,0.47651018191156613,0.4755038074596078
10959.917,-1.8956272843748285,3.045967550203966,-2.1142032044821337,-0.22953027095586928,-0.40193045303387614,0.23562690682924486,-1.756325602531433,2.956723690032959,-2.069584671651022,-0.20141607522964478,-0.3697524666786194,0.21052631735801697,0.00436182375611846,0.16537956232902956,0.044618532831111946,0.46271301850751034,0.421052634716,0.4778324216541848,0.476551450102304
10959.936,-1.9002109661217914,3.0378633622929243,-2.109519845196371,-0.22918408734314172,-0.4052093955432415,0.23416796428303419,-1.756325602531433,2.956723690032959,-2.069584671651022,-0.20141607522964478,-0.3697524666786194,0.21052631735801697,-0.004171655723197568,0.16513401090784208,0.039935173545349034,0.4653980360448827,0.421052634716,0.47488121291953805,0.46994106137686337
10959.958,-1.9047949984327885,3.02970599115382,-2.104821677949925,-0.22920161554485366,-0.4078685569463014,0.2349083623171672,-1.7662104368209839,2.9381368160247803,-2.059058491383688,-0.1975017786026001,-0.37184131145477295,0.2105226069688797,0.008279687723557,0.16589768329349647,0.045763186566237124,0.46774319221286204,0.421037912369,0.4763395793920735,0.47901631209332407
10959.977,-1.9093642139766747,3.0215062668766848,-2.1001651288417236,-0.2284607771893191,-0.40998621384782313,0.2328274554049852,-1.7711480855941772,2.9288408756256104,-2.0537956396686,-0.1975017786026001,-0.37184131145477295,0.2105226069688797,0.01018433309570986,0.1660929024376338,0.04636948917312367,0.4692398536259321,0.421037912369,0.4777790129349293,0.48021047038656284
10959.997,-1.9139081993233296,3.0132744936099094,-2.0955257829481986,-0.22719926734844936,-0.41158866336721855,0.2319672946922836,-1.7711480855941772,2.9288408756256104,-2.0537956396686,-0.1975017786026001,-0.37184131145477295,0.2105226069688797,0.0015540760150637434,0.16585255730804532,0.041730143279598675,0.4700353570379063,0.421037912369,0.4751917065270928,0.47374563488378485
10960.017,-1.918419186799171,3.005011738424381,-2.090863701969023,-0.22554937378714338,-0.4131377592674095,0.23310404895368841,-1.776076078414917,2.9195396900177,-2.048532311116354,-0.19358788430690765,-0.37391045689582825,0.21052630245685577,0.003435635504155668,0.1659976745981943,0.04233139085266924,0.4705992311909181,0.421052604914,0.4756173752111163,0.47489678316638506
10960.037,-1.9228976144940855,2.9966894435570977,-2.0861947298397627,-0.22392138474084114,-0.416114743355077,0.23344860645792023,-1.776076078414917,2.9195396900177,-2.048532311116354,-0.19358788430690765,-0.37391045689582825,0.21052630245685577,-0.005237899588110245,0.1657745829002179,0.03766241872340892,0.4724266672621509,0.421052604914,0.4716458684781639,0.4683901645393702
10960.057,-1.927352392208042,2.9883041860137887,-2.0815100181165245,-0.22273888569296438,-0.4192628771562978,0.2342355861567999,-1.7855677604675293,2.9007484912872314,-2.03800613084902,-0.18963544070720673,-0.37592586874961853,0.21052762866020203,0.007078900177432748,0.1664895511709994,0.04350388726750465,0.4746379713346867,0.421048521996,0.47220134820008347,0.4773428689338157
10960.077,-1.9317911067022582,2.9798545220631514,-2.0768444429831048,-0.22193572472614947,-0.42248319756106706,0.23327875668710946,-1.7904982566833496,2.890974521636963,-2.032532517110006,-0.18963544070720673,-0.37592586874961853,0.21052762866020203,0.009252294823794804,0.1666664902813959,0.04431192587309862,0.477109745927572,0.421048521996,0.4727933516082721,0.47869569938379575
10960.098,-1.9362036197739958,2.9713620303057615,-2.072196573720191,-0.22062565358206535,-0.42462458786022456,0.2323934631406243,-1.7904982566833496,2.890974521636963,-2.032532517110006,-0.18963544070720673,-0.37592586874961853,0.21052762866020203,0.00045879029716355824,0.16640911602077707,0.039664056610184684,0.4784022928826939,0.421048521996,0.46906533886390883,0.4721775722054739
10960.118,-1.9405830505572554,2.962839560240075,-2.0675572284216184,-0.20854432300600542,-0.4058319078774604,0.2209212046871909,-1.7950400114059448,2.8819475173950195,-2.0274794737445276,-0.18567372858524323,-0.3779028654098511,0.21052631735801697,0.0017517239220647685,0.16650294383087372,0.04007775467709074,0.4561675027738312,0.421052634716,0.47068749773274493,0.47398795076983585
10960.136,-1.9449223604558126,2.954295494423717,-2.0629265106860517,-0.22838473150020822,-0.449687674539637,0.24372198607946965,-1.7950400114059448,2.8819475173950195,-2.0274794737445276,-0.18567372858524323,-0.3779028654098511,0.21052631735801697,-0.007057739608133662,0.16628029543056247,0.03544703694152407,0.5042352698924221,0.421052634716,0.4638978843303174,0.4655300134462544
10960.157,-1.9492191312043463,2.9457215633805083,-2.0582940307832107,-0.21483853742199754,-0.42869655215108826,0.2316239951369937,-1.8041338920593262,2.8629605770111084,-2.0169532934771937,-0.18167941272258759,-0.37983348965644836,0.21052762866020203,0.005159643560132293,0.16695054824988165,0.04134073730601706,0.4793906505248099,0.421047359705,0.463726014420003,0.47552226299125205
10960.178,-1.9534765674295715,2.9371268911927424,-2.053692732284973,-0.20273505835543787,-0.40927010420229964,0.21910945230933457,-1.8086758852005005,2.8534646034240723,-2.0116899649249476,-0.18167941272258759,-0.37983348965644836,0.21052762866020203,0.006858149419784382,0.16709153705447832,0.042002767360025395,0.4566108645659516,0.421047359705,0.4661507224921711,0.47779187796545813
10960.197,-1.957693242828828,2.928524600968046,-2.0491181075562874,-0.2219302841686762,-0.45275211708374113,0.24076972255944576,-1.8086758852005005,2.8534646034240723,-2.0116899649249476,-0.18167941272258759,-0.37983348965644836,0.21052762866020203,-0.001955280749286345,0.16684229974146747,0.03742814263133987,0.5040914115517786,0.421047359705,0.46006644961911336,0.4692711909707822
10960.217,-1.9618686408834707,2.919908424216227,-2.044537678047723,-0.20876990272757404,-0.43080883758154215,0.22902147542322698,-1.8132082223892212,2.8439643383026123,-2.0064271132098597,-0.17767728865146637,-0.38172778487205505,0.21052631735801697,-0.00024148954579561455,0.16693521466407008,0.03811056483786324,0.47860759588664037,0.421052634716,0.45641037732318557,0.4714909925610842
10960.238,-1.9660051968523553,2.911294399615461,-2.03996878308478,-0.20682779843971666,-0.4307012300288982,0.2284447481421521,-1.8132082223892212,2.8439643383026123,-2.0064271132098597,-0.17767728865146637,-0.38172778487205505,0.21052631735801697,-0.009032333973145928,0.16672933006665977,0.033541669874920466,0.47767768777558256,0.421052634716,0.4513641793368033,0.46523718703573297
10960.257,-1.9701178152026981,2.9027070159030846,-2.035380546008235,-0.20563091753135468,-0.4293691856485007,0.22941185384311225,-1.8220741748809814,2.824406623840332,-1.9956901709186,-0.1736435443162918,-0.3835742771625519,0.21052762866020203,0.003670051566679544,0.1674347680691931,0.03969037508963513,0.4759926232826385,0.421047866344,0.44866599160985315,0.47468676194983966
10960.278,-1.9741939748499702,2.8941311013629063,-2.0308224483244026,-0.19410284034036934,-0.4083768828531798,0.21705227065206872,-1.8262416124343872,2.8152008056640625,-1.9906371275531214,-0.1736435443162918,-0.3835742771625519,0.21052762866020203,0.005038139039111822,0.16761417087609715,0.04018532077128123,0.4520985216208452,0.421047866344,0.45129757331663267,0.4768170043697612
10960.297,-1.978203845826335,2.8855804432970587,-2.0262804146862323,-0.21104584085871578,-0.4500346350390983,0.23905440200603348,-1.8262416124343872,2.8152008056640625,-1.9906371275531214,-0.1736435443162918,-0.3835742771625519,0.21052762866020203,-0.003643439909636406,0.1674292062826719,0.035643287133110935,0.4969912402555118,0.421047866344,0.44566165205922437,0.46862907067751114
10960.317,-1.982118225678708,2.8770464415706924,-2.021703309443379,-0.19571899261438208,-0.4267000863089962,0.2288552621376733,-1.8305728435516357,2.8056070804595947,-1.9853742758380335,-0.16960208117961884,-0.3853834867477417,0.21052631735801697,-0.001741600550855163,0.16753074937910184,0.03632903360534545,0.4693431852992677,0.421052604914,0.44271568666243033,0.47095694697984447
10960.337,-1.9859062456563104,2.868508074029229,-2.017115131839505,-0.18940099889320988,-0.4269183771026914,0.22940888020955044,-1.8305728435516357,2.8056070804595947,-1.9853742758380335,-0.16960208117961884,-0.3853834867477417,0.21052631735801697,-0.010309982611934228,0.16726836240007043,0.031740856001471585,0.4668529264302077,0.421052604914,0.43880316399841846,0.46464721577316503
10960.358,-1.989594702298427,2.8600155106782386,-2.0124837162001836,-0.18442283210180943,-0.4246281675402435,0.23157078196101813,-1.8388594388961792,2.786254644393921,-1.9748480955706995,-0.1655264049768448,-0.3871358036994934,0.2105226069688797,0.0022480289297596295,0.1677996763819555,0.03763562062948411,0.46271170583511023,0.421038150787,0.4398736106435185,0.4736993833639081
10960.378,-1.9931927822758335,2.851608296953665,-2.007859792864103,-0.17990399886639635,-0.4203606862195068,0.2311961667989798,-1.8429975509643555,2.776576280593872,-1.9695847670184534,-0.1655264049768448,-0.3871358036994934,0.2105226069688797,0.004404140307100166,0.16783627300402018,0.03827502584564968,0.4569960788668899,0.421038150787,0.4418093291470201,0.475035481130372
10960.398,-1.9967274900031837,2.843298680170176,-2.003232940718813,-0.17673538636365255,-0.4154808391653734,0.23134260725944558,-1.8429975509643555,2.776576280593872,-1.9695847670184534,-0.1655264049768448,-0.3871358036994934,0.2105226069688797,-0.0038453908313026974,0.16754099716623497,0.033648173700359774,0.4513017422997809,0.421038150787,0.44033435745841054,0.4687702331113561
10960.428,-2.0002187848776556,2.8350857510754484,-1.9985804378711927,-0.11262241530903315,-0.26493319661232756,0.1500807370246669,-1.8471258878707886,2.7668936252593994,-1.9643219153033655,-0.16145190596580505,-0.3888683617115021,0.21052630245685577,-0.0014643014194013204,0.16758716227271164,0.03425852256782713,0.28778138067750636,0.421052634716,0.46779273262148047,0.47652489618870997
10960.441,-2.0036621642603425,2.8269495693907274,-1.9939069103825369,-0.26487533711286176,-0.6258601295539878,0.35950211448904623,-1.8471258878707886,2.7668936252593994,-1.9643219153033655,-0.16145190596580505,-0.3888683617115021,0.21052630245685577,-0.009513614095766218,0.1673911986881295,0.02958499507917134,0.6794268481354014,0.421052634716,0.45174347509273044,0.4555146798428175
10960.458,-2.007104692851018,2.8187820242442374,-1.989227144798324,-0.21515803692230018,-0.5104715716676951,0.29248534902021583,-1.8550033569335938,2.747370719909668,-1.9537952581988733,-0.15734410285949707,-0.39054325222969055,0.21052762866020203,0.0034475822860547053,0.16799555039051028,0.035431886599450735,0.5538565495713644,0.421047747135,0.44332963437391126,0.46844074930178653
10960.477,-2.01054924102096,2.8105390206659453,-1.984583800076476,-0.17222740849335713,-0.412150178905609,0.2321672360873388,-1.8589370250701904,2.73760724067688,-1.9485324064837855,-0.15734410285949707,-0.39054325222969055,0.21052762866020203,0.005816423331927181,0.1681412435350117,0.036051393592690495,0.4466157710851952,0.421047747135,0.446489087388801,0.474165916675851
10960.497,-2.0139710210174044,2.802247568811273,-1.97996413137278,-0.16294190460172758,-0.39483104072083625,0.21998422399786652,-1.8589370250701904,2.73760724067688,-1.9485324064837855,-0.15734410285949707,-0.39054325222969055,0.21052762866020203,-0.002375236985843958,0.16795317850503422,0.031431724888994594,0.4270643967132233,0.421047747135,0.45060802523462357,0.468563370615979
10960.517,-2.0173628921575246,2.7939166997376206,-1.9753384244227372,-0.1785195336883484,-0.43846679334476096,0.24345826052558658,-1.8628606796264648,2.727839708328247,-1.9432690779315394,-0.15323001146316528,-0.3921809196472168,0.21052631735801697,-6.83036178204463e-05,0.1680389770420035,0.03206934649119786,0.4733398541114317,0.421052634716,0.4476676760440465,0.46801572740920183
10960.537,-2.0206988000838164,2.7855885910045743,-1.970678019431957,-0.16679539631094883,-0.41640543664322255,0.23302024953392023,-1.8628606796264648,2.727839708328247,-1.9432690779315394,-0.15323001146316528,-0.3921809196472168,0.21052631735801697,-0.008254955980026499,0.1678679880788516,0.027408941500417727,0.4484889978086112,0.421052634716,0.4458584172919729,0.4626263908271311
10960.557,-2.0239739948076836,2.7772766630311256,-1.9659865553152156,-0.15596165351272903,-0.39580609396167993,0.2234030531713544,-1.8704744577407837,2.707761287689209,-1.9325321356402796,-0.14908766746520996,-0.39377155900001526,0.21052762866020203,0.005062533557911135,0.16843059710947755,0.03345441967493601,0.4253413887890554,0.421050071716,0.4512638861498417,0.47287181639354336
10960.577,-2.0272098360324087,2.7689497791058333,-1.9612966548180621,-0.17030743289448544,-0.43825704873618393,0.24683686829184087,-1.8742016553878784,2.6979169845581055,-1.9272688070880335,-0.14908766746520996,-0.39377155900001526,0.21052762866020203,0.00744261905648505,0.1685282429356841,0.03402784773002865,0.47009221541121043,0.421050071716,0.4522989226788463,0.47226571979011783
10960.597,-2.0304043062984656,2.7605676432740553,-1.9566121536799335,-0.15972351329935874,-0.41910679157974867,0.2342250569013215,-1.8742016553878784,2.6979169845581055,-1.9272688070880335,-0.14908766746520996,-0.39377155900001526,0.21052762866020203,-0.000736101758332254,0.16829685482277607,0.029343346591899966,0.4484053505358263,0.421050071716,0.4543635118107665,0.4666740748907929
10960.616,-2.0335602428536195,2.7521389747607707,-1.9519196265247287,-0.1577968277542503,-0.4214334256550315,0.2346263577551156,-1.8777697086334229,2.688462734222412,-1.9222162405597132,-0.14494016766548157,-0.3953196704387665,0.21052631735801697,0.0011589269910270636,0.16829738871991637,0.02970338596501554,0.44988912466865777,0.421052604914,0.4565504771668949,0.46733342438717457
10960.638,-2.0366815240558673,2.7436710874637016,-1.947228199577756,-0.14863243819774732,-0.40323272841957003,0.2234012831823631,-1.8777697086334229,2.688462734222412,-1.9222162405597132,-0.14494016766548157,-0.3953196704387665,0.21052631735801697,-0.0070739154018222145,0.16808000199119444,0.025011959018042873,0.42963722129377735,0.421052604914,0.45677366989497264,0.4615190838696041
10960.657,-2.039770196784932,2.735147026072509,-1.9425288104036937,-0.16256172258036997,-0.44863481005726813,0.24733627231603847,-1.884818196296692,2.668625831604004,-1.9116900602923792,-0.14076067507266998,-0.3968107998371124,0.2105226069688797,0.00569452523180225,0.16853119637387218,0.03083875011131454,0.4770401232162183,0.421037256718,0.45692648823884674,0.46869149670350224
10960.677,-2.04283180149368,2.726573355774349,-1.9378467763832303,-0.1457907004247413,-0.40827001422102294,0.22295400098696225,-1.8884780406951904,2.658308744430542,-1.9062164465533655,-0.14076067507266998,-0.3968107998371124,0.2105226069688797,0.008325503053864751,0.16856994581911214,0.0316303298298648,0.4333941259944817,0.421037256718,0.46198584928568126,0.47165397574335194
10960.698,-2.045865212271637,2.7179586519750742,-1.9331775266544555,-0.1596531988378998,-0.4534054631141563,0.24574998572197823,-1.8884780406951904,2.658308744430542,-1.9062164465533655,-0.14076067507266998,-0.3968107998371124,0.2105226069688797,-1.806969198135666e-05,0.16831171355669627,0.026961080101089996,0.480556542305617,0.421037256718,0.4581940601604466,0.4634940690883243
10960.716,-2.0488665278916134,2.7092999198754955,-1.9285027546688294,-0.15006578099553367,-0.4329366049694895,0.23373859927620588,-1.8918461799621582,2.6487817764282227,-1.9011638800250452,-0.13658630847930908,-0.3982832133769989,0.21052630245685577,0.0017104598897993636,0.1682703469930375,0.02733887464378415,0.4580747715683928,0.421052664518,0.4595781751400053,0.46486469588655965
10960.742,-2.051833993072687,2.7006176555956096,-1.923837957538241,-0.12364438254765726,-0.36176101167046415,0.1943665471124473,-1.8918461799621582,2.6487817764282227,-1.9011638800250452,-0.13658630847930908,-0.3982832133769989,0.21052630245685577,-0.006677414943868705,0.16804306246499087,0.022674077513195723,0.382200017036066,0.421052664518,0.46922840739505756,0.4606372744503568
10960.756,-2.054766894886278,2.691918193585136,-1.9191741038287111,-0.18330636335376269,-0.5437163756674476,0.29149085685250653,-1.8984757661819458,2.628800630569458,-1.8906376997577112,-0.13238050043582916,-0.39969614148139954,0.21052762866020203,0.005972300662541612,0.16844902878173088,0.028536404070999888,0.5736300325953521,0.421048223972,0.4601634395690865,0.4631356606089723
10960.778,-2.057652194668073,2.683187971405358,-1.9145299640674696,-0.1442649890865995,-0.4365111089793737,0.23220698805700948,-1.9017852544784546,2.6188080310821533,-1.8853743712054651,-0.13238050043582916,-0.39969614148139954,0.21052762866020203,0.00808601977897936,0.16844552841861785,0.02915559286200442,0.4595944829497031,0.421048223972,0.4623748118985891,0.46806939474621495
10960.797,-2.060501247738939,2.6744393622996543,-1.9099124945913915,-0.14245265354020295,-0.43743045527564445,0.23087347379886586,-1.9017852544784546,2.6188080310821533,-1.8853743712054651,-0.13238050043582916,-0.39969614148139954,0.21052762866020203,-0.0003343926695288518,0.16818293525573874,0.024538123385926314,0.45990577846593345,0.421048223972,0.4605662013107756,0.4616133039781924
10960.818,-2.063312048695482,2.6656651274017378,-1.9052925967798062,-0.1338476646048017,-0.41782070944804756,0.2199951338973589,-1.9050846099853516,2.6088123321533203,-1.8801115194903772,-0.12817172706127167,-0.4010702073574066,0.21052631735801697,0.0017567507092487375,0.16812220708541795,0.025181077289428977,0.4386046361219127,0.421052604914,0.4641125301299386,0.463192876837271
10960.837,-2.06607986342165,2.656864200221509,-1.9006923990867417,-0.1456744592702058,-0.46320669369058465,0.24211566805306056,-1.9050846099853516,2.6088123321533203,-1.8801115194903772,-0.12817172706127167,-0.4010702073574066,0.21052631735801697,-0.006692840265871754,0.16787989618485016,0.020580879596364454,0.4854192130772689,0.421052604914,0.4591638531040434,0.45543740384449316
10960.857,-2.0688115726740346,2.648037748742243,-1.8960859303454607,-0.13658546261625062,-0.44132257395366553,0.23032343705902308,-1.9112920761108398,2.588696002960205,-1.869584862385885,-0.12393692135810852,-0.4023950695991516,0.21052762866020203,0.0058891714200065,0.16822351871830554,0.02650106795957563,0.46182925117948576,0.421048879623,0.4608432748421119,0.4646828386400456
10960.878,-2.071508805714624,2.639192486625106,-1.8914926188272354,-0.13486165202652833,-0.44226310584719014,0.22966557590625114,-1.9143904447555542,2.5786361694335938,-1.864321533833639,-0.12393692135810852,-0.4023950695991516,0.21052762866020203,0.007940906440478415,0.16819687543818157,0.02717108499359644,0.46222692533845205,0.421048879623,0.462868146904327,0.46565420037084976
10960.897,-2.0741625190976616,2.630322773278504,-1.8869087837988374,-0.13268566914898117,-0.44348566732042094,0.22919175141489656,-1.9143904447555542,2.5786361694335938,-1.864321533833639,-0.12393692135810852,-0.4023950695991516,0.21052762866020203,-0.000543392548959104,0.1679235703560948,0.022587249965198453,0.4627599796698677,0.421048879623,0.46085219082792617,0.4592054416796307
10960.919,-2.076772194008603,2.6213946389397416,-1.8823127330383,-0.1186215868662315,-0.4058242881435479,0.20891139821550261,-1.9174786806106567,2.568572998046875,-1.859058682118551,-0.11970030516386032,-0.4036795496940613,0.21052631735801697,0.001455483390180437,0.1678166580687911,0.02325405091974897,0.4226497196102502,0.421052664518,0.46623720481369496,0.4612256700262479
10960.938,-2.079345300017591,2.612418461727746,-1.877748140998684,-0.1354266320503505,-0.4724303795729157,0.24024168629263556,-1.9174786806106567,2.568572998046875,-1.859058682118551,-0.11970030516386032,-0.4036795496940613,0.21052631735801697,-0.007112616872451918,0.1675489117984527,0.01868945888013296,0.4912682642721508,0.421052664518,0.460682746791391,0.45290639476585964
10960.958,-2.0818667727035356,2.6033930166745756,-1.8732027334388492,-0.13270908873228857,-0.47502342384526314,0.23923197683047845,-1.923261284828186,2.548330545425415,-1.8485320250140589,-0.11543850600719452,-0.40491265058517456,0.21052762866020203,0.0053282653711600805,0.1678069906540749,0.024670708424790355,0.4929912794874736,0.421046674252,0.4566295809157985,0.461174176898572
10960.978,-2.084340961420643,2.5943294383989923,-1.8686843964453197,-0.11781851033486412,-0.43159896549080445,0.21515890444722788,-1.926147222518921,2.538207769393921,-1.843269173298971,-0.11543850600719452,-0.40491265058517456,0.21052762866020203,0.007219815133177009,0.16769846459960158,0.025415223146348698,0.447170651334662,0.421046674252,0.460090377643444,0.4634862801089699
10960.997,-2.0867707638058954,2.585279745138898,-1.8641784860945139,-0.12788433607658423,-0.47629964530788377,0.23715317637799965,-1.926147222518921,2.538207769393921,-1.843269173298971,-0.11543850600719452,-0.40491265058517456,0.21052762866020203,-0.0013903159825553527,0.16737311593434823,0.020909312795542867,0.49293102707098096,0.421046674252,0.45513918878384035,0.4557010577509277
10961.017,-2.0891454509790854,2.5762474661852064,-1.859644899627396,-0.1187343586569085,-0.45161394767472374,0.22667932335094598,-1.9290229082107544,2.5280821323394775,-1.838005844746725,-0.11117585748434067,-0.4061099588871002,0.21052631735801697,0.0005592679707342174,0.16720889721065513,0.021639054880671083,0.46672603412708635,0.421052694321,0.4527709366124665,0.4571944828706718
10961.037,-2.0914741081706643,2.5672128186660927,-1.8551211210465184,-0.11643285957639952,-0.45173237594582205,0.2261889290389429,-1.9290229082107544,2.5280821323394775,-1.838005844746725,-0.11117585748434067,-0.4061099588871002,0.21052631735801697,-0.008009452500493085,0.16690551713903562,0.01711527629979348,0.4662564098112373,0.421052694321,0.4492403094056577,0.4507815994165612
10961.058,-2.093760173921205,2.5582014563964184,-1.8505977378814364,-0.10886027383195707,-0.42911248901902893,0.21539919833066778,-1.9343780279159546,2.5077226161956787,-1.827479664479391,-0.10688755661249161,-0.4072464406490326,0.2105226069688797,0.004499996687476693,0.1671243004564671,0.023118073402045525,0.4424878077431217,0.421039909124,0.45276885036273085,0.4599127745085729
10961.077,-2.0959948599981906,2.549212094840825,-1.8461201783901133,-0.1176150566932669,-0.47312429243916054,0.23566102587878468,-1.937050223350525,2.4975414276123047,-1.822216812764303,-0.10688755661249161,-0.4072464406490326,0.2105226069688797,0.006514138251857107,0.16700545312574264,0.023903365625810302,0.48727977511128806,0.421039909124,0.4520516394675968,0.45950527056313634
10961.097,-2.098185198518594,2.540255328878368,-1.8416626005261847,-0.10951692601777953,-0.4478382981130737,0.2228788931915671,-1.937050223350525,2.4975414276123047,-1.822216812764303,-0.10688755661249161,-0.4072464406490326,0.2105226069688797,-0.0019577472810102733,0.16668870630419122,0.01944578776188166,0.46081290802415403,0.421039909124,0.4497900542387989,0.45391039501972424
10961.117,-2.100325233795862,2.531334544687203,-1.83716961621093,-0.1070017638610657,-0.4460392095484994,0.2246492157578364,-1.9397120475769043,2.4873576164245605,-1.816953484212057,-0.10260231047868729,-0.40836021304130554,0.21052630245685577,0.0001470349404548224,0.166524905607388,0.020216131998872955,0.4584748023446474,0.421052604914,0.4482370751717104,0.4548306104963911
10961.141,-2.102419942992695,2.522431938658857,-1.8326913750389906,-0.09107431290883031,-0.3870698273323768,0.19470613791693292,-1.9397120475769043,2.4873576164245605,-1.816953484212057,-0.10260231047868729,-0.40836021304130554,0.21052630245685577,-0.008248611150022366,0.16624087260636844,0.015737890826933665,0.3974513396643034,0.421052604914,0.4553986086730744,0.44982868802326903
10961.158,-2.104465560440736,2.5135281520456085,-1.8282264030166855,-0.12033043810841915,-0.5237521536698342,0.26264541305136635,-1.944637417793274,2.4668893814086914,-1.806427303944723,-0.09829142689704895,-0.40941405296325684,0.21052762866020203,0.004410273934277835,0.16643545172974727,0.021799099071962535,0.5371288588683837,0.421047598124,0.44795722817299827,0.454805026835318
10961.176,-2.106464687484772,2.5046095588984505,-1.8237827538649405,-0.09995635220872234,-0.44592965738872525,0.22218245760260757,-1.9470946788787842,2.4566540718078613,-1.8011639753924769,-0.09829142689704895,-0.40941405296325684,0.21052762866020203,0.006539282409339063,0.16630022901589536,0.02261877847246363,0.45675410004965994,0.421047598124,0.4500769301019293,0.4580115661633805
10961.198,-2.1084239326953536,2.4956941144572773,-1.819361103645207,-0.09329739097722393,-0.4245449733762559,0.21055477236183726,-1.9470946788787842,2.4566540718078613,-1.8011639753924769,-0.09829142689704895,-0.40941405296325684,0.21052762866020203,-0.0018489041150775987,0.16597540366166466,0.018197128252730232,0.434449602268875,0.421047598124,0.4534739399217838,0.4521844383084438
10961.217,-2.1103459946541157,2.486788426231471,-1.8149128763013502,-0.1011611557230814,-0.4687204329314408,0.23411722862117626,-1.9495415687561035,2.4464163780212402,-1.7959006468402308,-0.09398311376571655,-0.41042962670326233,0.21052631735801697,0.00030877177720064347,0.1657946631380759,0.019012229461119468,0.4792740165218635,0.421052604914,0.4499945463252923,0.45195081360967937
10961.237,-2.112246066625488,2.4778838871018127,-1.8104348407301183,-0.09500359856654778,-0.4452269564731842,0.22390177855670979,-1.9495415687561035,2.4464163780212402,-1.7959006468402308,-0.09398311376571655,-0.41042962670326233,0.21052631735801697,-0.008049865879542057,0.1655238877442947,0.014534193889887526,0.4550533239209803,0.421052604914,0.44753042673750537,0.4462262056284737
10961.257,-2.11411213076502,2.4689631985426863,-1.8059603560967434,-0.08886019712556158,-0.4247946933155776,0.21307069683933338,-1.9540350437164307,2.425848960876465,-1.7853744665728968,-0.089652419090271,-0.4113929569721222,0.21052762866020203,0.004629205225038992,0.16571687224445675,0.020585889523846657,0.4338073499669754,0.421048372984,0.4519434345920831,0.4553343457704131
10961.277,-2.1159377889819533,2.4600587271238705,-1.801515453294172,-0.09608727457425126,-0.46865639045824564,0.2339422527640533,-1.956276297569275,2.4155642986297607,-1.7801111380206507,-0.089652419090271,-0.4113929569721222,0.21052762866020203,0.006804408699878223,0.16560569443525558,0.02140431527352127,0.47821103900188355,0.421048372984,0.45208486480470345,0.45513337428632733
10961.297,-2.11772342053392,2.451159481277674,-1.7970890037867189,-0.08928157759638361,-0.44496229230012363,0.22132247536782293,-1.956276297569275,2.4155642986297607,-1.7801111380206507,-0.089652419090271,-0.4113929569721222,0.21052762866020203,-0.0015356091786154144,0.16531736885684473,0.01697786576606819,0.4536497034108814,0.421048372984,0.45066711520942127,0.44949158949993867
10961.318,-2.1194679509360372,2.4422693165501816,-1.7926423089784174,-0.08722652010396133,-0.4445082363649051,0.22233474041022241,-1.9585071802139282,2.4052772521972656,-1.7748478094684046,-0.08532226085662842,-0.4123171269893646,0.21052631735801697,0.0006691801496438721,0.16515548654063222,0.017794499510012773,0.45280716154042855,0.421052604914,0.45244010088885306,0.4504387501769849
10961.336,-2.1211849793726363,2.433411484036748,-1.7881805211221051,-0.08585142183588639,-0.44289162570229534,0.2230893928310322,-1.9585071802139282,2.4052772521972656,-1.7748478094684046,-0.08532226085662842,-0.4123171269893646,0.21052631735801697,-0.007613625282593017,0.1649170520303312,0.013332711653700535,0.4509842535656764,0.421052604914,0.45042482130014333,0.4442139068007489
10961.357,-2.1228745508259963,2.4245461810774485,-1.7836709549198557,-0.08447857266615687,-0.44326514795530186,0.2254783101075485,-1.9625667333602905,2.384619951248169,-1.7643216292010706,-0.08097158372402191,-0.4131881892681122,0.21052762866020203,0.005156685864082099,0.16512452501036198,0.019349325718785115,0.45110743409635473,0.421047359705,0.45299207487707244,0.45278152133193345
10961.377,-2.124536288436632,2.4157013408202364,-1.7791372247914887,-0.0830868805299661,-0.44224201285095205,0.22668650641340177,-1.9645910263061523,2.3742902278900146,-1.7590583006488245,-0.08097158372402191,-0.4131881892681122,0.21052762866020203,0.007433023314572192,0.1650518625054332,0.020078924142664212,0.4498641549938848,0.421047359705,0.45599939454397104,0.45382775633890204
10961.397,-2.126167892292748,2.4068987857296147,-1.774607106652958,-0.08158019280401614,-0.4401277545214763,0.2265059069215888,-1.9645910263061523,2.3742902278900146,-1.7590583006488245,-0.08097158372402191,-0.4131881892681122,0.21052762866020203,-0.0007699552334011622,0.16483266919930448,0.015548806004133553,0.4475302078254215,0.421047359705,0.45818410499215306,0.4475880876575686
10961.417,-2.127763625450328,2.398134967943614,-1.7700897587579245,-0.07978665788451461,-0.438190889330327,0.22586739476728993,-1.9645910263061523,2.3742902278900146,-1.7590583006488245,-0.08097158372402191,-0.4131881892681122,0.21052762866020203,-0.00893161450801204,0.1646635812861173,0.0110314581091,0.4453135555007579,0.421047359705,0.45661684906492034,0.4414316085714897
10961.437,-2.1293237104016693,2.389388038427108,-1.765585358297179,-0.07800424756537347,-0.43734647581574904,0.22522002303235977,-1.9684220552444458,2.353590726852417,-1.7485321203814905,-0.07225372642278671,-0.4147922992706299,0.2105226069688797,0.003976278004402919,0.16478767964123195,0.01705323791568847,0.4441740773391004,0.421038299799,0.45969135321319843,0.4499476034467107
10961.457,-2.1308491106368477,2.380633493794714,-1.7611283767843489,-0.07627001175725176,-0.43772723161014543,0.22284907563664258,-1.9702284336090088,2.3432209491729736,-1.7432692686664026,-0.07225372642278671,-0.4147922992706299,0.2105226069688797,0.006349912869940466,0.16479799449780694,0.01785910811794622,0.44425166048746895,0.421038299799,0.463092087990038,0.45119823073289317
10961.477,-2.1323352979605943,2.371857832167504,-1.7566775648814776,-0.07430936618570862,-0.43878308135091654,0.22254059513870347,-1.9720348119735718,2.332850933074951,-1.7380059401141565,-0.07225372642278671,-0.4147922992706299,0.2105226069688797,0.008709397538972506,0.16474808156394524,0.018671624767321093,0.4449578141631351,0.421038299799,0.4669371005545717,0.4523336494335222
10961.498,-2.1337818281885705,2.3630614233971325,-1.7522277510826743,-0.06888239181225916,-0.41887660813644334,0.21189589519300686,-1.9720348119735718,2.332850933074951,-1.7380059401141565,-0.07225372642278671,-0.4147922992706299,0.2105226069688797,0.0005293704200984607,0.16454327925175188,0.014221810968517712,0.42443032191215857,0.421038299799,0.47146060841379106,0.44654938002117045
10961.517,-2.1351876023532035,2.3542477078660617,-1.7478203258681755,-0.07398811392714305,-0.4638797647875154,0.23196974812867172,-1.9738305807113647,2.322479486465454,-1.7327430883990687,-0.06789117306470871,-0.41554316878318787,0.21052630245685577,0.0028566405658258485,0.16442976594510048,0.01507723746910683,0.4696596818160691,0.421052664518,0.47184972959526084,0.44668040086822647
10961.537,-2.136552429176,2.3453814061699525,-1.7434145796022533,-0.06824134113834016,-0.4433150847957857,0.22028731329129966,-1.9738305807113647,2.322479486465454,-1.7327430883990687,-0.06789117306470871,-0.41554316878318787,0.21052630245685577,-0.005387913943430987,0.16423723170230684,0.010671491203184669,0.4484480134125492,0.421052664518,0.47038013052150524,0.44099266929826964
10961.558,-2.1378819818860206,2.3364375725168713,-1.7390244928656604,-0.06647763549957664,-0.4471916826442966,0.21950433682485435,-1.9770169258117676,2.3016695976257324,-1.7222164312945765,-0.06350744515657425,-0.4162329137325287,0.21052762866020203,0.007342586737940984,0.1644155247043273,0.016808061571083943,0.45200940547067214,0.421049922705,0.47315409519299173,0.4495534481516159
10961.578,-2.1391777799692178,2.3273964900765884,-1.7346413872754582,-0.0647899041643349,-0.4520541220453917,0.2191552795252565,-1.9786046743392944,2.2912635803222656,-1.7169535795794886,-0.06350744515657425,-0.4162329137325287,0.21052762866020203,0.009457440243154366,0.16431636024145532,0.01768780769596967,0.4565680151006454,0.421049922705,0.47577599211984944,0.4505231739280772
10961.597,-2.140443772447493,2.3182633636816545,-1.7302208646365234,-0.06329962391237784,-0.45665631973672766,0.22102613194191983,-1.9786046743392944,2.2912635803222656,-1.7169535795794886,-0.06350744515657425,-0.4162329137325287,0.21052762866020203,0.0009654258653633979,0.16407300183402365,0.013267285057034783,0.46091418992356625,0.421049922705,0.47397505390490063,0.4441839978843771
10961.617,-2.1416841123392585,2.3090570879198475,-1.7257708907086458,-0.06201699458692277,-0.46031378808030193,0.22249869638902353,-1.9801816940307617,2.2808563709259033,-1.7116902510272425,-0.05912845581769943,-0.41688022017478943,0.21052631735801697,0.002934043671176202,0.1639198064487658,0.014080639681403273,0.46436976904330673,0.421052604914,0.4749098967441468,0.44500052895747805
10961.637,-2.1428983743354104,2.299804966391609,-1.721314717267896,-0.06071309980627141,-0.4626060764018334,0.22280867203262544,-1.9801816940307617,2.2808563709259033,-1.7116902510272425,-0.05912845581769943,-0.41688022017478943,0.21052631735801697,-0.00566512441461953,0.163718275353899,0.009624466240653495,0.4664795812346731,0.421052604914,0.47146424470934456,0.43876447218522313
10961.658,-2.1440875218493614,2.2905182782957283,-1.7168653784557932,-0.059457375696249114,-0.46433440478389576,0.2224669406002812,-1.9829293489456177,2.259984016418457,-1.7011635939227503,-0.054731275886297226,-0.4174749553203583,0.21052762866020203,0.006752497516977256,0.1638862459736812,0.01570178453304294,0.46804367934561175,0.421047329903,0.47251689516203754,0.4471290036025221
10961.678,-2.145250074303932,2.2811944596070903,-1.7124641408836525,-0.05535964069695795,-0.443991366150538,0.20958274154227438,-1.9842976331710815,2.249547243118286,-1.6959007422076624,-0.054731275886297226,-0.4174749553203583,0.21052762866020203,0.008604585174643537,0.16380841166461907,0.016563398675990104,0.4473598826794613,0.421047329903,0.47608241919061745,0.44863430006302873
10961.697,-2.146383607099087,2.2718280743264323,-1.7080766969812096,-0.05965962079689705,-0.49296764634438167,0.23091810012574632,-1.9842976331710815,2.249547243118286,-1.6959007422076624,-0.054731275886297226,-0.4174749553203583,0.21052762866020203,-0.00011018804303996113,0.16361016546080256,0.01217595477354716,0.4964941216396544,0.421047329903,0.47090485883631056,0.4414995842075637
10961.716,-2.147494590889154,2.2623862630414906,-1.7036836172617376,-0.05554918950213301,-0.4720905642367804,0.21965398596880562,-1.9856553077697754,2.2391090393066406,-1.6906374136554163,-0.050339531153440475,-0.41803255677223206,0.21052631735801697,0.00162885668500801,0.16349657345429713,0.01304620360632125,0.47528843810571225,0.421052604914,0.46777779407852615,0.4428412024566881
10961.738,-2.14858470532767,2.2528693521238656,-1.6992909856255611,-0.054505721924611866,-0.4758455458708616,0.21963158180402717,-1.9856553077697754,2.2391090393066406,-1.6906374136554163,-0.050339531153440475,-0.41803255677223206,0.21052631735801697,-0.00723112254552314,0.16334945872006437,0.008653571970144824,0.47890707135849603,0.421052604914,0.4630513797028291,0.4367342791603142
10961.757,-2.1496513400690644,2.243323148888499,-1.6948672034571028,-0.053331737073403655,-0.47731016180132196,0.22118910843820344,-1.9879628419876099,2.2181835174560547,-1.6801112333880823,-0.045930035412311554,-0.418535977602005,0.21052762866020203,0.004936979738860415,0.1635567109948527,0.014755970069020519,0.4802410675073837,0.421048611403,0.4599020513099993,0.44507209731418196
10961.777,-2.150664723241805,2.2337849670526797,-1.6904928820051994,-0.050669158635922924,-0.47690909178055696,0.2187160725903968,-1.9879628419876099,2.2181835174560547,-1.6801112333880823,-0.045930035412311554,-0.418535977602005,0.21052762866020203,-0.00393856452878444,0.163400719406687,0.0103816486171171,0.47954721907928716,0.421048611403,0.45557363598191997,0.4390507490679641
10961.797,-2.1516131185416763,2.2243071756476285,-1.6861204578300144,-0.04741976499252641,-0.4738895702422174,0.2186212087544789,-1.989111065864563,2.2077200412750244,-1.6748479048358362,-0.045930035412311554,-0.418535977602005,0.21052762866020203,-0.002221940488111293,0.16333129868900637,0.011272552994178175,0.47619830673853303,0.421048611403,0.4518126156967991,0.44014818896163915
10961.817,-2.1524852823717415,2.2149226873915095,-1.6817685713863861,-0.043608191502311905,-0.4692244127957042,0.217594322176664,-1.990248680114746,2.1972553730010986,-1.6695845762835901,-0.041528306901454926,-0.41899964213371277,0.21052631735801697,-0.0004081895023541997,0.1631952281501954,0.012183995102795997,0.47116753750439055,0.421052604914,0.44864707491217604,0.4412056728817749
10961.837,-2.153272835314907,2.2056146721990246,-1.6774203873611895,-0.03937764716098926,-0.46540075965641525,0.21740920127486044,-1.990248680114746,2.1972553730010986,-1.6695845762835901,-0.041528306901454926,-0.41899964213371277,0.21052631735801697,-0.009037553398893037,0.16298796179585998,0.007835811077599342,0.46694842019642624,0.421052604914,0.4450231714577767,0.43517784980880586
10961.857,-2.1539997057562306,2.1963703507054317,-1.673044421807889,-0.036343522065391216,-0.4622160746695552,0.21879827766024623,-1.9921152591705322,2.176286458969116,-1.6590583960162562,-0.03710978105664253,-0.4193984568119049,0.2105226069688797,0.003455448175345908,0.16308892246728887,0.013986025791632883,0.463511604262324,0.421037048101,0.4460959850033535,0.44360811094440217
10961.877,-2.154666451116624,2.1871755648892868,-1.668714354247348,-0.03333726801893429,-0.45973929079721326,0.21650337802232952,-1.993043065071106,2.165801525115967,-1.6537955443011683,-0.03710978105664253,-0.4193984568119049,0.2105226069688797,0.005471089377500439,0.162938748227895,0.014918809946179667,0.4607961804848992,0.421037048101,0.4477958781913329,0.4446777983566272
10961.897,-2.1552708860506007,2.178014238145319,-1.6643876143662282,-0.030221746698184466,-0.45806633718838313,0.21633699405126566,-1.993043065071106,2.165801525115967,-1.6537955443011683,-0.03710978105664253,-0.4193984568119049,0.2105226069688797,-0.0030016902327740166,0.16265917162901936,0.010592070065059911,0.45888598896912697,0.421037048101,0.44571750625931617,0.4385047421771824
10961.917,-2.1558259827621726,2.168878583343303,-1.6600514035189389,-0.027754835580515717,-0.45678274013238757,0.21681054237945135,-1.9939601421356201,2.155315637588501,-1.6485322157489222,-0.0326988659799099,-0.41978102922439575,0.21052630245685577,-0.0009192160534275337,0.1624304740531632,0.011519187770016703,0.45743844712367887,0.421052634716,0.4439571982614874,0.439422795891095
10961.937,-2.1563281326515122,2.159745954887097,-1.6557295823938745,-0.025107494466432418,-0.4566314228003268,0.21609105624850353,-1.9939601421356201,2.155315637588501,-1.6485322157489222,-0.0326988659799099,-0.41978102922439575,0.21052630245685577,-0.009359520591363423,0.1621585379492394,0.007197366644952297,0.4571153195568146,0.421052634716,0.44104034004527193,0.4332312365370772
10961.957,-2.1567819599177183,2.150596608984345,-1.6514017136284824,-0.022691363309805666,-0.457467295127618,0.21639343826487858,-1.995384931564331,2.1343114376068115,-1.6380060354815882,-0.028272824361920357,-0.4201000928878784,0.21052762866020203,0.0032369088795358453,0.1621842470433096,0.013395678146894241,0.4578090309908288,0.421050399542,0.44262489701250224,0.4415794703519999
10961.977,-2.157196103321202,2.1414263654395103,-1.6470959011999904,-0.020707170173742552,-0.4585121772317239,0.21529062141990266,-1.9960917234420776,2.1238090991973877,-1.632742706929342,-0.028272824361920357,-0.4201000928878784,0.21052762866020203,0.005285738224288742,0.16197854875725792,0.014353194270648295,0.458756597339129,0.421050399542,0.44439983480398365,0.4425125768351859
10961.997,-2.1575729142729108,2.1322490564442944,-1.6428187719877931,-0.01884054758673259,-0.45886544979251,0.2138564606246446,-1.9960917234420776,2.1238090991973877,-1.632742706929342,-0.028272824361920357,-0.4201000928878784,0.21052762866020203,-0.003202141307401917,0.16166989256358458,0.010076065058451045,0.4590316127246242,0.421050399542,0.4420388070081384,0.4362883971286644
10962.018,-2.15790819040956,2.123059579951348,-1.6385197462935612,-0.016763806832099003,-0.459473824637298,0.21495128470690336,-1.9967879056930542,2.1133058071136475,-1.6274798552142542,-0.02385473996400833,-0.42037633061408997,0.21052631735801697,-0.0011718638590904745,0.16141099394648784,0.01103989107930703,0.459554982467544,0.421052604914,0.44012042915578564,0.43714127528651714
10962.037,-2.158193105727625,2.1138536848183196,-1.6342382481850266,-0.014245765902942594,-0.4602947566413665,0.21407490542205823,-1.9967879056930542,2.1133058071136475,-1.6274798552142542,-0.02385473996400833,-0.42037633061408997,0.21052631735801697,-0.009686212863140144,0.16111522599850417,0.006758392970772409,0.46027192492851177,0.421052604914,0.4368317054502498,0.4309287411510714
10962.056,-2.1584438318332437,2.1046606355576465,-1.6299446717020711,-0.012536305280656553,-0.4596524630236219,0.21467882414308775,-1.997770071029663,2.0922765731811523,-1.616953198109762,-0.019422730430960655,-0.42059817910194397,0.21052762866020203,0.0028643591396920586,0.16112485177163083,0.012991473592309122,0.45958971362821405,0.421046406031,0.4381674987134035,0.4392799386442195
10962.077,-2.1586443583640533,2.0954400502427815,-1.6257215868232695,-0.010026326541172893,-0.4610292657751184,0.21115424395467686,-1.998255729675293,2.081761598587036,-1.611689869557516,-0.019422730430960655,-0.42059817910194397,0.21052762866020203,0.004852865906099577,0.16089767538674082,0.014031717265753585,0.46088444942791995,0.421046406031,0.43965085222396716,0.4402344635881015
10962.097,-2.158805071203802,2.0861973903211455,-1.6215720147137898,-0.008035641987260714,-0.46213299607171143,0.20747860546945862,-1.998255729675293,2.081761598587036,-1.611689869557516,-0.019422730430960655,-0.42059817910194397,0.21052762866020203,-0.00371842598799362,0.1605675578120252,0.009882145156273836,0.46194523517681846,0.421046406031,0.43702148524371537,0.43407426676250266
10962.117,-2.1589357678138312,2.0769416174054856,-1.6174545882745461,-0.006534830501316336,-0.4627886457728949,0.20587132195768731,-1.9987306594848633,2.0712461471557617,-1.606427017842428,-0.015000037848949432,-0.4207853376865387,0.21052631735801697,-0.0017829081244726368,0.16029640156498065,0.011027570432118106,0.4625897864614249,0.421052604914,0.43459635236300503,0.4350540548883535
10962.137,-2.159042050440626,2.067689610951015,-1.6133272089139505,-0.005314131339612694,-0.4626003227134411,0.20636896802527518,-1.9987306594848633,2.0712461471557617,-1.606427017842428,-0.015000037848949432,-0.4207853376865387,0.21052631735801697,-0.01036944953845245,0.16001520407828906,0.00690019107152251,0.4624079390437101,0.421052604914,0.4309796610499604,0.42902195053238656
10962.158,-2.1591371548689837,2.0585300199780683,-1.6091087874603218,-0.004528782303012158,-0.4361709987362197,0.200877212088833,-1.999269962310791,2.0502007007598877,-1.5959003607379358,-0.010564305819571018,-0.4209153652191162,0.21052762866020203,0.0021997996576855272,0.16006891546000637,0.01320842672238598,0.43602438860881015,0.421047925949,0.4346882380774235,0.43800324744716607
10962.177,-2.159213588448316,2.049507911918941,-1.6048430702948122,-0.004022819964813979,-0.4748477925798278,0.22451142976091237,-1.999534010887146,2.039677858352661,-1.590637509022848,-0.010564305819571018,-0.4209153652191162,0.21052762866020203,0.0043888373597480304,0.1599216544119631,0.014205561271964262,0.47470953941587835,0.421047925949,0.43472745602772306,0.4383615932335841
10962.196,-2.1592575199469035,2.040627430988357,-1.6005138272758797,-0.002196574929321586,-0.44402404651949795,0.2164621509419031,-1.999534010887146,2.039677858352661,-1.590637509022848,-0.010564305819571018,-0.4209153652191162,0.21052762866020203,-0.0037967314779885383,0.1596812007239329,0.009876318253031702,0.44389326261588363,0.421047925949,0.43383800332604616,0.4328252687724026
10962.217,-2.1592574075813067,2.0318340947850033,-1.5961818821385156,5.3507427058914485e-06,-0.4187302953850366,0.2062831017729492,-1.999787449836731,2.0291547775268555,-1.5853741804706019,-0.006138690281659365,-0.4210078716278076,0.21052631735801697,-0.001369344660787955,0.1594865858284845,0.010807701667913783,0.41859524638079654,0.421052634716,0.43880395438704606,0.4342827912319465
10962.237,-2.159216063165596,2.0230754952662915,-1.5918791993009833,0.002176021879477323,-0.46097892203181573,0.22645699144629458,-1.999787449836731,2.0291547775268555,-1.5853741804706019,-0.006138690281659365,-0.4210078716278076,0.21052631735801697,-0.009438895359372545,0.1592650233892025,0.006505018830381459,0.4608306027459147,0.421052634716,0.43545682348251324,0.42756861279257374
10962.257,-2.159130575590434,2.0143090592736073,-1.5875704008953122,0.004274378758391117,-0.43832179966450896,0.21543992029844708,-1.9998836517333984,2.0081028938293457,-1.5748480002032679,-0.0017011024756357074,-0.4210352897644043,0.2105226069688797,0.003534197915556898,0.15932861856095962,0.012722400692044333,0.4381884405202446,0.421038717031,0.4387726982090281,0.4364824119209195
10962.277,-2.15901983733266,2.005557243975881,-1.5832825534932744,0.005536912888594192,-0.43759076487676807,0.21439237009721043,-1.999926209449768,1.9975770711898804,-1.56958514848818,-0.0017011024756357074,-0.4210352897644043,0.2105226069688797,0.005993123229115721,0.15918086588718858,0.01369740500509442,0.43748752048518397,0.421038717031,0.44267396821752586,0.4376628270240812
10962.297,-2.1588732754785918,1.9968274496559215,-1.5789716319887985,0.007328092703246996,-0.43648971598843983,0.21554607521908875,-1.999926209449768,1.9975770711898804,-1.56958514848818,-0.0017011024756357074,-0.4210352897644043,0.2105226069688797,-0.0020490227830789816,0.1589356260793968,0.009386483500618548,0.4364152208133801,0.421038717031,0.44554762079241217,0.4315317356891391
10962.317,-2.158680147514839,1.9880954842335294,-1.5746472802694438,0.009656398187429967,-0.4365982711100737,0.21621758596301777,-1.9999580383300781,1.987051248550415,-1.5643218199359339,0.0027251779101788998,-0.4210438132286072,0.21052630245685577,0.0004329979930892923,0.15872495356735503,0.010325460333509895,0.4365578475240004,0.421052634716,0.44874933019125685,0.43256223471881844
10962.337,-2.1584416911004896,1.9793602907154983,-1.5702992241220042,0.01192282071829343,-0.43675967593174414,0.21740280738700749,-1.9999580383300781,1.987051248550415,-1.5643218199359339,0.0027251779101788998,-0.4210438132286072,0.21052630245685577,-0.0076121742404990575,0.1584874563844189,0.00597740418607029,0.43676554883347374,0.421052634716,0.4479984721614945,0.4263846422185601
10962.357,-2.158152895032338,1.9706007116204667,-1.5659211177658676,0.014439803407269138,-0.4379789547420232,0.21890531780204964,-1.9996111392974854,1.9660016298294067,-1.5537956396686,0.007162061054259539,-0.42098814249038696,0.21052762866020203,0.00537194827372827,0.15851745025881184,0.012125478097267717,0.4380441466653033,0.421049058437,0.45174599895138484,0.43488242888321765
10962.377,-2.157814199124851,1.9618039928657578,-1.5615604806109105,0.016934795373976293,-0.4398359377258437,0.21803185774309877,-1.99943208694458,1.955476999282837,-1.5485323111163538,0.007162061054259539,-0.42098814249038696,0.21052762866020203,0.007789495766092931,0.15831692285473542,0.013028169494556652,0.4399735836101058,0.421049058437,0.45563960011415083,0.4358445110780049
10962.397,-2.1574264447892704,1.9529791968035761,-1.5572110755825026,0.01846449216994089,-0.4202283839006003,0.20711452515596418,-1.99943208694458,1.955476999282837,-1.5485323111163538,0.007162061054259539,-0.42098814249038696,0.21052762866020203,-0.0003512449674188656,0.1580137106549755,0.008678764466148792,0.42044044307000666,0.421049058437,0.4605341664737666,0.4298379925163652
10962.418,-2.1569998057529127,1.9441263436659795,-1.5528941556781022,0.021331951819356775,-0.4426426569104287,0.21584599523494052,-1.99943208694458,1.955476999282837,-1.5485323111163538,0.007162061054259539,-0.42098814249038696,0.21052762866020203,-0.008528183197692638,0.15774566074773935,0.004361844561748374,0.4429535958881033,0.421049058437,0.45903740695128664,0.42331353564217233
10962.437,-2.1565209457243566,1.935214720928324,-1.5485709317629504,0.025203159397382064,-0.46903277566033424,0.22753810079467646,-1.9988528490066528,1.9344335794448853,-1.5380061308490198,0.016022875905036926,-0.4207424819469452,0.21052762866020203,0.0042848958056444335,0.1576117970601665,0.010564800913930528,0.4694770408532919,0.421047478914,0.45950769795680146,0.4310984495314575
10962.457,-2.1560086795777287,1.926255430579884,-1.5442441537188236,0.02561330733083669,-0.4479645174122167,0.21633890220161445,-1.9984523057937622,1.923914909362793,-1.5327428022967737,0.016022875905036926,-0.4207424819469452,0.21052762866020203,0.006522668764660823,0.15743869839307972,0.011501351422049888,0.44848662424860436,0.421047478914,0.46237158573060994,0.43247704624328764
10962.477,-2.1554689813362877,1.9172689067061177,-1.5399388274293524,0.026984912071458762,-0.44932619367850746,0.21526631446886235,-1.9980517625808716,1.9133963584899902,-1.5274794737445276,0.016022875905036926,-0.4207424819469452,0.21052762866020203,0.008727435561712942,0.15722280133267222,0.012459353684824759,0.44994484452950656,0.421047478914,0.46539743791989996,0.43342491065753885
10962.497,-2.154882157443852,1.9082476897625202,-1.5356096840931759,0.02934119462381841,-0.4510608472110519,0.2164571668237874,-1.9980517625808716,1.9133963584899902,-1.5274794737445276,0.016022875905036926,-0.4207424819469452,0.21052762866020203,0.00037171465764292404,0.1569144460231653,0.008130210348648248,0.4518138519468236,0.421047478914,0.46706240386875675,0.4271182595537849
10962.517,-2.1542545225298757,1.8992068526017811,-1.5312978368501926,0.03138174569812581,-0.4520418580270885,0.21559236214445807,-1.9980517625808716,1.9133963584899902,-1.5274794737445276,0.016022875905036926,-0.4207424819469452,0.21052762866020203,-0.008010269592361657,0.15664124576271543,0.003818363105664968,0.452928490964281,0.421047478914,0.46451732460087164,0.42090657693009487
10962.536,-2.153575338171013,1.8901453396244983,-1.5270088353559368,0.03395921794239458,-0.4530756488542533,0.2144500747081099,-1.9970296621322632,1.8923701047897339,-1.5169532934771937,0.024876542389392853,-0.4203033745288849,0.2105226069688797,0.004629919490186258,0.15649300978632893,0.010055541878743135,0.45412788105148055,0.421038925648,0.4664416707108344,0.42901807857964264
10962.557,-2.1528428139273212,1.8810417530927999,-1.5227157691926794,0.03662621218378781,-0.4551793265749846,0.21465330815818556,-1.9964077472686768,1.8818625211715698,-1.5116899649249476,0.024876542389392853,-0.4203033745288849,0.2105226069688797,0.006698768055053784,0.15629373067170116,0.011025804267731809,0.4564136300745452,0.421038925648,0.4685291863436112,0.42996255255821736
10962.577,-2.152074307972949,1.8719015188110804,-1.5184554912258075,0.038425297721258835,-0.4570117141175647,0.2130138983583186,-1.9957858324050903,1.8713549375534058,-1.5064271132098597,0.024876542389392853,-0.4203033745288849,0.2105226069688797,0.008722367583643496,0.15604584791058126,0.012028378015947805,0.4583961448213642,0.421038925648,0.47070110198744014,0.43084676880802864
10962.597,-2.1512752402619757,1.8627215797223944,-1.5142251787539893,0.03995338554780235,-0.45899695442427974,0.21151562358629075,-1.9957858324050903,1.8713549375534058,-1.5064271132098597,0.024876542389392853,-0.4203033745288849,0.2105226069688797,0.00017197644506677413,0.15572880673538042,0.007798065544129651,0.4605216910227457,0.421038925648,0.46865952492958474,0.42461460528279443
10962.618,-2.1504392910074874,1.8534861509903133,-1.5099809766646466,0.0398071073553704,-0.4397823205618794,0.20210486139111075,-1.9951533079147339,1.8608479499816895,-1.5011642614947718,0.029294226318597794,-0.4200323224067688,0.21052630245685577,0.002089761844784787,0.1554463429126091,0.008816715169874811,0.4413886934055714,0.421052604914,0.47169996768536016,0.4257464348480489
10962.637,-2.1495745886834103,1.8442017757514804,-1.505740030157526,0.0455106486350788,-0.48865132835364167,0.22320771089834265,-1.9951533079147339,1.8608479499816895,-1.5011642614947718,0.029294226318597794,-0.4200323224067688,0.21052630245685577,-0.006571968893126601,0.155176790454013,0.0045757686627543315,0.49057629441413036,0.421052604914,0.465754313469887,0.4190132365140073
10962.657,-2.1486724808125204,1.8348604618142588,-1.5015032352464188,0.04510539354351328,-0.4670656968508847,0.21183974555074042,-1.9934784173965454,1.83986234664917,-1.4906376043902796,0.0337194949388504,-0.4196958541870117,0.21052762866020203,0.005755391379321105,0.15516794656608113,0.01086563085613923,0.46906782145099024,0.421048223972,0.46641211655086395,0.42749721264773194
10962.678,-2.147735040215526,1.8255055368346333,-1.4972925094721241,0.046872029852960365,-0.4677462490136025,0.21053628872928812,-1.9926354885101318,1.8293699026107788,-1.4853742758380335,0.0337194949388504,-0.4196958541870117,0.21052762866020203,0.007536214922503055,0.15496454345013222,0.011918233634090614,0.46992541708517893,0.421048223972,0.4673085942465932,0.4284649039246206
10962.697,-2.1467605179549833,1.8161596094139703,-1.4931001940119555,0.04872611302606745,-0.4672963710229545,0.2096157730038559,-1.9926354885101318,1.8293699026107788,-1.4853742758380335,0.0337194949388504,-0.4196958541870117,0.21052762866020203,-0.0012075657896894656,0.15468541732362998,0.007725918173921986,0.4696686416972786,0.421048223972,0.4643136678730317,0.42237613488779846
10962.717,-2.14573930152499,1.8068202077830933,-1.488914553956416,0.05106082149854541,-0.4669700815336564,0.20928200277241,-1.9917818307876587,1.818878412246704,-1.4801114241229456,0.038129907101392746,-0.41932255029678345,0.21052631735801697,0.0005744244279047607,0.1544278897327136,0.008803129833470313,0.46958180659825927,0.421052604914,0.4614153391883473,0.42328927435763486
10962.737,-2.144676097668933,1.7975067197575167,-1.4847137684669698,0.05316019280169873,-0.4656744012686614,0.21003927446772203,-1.9917818307876587,1.818878412246704,-1.4801114241229456,0.038129907101392746,-0.41932255029678345,0.21052631735801697,-0.00814727631825777,0.15416558621692672,0.0046023443440241785,0.4685206104028874,0.421052604914,0.4571926054905012,0.41723187340248674
10962.757,-2.143581056125714,1.7882433321265279,-1.4805350724336386,0.054752077164731204,-0.4631693815814592,0.20893480168100234,-1.9896656274795532,1.7979326248168945,-1.4695847670184534,0.042546916753053665,-0.41889360547065735,0.21052762866020203,0.004223893594645809,0.1541622531330939,0.010950305415185158,0.46621920335435,0.421048790216,0.45789156466147607,0.4256075632931351
10962.778,-2.142461690222441,1.7790425774511702,-1.4763997589497118,0.0533031382494751,-0.4381311750036718,0.19691968970479679,-1.9886019229888916,1.7874603271484375,-1.4643219153033655,0.042546916753053665,-0.41889360547065735,0.21052762866020203,0.006122000481042018,0.15396820318896348,0.012077843646346231,0.4412047577697992,0.421048790216,0.46151504722061,0.42714305596234114
10962.798,-2.1413099649173084,1.7699028678394386,-1.4722852595739435,0.05758626525536915,-0.45698548057660526,0.20572496878392163,-1.9886019229888916,1.7874603271484375,-1.4643219153033655,0.042546916753053665,-0.41889360547065735,0.21052762866020203,-0.0024532229479400022,0.1536944766221804,0.007963344270577988,0.46043359486663776,0.421048790216,0.45907213544741493,0.4207877248992543
10962.817,-2.1401300298630814,1.7608126768799996,-1.468198150374635,0.06210184495855357,-0.4784311031225041,0.21511101048728168,-1.98752760887146,1.7769891023635864,-1.4590585867511194,0.046948689967393875,-0.4184269607067108,0.21052631735801697,-0.0004620840598172672,0.1534567108739522,0.009139563623515645,0.4822755997331005,0.421052604914,0.4549784352194023,0.4215572961088023
10962.837,-2.138913219577552,1.7517254645713463,-1.4640878967401034,0.06084051428066659,-0.45436061546407575,0.20551268174078824,-1.98752760887146,1.7769891023635864,-1.4590585867511194,0.046948689967393875,-0.4184269607067108,0.21052631735801697,-0.008996458321061277,0.1532152677151707,0.005029309988983988,0.45825611963816504,0.421052604914,0.45182347223009006,0.4159510796662962
10962.857,-2.137655602272443,1.7426207613458249,-1.4599434786593641,0.06288086525408211,-0.4552351612661317,0.20722090403244117,-1.9849709272384644,1.7560925483703613,-1.4485324064837855,0.05135525017976761,-0.4179041385650635,0.21052762866020203,0.0035017891920075487,0.15323784293809706,0.011411072175578685,0.4593972346896271,0.421047776937,0.45310701396773395,0.42443485806301345
10962.877,-2.1363693212375385,1.7335116084889413,-1.4558132282892986,0.06431405174382514,-0.4554576428342398,0.20651251849876906,-1.9836870431900024,1.7456450462341309,-1.4432690779315394,0.05135525017976761,-0.4179041385650635,0.21052762866020203,0.005463904964706966,0.1530661428397481,0.012544150357759243,0.45982887474322454,0.421047776937,0.45461980749150704,0.42558513111063995
10962.897,-2.1350547854613264,1.7244210632054195,-1.4517006575232807,0.06572678880917034,-0.45452726416616424,0.20562853829640645,-1.9836870431900024,1.7456450462341309,-1.4432690779315394,0.05135525017976761,-0.4179041385650635,0.21052762866020203,-0.003088985669249353,0.1528172405962631,0.008431579591741345,0.4591168998750773,0.421047776937,0.4521979086366579,0.4196247451604343
10962.916,-2.1337073062553182,1.7153532998465861,-1.4475872517695287,0.06737396030506676,-0.4533881679730096,0.20567028770181447,-1.98239266872406,1.735198736190796,-1.4380057493792933,0.055746663361787796,-0.41734591126441956,0.21052631735801697,-0.0010987920194116055,0.15260653174424155,0.009581502390235475,0.45823129190871387,0.421052604914,0.45013881672639866,0.4207501210840038
10962.937,-2.132328424463783,1.7063175478162804,-1.4434965094093868,0.06566103769015157,-0.4302739061919149,0.19479725523891556,-1.98239266872406,1.735198736190796,-1.4380057493792933,0.055746663361787796,-0.41734591126441956,0.21052631735801697,-0.009612205824955634,0.15238917084341919,0.005490760030093522,0.43512834579353693,0.421052604914,0.4490973611193468,0.4151089041249822
10962.958,-2.130917619282693,1.697310540259586,-1.4393963255204796,0.07425290426699313,-0.4740530292938944,0.2157991520451032,-1.9793965816497803,1.7143610715866089,-1.4274795691119593,0.0601409487426281,-0.4167211055755615,0.2105226069688797,0.002949074059787126,0.15244883871672552,0.011916756408520301,0.4796952030029726,0.421038508415,0.4456748541841966,0.4231020450783887
10962.977,-2.129469573359055,1.688317917918549,-1.4353052752455304,0.07240229618030337,-0.4496311170420374,0.20455251374299302,-1.9778931140899658,1.703943133354187,-1.4222167173968714,0.0601409487426281,-0.4167211055755615,0.2105226069688797,0.00499246273003969,0.1522978846795095,0.013088557848659033,0.455290178397311,0.421038508415,0.4475492410119802,0.42477445817336074
10962.998,-2.1279875331861446,1.679337866818405,-1.4312242076080564,0.0741020086506489,-0.449002555038241,0.20405338188780786,-1.9778931140899658,1.703943133354187,-1.4222167173968714,0.0601409487426281,-0.4167211055755615,0.2105226069688797,-0.0034849487639168793,0.15205791303720145,0.009007490211184965,0.4549453081376404,0.421038508415,0.4453591883381167,0.4188504187223776
10963.031,-2.12646847382668,1.6703636772774195,-1.4271344579487608,0.04467821645290698,-0.2639467511940428,0.12028675467996316,-1.9763790369033813,1.6935266256332397,-1.4169533888446253,0.0645197331905365,-0.41607996821403503,0.21052630245685577,-0.0014362958922344952,0.1518594689395338,0.01018106910413552,0.26762416972112535,0.421052664518,0.47827427611510887,0.42296158398201117
10963.037,-2.124912238055452,1.6613885355374431,-1.4230466877560726,0.2593726285638264,-1.4958569568114748,0.6812950321824541,-1.9763790369033813,1.6935266256332397,-1.4169533888446253,0.0645197331905365,-0.41607996821403503,0.21052630245685577,-0.009921972972177819,0.1516460455528807,0.006093298911447276,1.5177423271293922,0.421052664518,0.4514661174585284,0.402546824672142
10963.057,-2.1233207556073084,1.6524129496930229,-1.418956411914715,0.07957412240544083,-0.4487792922112173,0.20451379206340892,-1.972944974899292,1.6727561950683594,-1.4064272085772913,0.0689004436135292,-0.4153721332550049,0.21052762866020203,0.002636224311668378,0.1517226857702076,0.0125292033374238,0.4556519937052089,0.421047836542,0.4529631922913584,0.4227994086361538
10963.077,-2.1216870767609937,1.6434262489348423,-1.414900991783817,0.08168394232138174,-0.4493350379400854,0.2027710065589265,-1.9712225198745728,1.6623718738555908,-1.4011638800250452,0.0689004436135292,-0.4153721332550049,0.21052762866020203,0.0046459553718921735,0.1515814457027873,0.01373711175877168,0.45656854057261964,0.421047836542,0.4546494405828438,0.42407642365198694
10963.097,-2.1200089145091674,1.6344145890170478,-1.4108594583583596,0.08390811258948172,-0.45058299587989037,0.2020766712684552,-1.9712225198745728,1.6623718738555908,-1.4011638800250452,0.0689004436135292,-0.4153721332550049,0.21052762866020203,-0.0039053671288246904,0.15133984641030218,0.009695578333314359,0.4581952184398885,0.421047836542,0.45217164810948124,0.41814844665907974
10963.116,-2.1182883862761352,1.6253734065358636,-1.4067854643663267,0.08602641164972963,-0.4520591240493445,0.20369969959719858,-1.9694894552230835,1.6519893407821655,-1.3959005514727991,0.07326441258192062,-0.4146295487880707,0.21052631735801697,-0.001963381772152325,0.15114785797473645,0.010884912893527554,0.46003874019458224,0.421052664518,0.4497826718147326,0.4192917061933936
10963.137,-2.116552451039513,1.6163328189951365,-1.4026582408267732,0.08679676182922591,-0.4520293770264891,0.20636117697317188,-1.9694894552230835,1.6519893407821655,-1.3959005514727991,0.07326441258192062,-0.4146295487880707,0.21052631735801697,-0.01054314707764304,0.15095613380764353,0.006757689353974028,0.46018006268630335,0.421052664518,0.4461731119984522,0.4133994737505764
10963.157,-2.1148073476520364,1.6073280375974965,-1.3984623432461574,0.08725516937191867,-0.45023906987216916,0.20979487902620972,-1.9656188488006592,1.631295919418335,-1.3853743712054651,0.0776301696896553,-0.4138295650482178,0.21052762866020203,0.00197032498196871,0.15108866723871278,0.01308797204069223,0.45853248543877373,0.421047925949,0.44728022793964617,0.42206291162863663
10963.177,-2.1130679172355475,1.5983990045260084,-1.3942575269739617,0.08697152083045309,-0.4464516536052684,0.2102408136243177,-1.9636781215667725,1.6209501028060913,-1.380111042653219,0.0776301696896553,-0.4138295650482178,0.21052762866020203,0.0040357212947918115,0.1510283948045105,0.014146484320742614,0.4547868781655245,0.421047925949,0.4490429894897035,0.4234344988414747
10963.197,-2.1113291724333205,1.5895610823387183,-1.3900667221470817,0.08693724010945342,-0.44189610935485785,0.20954024133942348,-1.9636781215667725,1.6209501028060913,-1.380111042653219,0.0776301696896553,-0.4138295650482178,0.21052762866020203,-0.004337897499561889,0.15088832318367257,0.009955679493862668,0.45032560140512473,0.421047925949,0.44717695195667734,0.41765809575095547
10963.217,-2.1095610400957305,1.5807857662292872,-1.3859053690959446,0.08840661687756973,-0.4387658054619753,0.208067652552312,-1.9617269039154053,1.6106064319610596,-1.3748481909381312,0.08197660744190216,-0.412995308637619,0.21052631735801697,-0.002134679710864059,0.15079670774722198,0.011057178157813485,0.44754022895911955,0.421052604914,0.44604120869764063,0.41902436295240353
10963.237,-2.1077666311550094,1.5720557525581647,-1.3817717196465023,0.08972044703409846,-0.43650068354660126,0.206682472467608,-1.9617269039154053,1.6106064319610596,-1.3748481909381312,0.08197660744190216,-0.412995308637619,0.21052631735801697,-0.010423008181905065,0.15068217451006838,0.006923528708371096,0.445584283065016,0.421052604914,0.44387337402464677,0.41328898453637825
10963.257,-2.105935409206767,1.563354671913356,-1.3776385196761414,0.09156109741845833,-0.43505403227050554,0.2066599985323286,-1.9574216604232788,1.5899989604949951,-1.364321533833639,0.0863240584731102,-0.41210466623306274,0.21052762866020203,0.002359756352569447,0.15086644173474484,0.013316985842502405,0.4445392851524629,0.421048820019,0.44640273079723813,0.42223458729368907
10963.277,-2.1040717316852744,1.5546764809828475,-1.3735239634774195,0.08874654863979,-0.4132471871544706,0.19593124755221275,-1.9552634954452515,1.5796962976455688,-1.3590582052813929,0.0863240584731102,-0.41210466623306274,0.21052762866020203,0.004631166253755328,0.15082584227456758,0.014465758196026579,0.42262609636993814,0.421048820019,0.4516491034990668,0.42414023953452523
10963.297,-2.102157081229323,1.546009827906447,-1.3694098669350099,0.1007710766277923,-0.4561396355944407,0.21653139696627147,-1.9552634954452515,1.5796962976455688,-1.3590582052813929,0.0863240584731102,-0.41210466623306274,0.21052762866020203,-0.0036228478977352527,0.150663130065378,0.010351661653617006,0.46707817284889186,0.421048820019,0.44849104876683565,0.4175286810357146
10963.317,-2.1002030602389086,1.537355136626895,-1.3652875583378439,0.09304861859638018,-0.4121281561922744,0.19630040939987536,-1.9530950784683228,1.569395899772644,-1.353795353566305,0.0906524732708931,-0.4111781418323517,0.21052631735801697,-0.0013469117222606707,0.15055083736860925,0.011492204771538894,0.42244385212644253,0.421052664518,0.45287071140262075,0.41959274705698857
10963.337,-2.0981891361617784,1.52869787704735,-1.3611671083336072,0.10599600405818485,-0.45564524102309456,0.21686578969400902,-1.9530950784683228,1.569395899772644,-1.353795353566305,0.0906524732708931,-0.4111781418323517,0.21052631735801697,-0.00961339297657273,0.15038682557717067,0.00737175476730223,0.4677277963847164,0.421052664518,0.44885074233932054,0.4130915358004672
10963.357,-2.0960993513498543,1.5200147245300049,-1.357018454570742,0.10448924059392535,-0.43415762585778295,0.20743268813873306,-1.9483569860458374,1.5488841533660889,-1.343269173298971,0.09497855603694916,-0.4101860821247101,0.2105226069688797,0.0031317705144078382,0.15050396154384899,0.013749281271770997,0.4464423713904215,0.421038657427,0.45141531240780547,0.42213977682732173
10963.378,-2.093963843708828,1.5113150293613635,-1.3528725285872172,0.10169084004576147,-0.414271198494099,0.1974250468284954,-1.9459824562072754,1.5386295318603516,-1.338005844746725,0.09497855603694916,-0.4101860821247101,0.2105226069688797,0.005325547305716428,0.15038687322883776,0.014866683840492279,0.4264589001548884,0.421038657427,0.4561232894109227,0.4238363847491536
10963.397,-2.091765421858441,1.5025912067095075,-1.3487120142524767,0.11570641317684469,-0.4591485606183738,0.21897443866787017,-1.9459824562072754,1.5386295318603516,-1.338005844746725,0.09497855603694916,-0.4101860821247101,0.2105226069688797,-0.003042615009048219,0.1501405223370215,0.010706169505751761,0.473357955745423,0.421038657427,0.4524461596487456,0.4169776668149444
10963.417,-2.089515137093507,1.49383727909095,-1.3445168903821711,0.11251423825449641,-0.43769638095813096,0.20975619352977454,-1.943597674369812,1.5283772945404053,-1.332742993031637,0.0992879644036293,-0.4091786742210388,0.21052630245685577,-0.0009224425437907163,0.1499468829109924,0.011773897350534135,0.4517815111580949,0.421052604914,0.4509829629366651,0.4184200012484769
10963.437,-2.0872327471777825,1.4850727496761937,-1.3403226429372377,0.11411949578372252,-0.43822647072824694,0.20971237224209557,-1.943597674369812,1.5283772945404053,-1.332742993031637,0.0992879644036293,-0.4091786742210388,0.21052630245685577,-0.009347688473719223,0.1497295510800917,0.007579649905600672,0.45270832649853937,0.421052604914,0.4482434706419025,0.41240568324616633
10963.457,-2.0849139397760026,1.476305611673455,-1.3361178036872268,0.11594037008646532,-0.43835690012736966,0.2102419624959567,-1.9384287595748901,1.5079692602157593,-1.322216812764303,0.1035938635468483,-0.40810516476631165,0.21052762866020203,0.0032665268184156847,0.14983265485236363,0.01390099092292374,0.45330081539352873,0.421048104763,0.4500192661660171,0.4210360117960425
10963.478,-2.082566103137268,1.4675482073826311,-1.3319295992464508,0.11739183193416823,-0.4378702145316339,0.20941022203422624,-1.9358389377593994,1.4977667331695557,-1.316953484212057,0.1035938635468483,-0.40810516476631165,0.21052762866020203,0.005355371224293477,0.14971085585090155,0.014976115034393889,0.45321275362793506,0.421048104763,0.45209431149657525,0.42225746767344435
10963.497,-2.080194041484588,1.458816091506111,-1.327751562210388,0.11860308264220369,-0.43660579385618487,0.20890185181758453,-1.9358389377593994,1.4977667331695557,-1.316953484212057,0.1035938635468483,-0.40810516476631165,0.21052762866020203,-0.0030655144482238175,0.14948629060442872,0.01079807799833099,0.4523167306107645,0.421048104763,0.4502712632973991,0.41627938807747084
10963.517,-2.0777810684626443,1.4500876505096119,-1.3235732749456974,0.12064865109454365,-0.4364220498154321,0.20891436322996457,-1.9332387447357178,1.4875667095184326,-1.3116901556598108,0.1078796535730362,-0.4069978892803192,0.21052631735801697,-0.0009682375552540687,0.14931920750058547,0.01188311928588659,0.4526771682015914,0.421052604914,0.4487049507475676,0.41742667896680336
10963.537,-2.0753320357200886,1.4413537940917833,-1.3194000360517524,0.1224516371251122,-0.4366928208818946,0.208661944692698,-1.9332387447357178,1.4875667095184326,-1.3116901556598108,0.1078796535730362,-0.4069978892803192,0.21052631735801697,-0.009413615901750036,0.14912250242888914,0.007709880391941537,0.4534264846621867,0.421052604914,0.44587728772979546,0.41147019002975516
10963.557,-2.072834523908377,1.432599257872427,-1.3152234793610638,0.12487559058285674,-0.43772681095826543,0.2088278345298725,-1.9276413917541504,1.467272162437439,-1.3011639753924769,0.11216264218091965,-0.405832976102829,0.21052762866020203,0.003158097465762115,0.14924236113156977,0.014059503968586906,0.4550773589696068,0.421047329903,0.4474514212179538,0.42012234356640965
10963.577,-2.070299879784449,1.4238305268804685,-1.311069804947287,0.1267322062051493,-0.43843654962822576,0.20768372070318922,-1.924837350845337,1.457126259803772,-1.2959006468402308,0.11216264218091965,-0.405832976102829,0.21052762866020203,0.005178139736667239,0.1491346372414188,0.015169158107056324,0.4562783871251537,0.421047329903,0.4491890532764589,0.4213593251956399
10963.598,-2.0677412847196974,1.4150789504323114,-1.306916437367091,0.12183786022255931,-0.41674173561382516,0.19777940857473797,-1.924837350845337,1.457126259803772,-1.2959006468402308,0.11216264218091965,-0.405832976102829,0.21052762866020203,-0.0033184921415613244,0.14892447130023098,0.011015790526860192,0.43409506675775617,0.421047329903,0.4520416359993206,0.41576996809070155
10963.617,-2.06514015573817,1.4063416553436157,-1.3027504583569927,0.1369015253418768,-0.45985763624150666,0.2192620531603814,-1.922023057937622,1.4469833374023438,-1.2906373182879847,0.11642352491617203,-0.4046367406845093,0.21052631735801697,-0.0012861602040610681,0.14877027860209108,0.012113140069007988,0.4796942902795052,0.421052634716,0.447769623024217,0.41618217364058246
10963.639,-2.0624988541299563,1.397629947189068,-1.2985512636629966,0.12577626705395706,-0.4148432454419983,0.1999616520889556,-1.922023057937622,1.4469833374023438,-1.2906373182879847,0.11642352491617203,-0.4046367406845093,0.21052631735801697,-0.009762519581812172,0.1485728765718319,0.007913945375011888,0.4333849640768161,0.421052634716,0.4468001343092832,0.4109168920952507
10963.658,-2.0598108769194017,1.3889335894411978,-1.29433333999834,0.141472484764297,-0.4577030393559835,0.22199598234761925,-1.9159996509552002,1.4268110990524292,-1.2801111380206507,0.12068133801221848,-0.4033833146095276,0.21052762866020203,0.0028147613772672025,0.14868911044883074,0.01422220197768942,0.478938209412819,0.421048790216,0.44353634836903305,0.4188057916017461
10963.677,-2.0570545914069904,1.3802503364447998,-1.290164460039452,0.1378142756300884,-0.4341626498499125,0.20844399795881546,-1.9129825830459595,1.4167264699935913,-1.2748478094684046,0.12068133801221848,-0.4033833146095276,0.21052762866020203,0.004853384320134484,0.1485385356481318,0.015316650571047363,0.4553479138715124,0.421048790216,0.44530721324098926,0.4204357414552821
10963.698,-2.054248027846372,1.3715906037376886,-1.2860650037025785,0.14032817802784983,-0.43298663534610776,0.20497281683919963,-1.9129825830459595,1.4167264699935913,-1.2748478094684046,0.12068133801221848,-0.4033833146095276,0.21052762866020203,-0.003637160775789565,0.1482563434690747,0.011217194234173888,0.45497149247901114,0.421048790216,0.4431181331064154,0.41442079974713514
10963.717,-2.0513892210209557,1.3629453470113986,-1.2819981892091732,0.14294034126770513,-0.4322628363050655,0.20334072466582603,-1.909955382347107,1.4066449403762817,-1.2695844809161585,0.12491580098867416,-0.4020962119102478,0.21052631735801697,-0.001609450362641679,0.14802227822799716,0.012413708293014691,0.45507093235142326,0.421052634716,0.4412002178869438,0.4155473856588046
10963.738,-2.048494205653949,1.3543351900420628,-1.277944346908505,0.1447507683471839,-0.4305078484573908,0.202692115028985,-1.909955382347107,1.4066449403762817,-1.2695844809161585,0.12491580098867416,-0.4020962119102478,0.21052631735801697,-0.010088699079151282,0.14774144203358447,0.008359865992346505,0.45396596351265844,0.421052634716,0.4381959107059368,0.4095879849328675
10963.756,-2.0455726788608817,1.3457558595727321,-1.2738469771958463,0.14607633966345301,-0.4289665234961849,0.2048684856470972,-1.9035089015960693,1.3866044282913208,-1.2590587774859827,0.1291426122188568,-0.4007435142993927,0.2105226069688797,0.002507719022936415,0.14779862557684856,0.014788199709863559,0.4529347760052282,0.421038210392,0.4398577739345723,0.4182575804791899
10963.777,-2.042622404341346,1.3372201770683376,-1.269745879877132,0.147513725973569,-0.42678412521041,0.20505486593124062,-1.9002803564071655,1.376585841178894,-1.2537954489337366,0.1291426122188568,-0.4007435142993927,0.2105226069688797,0.00461255836048672,0.14761313771589832,0.015950430943395322,0.4513310341987174,0.421038210392,0.44196836507374826,0.4194880911759108
10963.797,-2.039649373669249,1.3287338657891516,-1.26568848968959,0.141572889143148,-0.4041100609012967,0.19320905654372966,-1.9002803564071655,1.376585841178894,-1.2537954489337366,0.1291426122188568,-0.4007435142993927,0.2105226069688797,-0.0037760110697544133,0.14730674207822453,0.01189304075585329,0.427973996015549,0.421038210392,0.44534710955074797,0.413861926792904
10963.817,-2.036639622479769,1.3202755938353636,-1.2616763749506448,0.15840795733911106,-0.44517220808865055,0.21116393362610383,-1.89704167842865,1.3665704727172852,-1.2485325972186487,0.13335253298282623,-0.3993775546550751,0.21052630245685577,-0.0016320337797288142,0.14706508171463759,0.013143777731996042,0.4722627228440132,0.421052634716,0.4418971419299926,0.41428967615644624
10963.837,-2.03361549268633,1.3118360210573679,-1.2576848989176284,0.1512064896824028,-0.4219786389289571,0.1995738016646157,-1.89704167842865,1.3665704727172852,-1.2485325972186487,0.13335253298282623,-0.3993775546550751,0.21052630245685577,-0.010005747879629046,0.1467928879366179,0.009152301698979626,0.4480366145729079,0.421052634716,0.4394615756050388,0.4088173725048071
10963.859,-2.0305776329461,1.3034210580731211,-1.2537079979545451,0.13808453364152412,-0.3824983174510853,0.18076822558775724,-1.8901746273040771,1.3466696739196777,-1.2380059401141565,0.13755294680595398,-0.39794495701789856,0.21052762866020203,0.0026852935733675393,0.1468885154271149,0.015702057840388584,0.4064846931539977,0.421047508717,0.44630891060192823,0.41856333672708573
10963.876,-2.027514622314265,1.2950248275849607,-1.249729948284217,0.17016725732389185,-0.4664572493414905,0.22100275946231543,-1.8867357969284058,1.3367210626602173,-1.2327426115619105,0.13755294680595398,-0.39794495701789856,0.21052762866020203,0.0048612545049159794,0.14674338792978628,0.016987336722306567,0.49632216790188377,0.421047508717,0.4417319074981465,0.4180624987460724
10963.897,-2.024438120418006,1.2866514175421089,-1.2457098287716684,0.15382509480958503,-0.41867050213345425,0.2010059756230454,-1.8867357969284058,1.3367210626602173,-1.2327426115619105,0.13755294680595398,-0.39794495701789856,0.21052762866020203,-0.0034663034811594703,0.14648168485126178,0.012967217209757909,0.44587215359218724,0.421047508717,0.4404211198659407,0.41324185520347145
10963.917,-2.0213349491095007,1.278307496539752,-1.241712932489673,0.15515856543599776,-0.41719605014667793,0.19984481411358354,-1.8832868337631226,1.3267759084701538,-1.2274797598468226,0.14173033833503723,-0.39648181200027466,0.21052631735801697,-0.0012537443514829133,0.14630412581620234,0.0142331726428504,0.44495236352773676,0.421052634716,0.4423090658061511,0.41459732810830446
10963.937,-2.018191578402078,1.2699755742889691,-1.2377266004458296,0.1571685353677021,-0.4165961125300537,0.19931660218781708,-1.8832868337631226,1.3267759084701538,-1.2274797598468226,0.14173033833503723,-0.39648181200027466,0.21052631735801697,-0.00957225646301145,0.14606142541890516,0.010246840599007045,0.44508686765513983,0.421052634716,0.4402116318531418,0.4087414364848866
10963.957,-2.0150232819315645,1.2616565555964419,-1.2337217449798485,0.15841482352221875,-0.4159509346172841,0.20024277329468218,-1.876002311706543,1.3070240020751953,-1.2169531027423304,0.14590124785900116,-0.3949624001979828,0.21052762866020203,0.003163639414426732,0.1462020066482139,0.016768642237518172,0.4449359759156627,0.421049237251,0.44271756856820976,0.4177133700282355
10963.977,-2.011824929476882,1.2533831085063776,-1.2297150632709193,0.1599176227306386,-0.4136723544941843,0.20033408544209017,-1.8723547458648682,1.297149896621704,-1.2116902510272425,0.14590124785900116,-0.3949624001979828,0.21052762866020203,0.0054081121314687106,0.1460760630010071,0.018024812243676802,0.44333559560658914,0.421049237251,0.44569292540670785,0.41917500437173244
10963.997,-2.0085676127270595,1.2451331318835996,-1.2256915226582226,0.16286583750237937,-0.4124988311674092,0.20117703064874162,-1.8723547458648682,1.297149896621704,-1.2116902510272425,0.14590124785900116,-0.3949624001979828,0.21052762866020203,-0.0028696832440470374,0.1457787838840591,0.014001271630980083,0.44327464933815053,0.421049237251,0.4447056454548938,0.41319441503789855
10964.018,-2.0052813284408906,1.2368912151902993,-1.221633322942743,0.16431421430486087,-0.4120958346560209,0.20290998576955113,-1.8686972856521606,1.2872796058654785,-1.2064269224749964,0.15004535019397736,-0.3934103846549988,0.21052631735801697,-0.0006209613137182976,0.1455809227419409,0.015206400467746573,0.4434434915810206,0.421052664518,0.4468147434448883,0.4144461766186338
10964.037,-2.0019639902929995,1.2286628881874102,-1.2175753969497012,0.16586690739093127,-0.41141635013547534,0.2028962996476601,-1.8686972856521606,1.2872796058654785,-1.2064269224749964,0.15004535019397736,-0.3934103846549988,0.21052631735801697,-0.008898078394182461,0.14531606366148905,0.011148474474704795,0.44339385910268625,0.421052664518,0.4449617375696942,0.4084885160645173
10964.057,-1.9985928480097503,1.2204029787427322,-1.2135372092064305,0.16855711415878052,-0.41299547222488653,0.20190938715912743,-1.860998511314392,1.2676854133605957,-1.1959007422076624,0.15418265759944916,-0.3918021023273468,0.21052762866020203,0.00382083587624598,0.14544150483006885,0.017636466998768086,0.4458641886590098,0.421047717333,0.4474526738116996,0.41735148184151605
10964.077,-1.9952135788758603,1.212145113251646,-1.209512582879652,0.1689634567061832,-0.4128932745828444,0.20123131635283287,-1.8571439981460571,1.2578903436660767,-1.1906374136554163,0.15418265759944916,-0.3918021023273468,0.21052762866020203,0.0060121063101418945,0.14532614976764685,0.01887516922423571,0.44596288767075504,0.421047717333,0.45037863929792915,0.4187642919057482
10964.097,-1.9917973239668632,1.2038950746008736,-1.2054578595592373,0.17081274544612687,-0.41250193252961853,0.20273616601630856,-1.8571439981460571,1.2578903436660767,-1.1906374136554163,0.15418265759944916,-0.3918021023273468,0.21052762866020203,-0.0023247571848031,0.14505723952998528,0.014820445903821033,0.4463034893422065,0.421047717333,0.4491553395774432,0.4127936058050445
10964.118,-1.9883316461427638,1.1956406122484324,-1.2013743705353734,0.17328389120118481,-0.4127231176130514,0.20417445118873864,-1.8532795906066895,1.2480993270874023,-1.1853740851031702,0.15829382836818695,-0.3901645541191101,0.21052631735801697,-0.00015553542571806328,0.14488253958226513,0.01600028543220322,0.4474479872591737,0.421052634716,0.4508339432058718,0.4140214959222534
10964.137,-1.984854921111598,1.1874060655030747,-1.1972700290774814,0.1655583348123715,-0.3921212735765076,0.1954448313222347,-1.8532795906066895,1.2480993270874023,-1.1853740851031702,0.15829382836818695,-0.3901645541191101,0.21052631735801697,-0.008496293261628346,0.14464975838221075,0.011895943974311152,0.4254954709467089,0.421052634716,0.450775493271763,0.40844075758163356
10964.157,-1.9813446238880954,1.1791833857808967,-1.193128978836784,0.1847524854452413,-0.43277261695143615,0.21795001266560973,-1.845170259475708,1.228671908378601,-1.1748479048358362,0.16239114105701447,-0.3884614408016205,0.2105226069688797,0.0042137994992589856,0.14482684587396505,0.018281074000947806,0.4704020502080938,0.421038210392,0.45089360650360755,0.416429726909843
10964.176,-1.9778028453938332,1.1709776945857258,-1.1889956089684532,0.1770889247253498,-0.41028455978690426,0.20666849343082497,-1.8409481048583984,1.2185719013214111,-1.1693742910968226,0.16239114105701447,-0.3884614408016205,0.2105226069688797,0.006823803549604171,0.1447337701676314,0.019621317871630684,0.44672404475128585,0.421038210392,0.4537056036514724,0.41860153852737564
10964.197,-1.9742533688061976,1.162809392773438,-1.1848835605276957,0.17747382937790626,-0.40841509060547426,0.2056024220333882,-1.8409481048583984,1.2185719013214111,-1.1693742910968226,0.16239114105701447,-0.3884614408016205,0.2105226069688797,-0.0014847101224906081,0.14449064465081246,0.015509269430873163,0.4451803288521409,0.421038210392,0.45269716555539646,0.4126663791055777
10964.217,-1.97064537647515,1.1546520589100058,-1.1807447513756217,0.18039961654844694,-0.4078666931627073,0.2069404575991822,-1.837040901184082,1.209252953529358,-1.1643217245685022,0.16647198796272278,-0.3867459297180176,0.21052630245685577,0.0003014555162226609,0.14433060186809626,0.01642302680711949,0.4458260513536044,0.421052664518,0.45467155891934835,0.41360464247480005
10964.237,-1.9669936702339719,1.1464945742561465,-1.1766137985137324,0.18258531205491726,-0.4078742326840588,0.20654764308995943,-1.837040901184082,1.209252953529358,-1.1643217245685022,0.16647198796272278,-0.3867459297180176,0.21052630245685577,-0.008036670427520105,0.14408937601771227,0.01229207394523013,0.44671722942643444,0.421052664518,0.4525834583519696,0.40759881084469074
10964.257,-1.9633209044201445,1.1383477679237104,-1.172495422754358,0.18363829070406143,-0.40734031664996306,0.20591878798295088,-1.8285242319107056,1.1900001764297485,-1.1537955443011683,0.17053815722465515,-0.3849654793739319,0.21052762866020203,0.0046721418832224235,0.144278499140775,0.018699878453189767,0.4466788827572198,0.421048313379,0.45508938619177175,0.4165272465844669
10964.276,-1.9596181022894936,1.1302115937138844,-1.1683952786885827,0.185140106528503,-0.4068087104824223,0.20500720328429023,-1.8242608308792114,1.1803760528564453,-1.1485322157489222,0.17053815722465515,-0.3849654793739319,0.21052762866020203,0.006852307140875022,0.14419122640282098,0.01986306293966056,0.44682036913651113,0.421048313379,0.45788592928409,0.4179115742979529
10964.298,-1.9559170310617549,1.1220998982769086,-1.1643405169569199,0.1850535613828993,-0.40558477183993513,0.2027380865787176,-1.8242608308792114,1.1803760528564453,-1.1485322157489222,0.17053815722465515,-0.3849654793739319,0.21052762866020203,-0.0014771496700895365,0.14396973038780117,0.0158083012079977,0.4457029972960959,0.421048313379,0.45681772073686955,0.4120561753168413
10964.318,-1.952187590346984,1.1139962044193,-1.1602863567678996,0.17759241499905237,-0.3858901837173107,0.19305524710703942,-1.8199876546859741,1.1707563400268555,-1.143268887196676,0.1745765507221222,-0.3831557631492615,0.21052631735801697,0.000713593744208145,0.14386808807700022,0.01701746957122352,0.42470247818874995,0.421052634716,0.46112167349261635,0.41391832646473375
10964.338,-1.9484280455024277,1.1058856010558746,-1.1562188484767493,0.19787078129001884,-0.4268738612276787,0.21407938374213048,-1.8199876546859741,1.1707563400268555,-1.143268887196676,0.1745765507221222,-0.3831557631492615,0.21052631735801697,-0.007639112506143193,0.1436899117121412,0.012949961280073197,0.47041491445560457,0.421052634716,0.45697881873797974,0.4072088318273233
10964.358,-1.9446353238950393,1.0977589880463348,-1.1521229201244263,0.1896360803652759,-0.40633065046812433,0.2047964176116785,-1.8110675811767578,1.1516870260238647,-1.132742706929342,0.17860381305217743,-0.3812902867794037,0.21052762866020203,0.005031581978813822,0.14395575138824235,0.019380213195084206,0.44833181421871715,0.421048223972,0.4594857919377529,0.4166565953107055
10964.377,-1.9407904812222487,1.089604184835984,-1.1480461080125184,0.19224213363533457,-0.4077401605086334,0.20384060559094622,-1.8066024780273438,1.1421548128128052,-1.127479378377096,0.17860381305217743,-0.3812902867794037,0.21052762866020203,0.007129041833598221,0.1439345874511366,0.020566729635422387,0.45071557123546957,0.421048223972,0.4618114993896538,0.4181020484335373
10964.397,-1.9369299006673186,1.0814641562867018,-1.1439633922403893,0.1930290277422918,-0.40700142745523143,0.20413578860199624,-1.8066024780273438,1.1421548128128052,-1.127479378377096,0.17860381305217743,-0.3812902867794037,0.21052762866020203,-0.001291333761538914,0.1437599573548365,0.016484013863293345,0.4503979278687895,0.421048223972,0.4603042285377894,0.4122820726840465
10964.418,-1.9330337191540061,1.0733558902036329,-1.1398615088280248,0.19480907567909062,-0.4054133041814686,0.20509417063240165,-1.802127718925476,1.1326271295547485,-1.122216526662008,0.18260374665260315,-0.3793957829475403,0.21052631735801697,0.0008296935469725084,0.14369680691882916,0.01764498216601673,0.44972437096242446,0.421052604914,0.46196112150468016,0.41370713857249986
10964.443,-1.9291003648744525,1.0652817225926103,-1.1357640413140866,0.15128285690684132,-0.3105449081181631,0.1575949043832105,-1.802127718925476,1.1326271295547485,-1.122216526662008,0.18260374665260315,-0.3793957829475403,0.21052631735801697,-0.00756130450231695,0.14352798797587657,0.013547514652078485,0.34537624750138013,0.421052604914,0.47588283357416783,0.40977177055881986
10964.457,-1.9251179017537159,1.0572223224217,-1.1316535070725564,0.28446165146019126,-0.5756714407368336,0.29360958865905934,-1.7928084135055542,1.1137503385543823,-1.1116903463946741,0.18658705055713654,-0.3774369955062866,0.2105226069688797,0.00508876468781292,0.14378915731841296,0.019963160677882286,0.6419924728456744,0.421038478613,0.4622920731134647,0.412250221161329
10964.477,-1.9210427208747758,1.0491149694307782,-1.1275832393506313,0.2037590439425573,-0.4053676495372362,0.20351338609181233,-1.7881437540054321,1.1043144464492798,-1.106427017842428,0.18658705055713654,-0.3774369955062866,0.2105226069688797,0.007126949394431328,0.1437300394850854,0.021156221508203288,0.4535812906574519,0.421038478613,0.4645615610002224,0.41823672110766835
10964.497,-1.9168936674829455,1.0409305780241125,-1.1235517400453752,0.20745266960585187,-0.40921957036157164,0.20157496527674057,-1.7881437540054321,1.1043144464492798,-1.106427017842428,0.18658705055713654,-0.3774369955062866,0.2105226069688797,-0.0014674493035794073,0.14349878602116303,0.01712472220294714,0.4586893383160445,0.421038478613,0.4623276331538366,0.4122295430609216
10964.518,-1.9126557310572103,1.0326536054700104,-1.119544771197146,0.21189682128213588,-0.4138486276960711,0.2003484424070845,-1.7881437540054321,1.1043144464492798,-1.106427017842428,0.18658705055713654,-0.3774369955062866,0.2105226069688797,-0.010189038984499875,0.14329930929272133,0.013117753354717987,0.46482975439582375,0.421038478613,0.4581461967111562,0.4062980656954425
10964.537,-1.9083501171248616,1.024321912373948,-1.115537278314838,0.20502923486749822,-0.39674729027658945,0.19083299438979823,-1.7786171436309814,1.0855422019958496,-1.095900837575094,0.19449560344219208,-0.3734343945980072,0.21052762866020203,0.002058109756868043,0.1434375559509503,0.01963644073974402,0.44648777823933206,0.421048432589,0.46039439852463004,0.41548088096232605
10964.557,-1.9040200161269658,1.0159988010219423,-1.1115310426844378,0.22790005251803722,-0.43805849220545806,0.21085450686058754,-1.7737547159194946,1.0762063264846802,-1.090637509022848,0.19449560344219208,-0.3734343945980072,0.21052762866020203,0.0037765312181358354,0.14345637794272958,0.020893533661589858,0.49369191705888027,0.421048432589,0.45534515548076476,0.41585916976003073
10964.577,-1.8996460784728633,1.0077112827012507,-1.1075285120727445,0.2186968827202439,-0.414375916063224,0.20012653059849864,-1.7688922882080078,1.0668705701828003,-1.08537465730776,0.19449560344219208,-0.3734343945980072,0.21052762866020203,0.005506731946394922,0.1434086847691624,0.022153854764984438,0.46842936252172374,0.421048432589,0.4557936522744553,0.4179299816161183
10964.597,-1.8952513624102583,0.999475578336052,-1.1035106021000802,0.21973580312545352,-0.4117852182509418,0.2008954986288283,-1.7688922882080078,1.0668705701828003,-1.08537465730776,0.19449560344219208,-0.3734343945980072,0.21052762866020203,-0.0032495647264938615,0.14317171818610486,0.01813594479232017,0.46662269289370084,0.421048432589,0.4524074595141199,0.41210450711154817
10964.618,-1.8908372396357473,0.991298156895013,-1.099480208479398,0.21019632258934928,-0.38940102098998713,0.19192350574092207,-1.764020562171936,1.0575395822525024,-1.080111328755514,0.19841162860393524,-0.37137332558631897,0.21052631735801697,-0.0014369276743835188,0.14306757618416124,0.019368879723884014,0.44238679340647113,0.421052634716,0.45455514770820077,0.41400836532999863
10964.637,-1.8863784339814673,0.9831450807415238,-1.0954739579362769,0.2346739818013363,-0.4291092712310125,0.21085529174063153,-1.764020562171936,1.0575395822525024,-1.080111328755514,0.19841162860393524,-0.37137332558631897,0.21052631735801697,-0.010153483405082035,0.14283871122201924,0.015362629180762921,0.48893317281672344,0.421052634716,0.44833325314283673,0.4071541475204225
10964.657,-1.881897301988965,0.9750140709461363,-1.0914683870082862,0.22405659962022026,-0.4065504897605009,0.20027854639516326,-1.753914713859558,1.0390714406967163,-1.06958514848818,0.20231330394744873,-0.3692573010921478,0.21052762866020203,0.0021849597919783026,0.14310176600717192,0.021883238520106207,0.4640653943067518,0.421048253775,0.4458403982931054,0.41662085350192085
10964.677,-1.8774084256513845,0.9669289422782749,-1.0874864019671555,0.2244438168945414,-0.40425643342101714,0.19909925207029583,-1.748856782913208,1.0298399925231934,-1.0643218199359339,0.20231330394744873,-0.3692573010921478,0.21052762866020203,0.0040342387783142974,0.14306309800602662,0.023164582031221626,0.46225540672980725,0.421048253775,0.44666041207543133,0.41816822918232355
10964.697,-1.8728993054746916,0.9588928307387334,-1.0835301361742093,0.22545600882972455,-0.40180557696830066,0.19781328964299053,-1.748856782913208,1.0298399925231934,-1.0643218199359339,0.20231330394744873,-0.3692573010921478,0.21052762866020203,-0.004611860848061297,0.14282429032977767,0.019208316238275458,0.4606031109280981,0.421048253775,0.44366549698505436,0.4123925532772358
10964.717,-1.869525219223409,0.9528948897445153,-1.08054297047233,0.168704312560445,-0.2998970497043605,0.14935828509070992,-1.7437896728515625,1.020613670349121,-1.0590584913836878,0.2061855047941208,-0.36711424589157104,0.21052631735801697,-0.0005399200454205833,0.14281095670271965,0.02148447908864215,0.34400758145223365,0.421052634716,0.4554824786292651,0.41832536307602275
10964.737,-1.8649952137957928,0.9449780630965905,-1.07655764219389,0.22650027137586995,-0.3958413323876003,0.19926641391764507,-1.7437896728515625,1.020613670349121,-1.0590584913836878,0.2061855047941208,-0.36711424589157104,0.21052631735801697,-0.009089050075798008,0.14257951258424958,0.017499150810202257,0.4559140677754273,0.421052634716,0.45231471073487245,0.4095928794528522
10964.757,-1.8603858406524099,0.9370539082309873,-1.0725858671737654,0.23046865718507759,-0.3962077433075446,0.1985887510199613,-1.733297348022461,1.0023623704910278,-1.0485323111163538,0.21004162728786469,-0.36491629481315613,0.21052762866020203,0.0033602756761464125,0.14284743172036388,0.02405355605741155,0.4581748158398984,0.421047955751,0.4534786765807796,0.41862101747761277
10964.778,-1.8557233358850447,0.9291104726421152,-1.0686324385092933,0.23312523836317053,-0.3971717794349364,0.19767143321928596,-1.7280462980270386,0.9932394027709961,-1.0432689825641077,0.21004162728786469,-0.36491629481315613,0.21052762866020203,0.005242176402617427,0.14278117964995754,0.02536345594518563,0.4603468103318838,0.421047955751,0.45475367209688455,0.42004820870356874
10964.797,-1.8498662306346187,0.9191858986786333,-1.0636815594925981,0.2928552625149042,-0.49622869816326326,0.24754395082935765,-1.7280462980270386,0.9932394027709961,-1.0432689825641077,0.21004162728786469,-0.36491629481315613,0.21052762866020203,-0.005571103570506816,0.1424534318782094,0.02041257692849041,0.5760052592746732,0.421047955751,0.44101461285847454,0.4098828343370316
10964.818,-1.8450930880950662,0.9112378922318164,-1.059711256655758,0.22729250189621109,-0.37847649748871603,0.18906203986013936,-1.7227860689163208,0.9841218590736389,-1.0380056540118616,0.21386800706386566,-0.3626924157142639,0.21052631735801697,-0.0037471450758147715,0.14232722321035662,0.021705602643896427,0.4412868145133594,0.421052634716,0.4399774024685279,0.4145660085708631
10964.837,-1.8403071178676789,0.9033513758328959,-1.05573250479668,0.2392985113641446,-0.39432581993741583,0.19893759294956484,-1.7227860689163208,0.9841218590736389,-1.0380056540118616,0.21386800706386566,-0.3626924157142639,0.21052631735801697,-0.01240168505930725,0.1420607831784001,0.017726850784818282,0.4610426426317047,0.421052634716,0.4358300897705049,0.4081651803238857
10964.857,-1.835495369341097,0.8955276369152586,-1.0517494607275333,0.25324992244857814,-0.4117757325021816,0.2096338983735692,-1.711911916732788,0.9660958647727966,-1.0274794737445276,0.217673197388649,-0.36040499806404114,0.2105226069688797,3.0058866320410715e-05,0.14231213454237862,0.024269986983005643,0.48316705438464425,0.421038448811,0.43148847806059454,0.4165504450027658
10964.877,-1.830677956266975,0.8877765312706115,-1.0477938851059483,0.2408706537008357,-0.3875552822238952,0.19777878107493263,-1.7064701318740845,0.9570857286453247,-1.0222166220294397,0.217673197388649,-0.36040499806404114,0.2105226069688797,0.0019955745489313448,0.14222294527734178,0.02557726307650854,0.4560591263976492,0.421038448811,0.4326540071931823,0.41878829135034484
10964.898,-1.8258430399151853,0.880099193255345,-1.0438654229117619,0.2417458175842125,-0.3838669007549454,0.19642310970503304,-1.7064701318740845,0.9570857286453247,-1.0222166220294397,0.217673197388649,-0.36040499806404114,0.2105226069688797,-0.006513063638053353,0.14189572864462258,0.021648800882322128,0.4533669407355856,0.421038448811,0.4300802462453159,0.41292066460008925
10964.917,-1.8210013005587211,0.8724908458674663,-1.039935072311108,0.24208696783994083,-0.3804173694202323,0.19651753004627517,-1.701019287109375,0.9480811357498169,-1.0169532934771937,0.22145551443099976,-0.3581099808216095,0.21052630245685577,-0.00444285706977933,0.1417386203436254,0.02298177883391439,0.4506239256360175,0.421052604914,0.4279606314917566,0.41439791841242407
10964.938,-1.8161988020863427,0.8649777565204684,-1.0359775293803821,0.24012492361368148,-0.37565446734169544,0.19787714653197683,-1.701019287109375,0.9480811357498169,-1.0169532934771937,0.22145551443099976,-0.3581099808216095,0.21052630245685577,-0.012793618273369299,0.14145252080165183,0.01902423590318847,0.4455865603197867,0.421052604914,0.4252567191881839,0.4086292145516857
10964.956,-1.8114268124332265,0.8575520690705651,-1.0319724224165028,0.2385994826506021,-0.37128437248705765,0.20025534818959614,-1.6897679567337036,0.9302875399589539,-1.0064271132098597,0.22521574795246124,-0.3557521402835846,0.21052762866020203,-3.3527193691249013e-06,0.1417438742388264,0.025545309206643108,0.4411099251325158,0.421048343182,0.4274808510587329,0.41799652127723275
10964.977,-1.8067045578840846,0.8502148737108394,-1.02796926186726,0.23611272745194015,-0.3668597679782806,0.20015802745776937,-1.6841374635696411,0.9213937520980835,-1.0011637846576136,0.22521574795246124,-0.3557521402835846,0.21052762866020203,0.002366062933310785,0.141716361381978,0.026805477209646433,0.43609041308286184,0.421048343182,0.43064703330783716,0.4197782366518826
10964.997,-1.8020342727713121,0.8429629341292124,-1.0239261677985332,0.23351425565476358,-0.362596979106411,0.2021547034503146,-1.6841374635696411,0.9213937520980835,-1.0011637846576136,0.22521574795246124,-0.3557521402835846,0.21052762866020203,-0.005683899945596038,0.14148761114885594,0.022762383140919606,0.43114572800476936,0.421048343182,0.4303604464431436,0.41404268326219057
10965.018,-1.7973451448844369,0.8357448327737553,-1.0198614748008346,0.2232918041301088,-0.3437191121541432,0.19355680940831882,-1.6784981489181519,0.9125056862831116,-0.9959009329425257,0.22894509136676788,-0.35336875915527344,0.21052631735801697,-0.0031884742920426715,0.1414449388044125,0.02396054185830887,0.4097505739024882,0.421052664518,0.43557352022437734,0.4162204712806241
10965.038,-1.7926270749109448,0.8285458241614245,-1.015791601912258,0.24831947228601553,-0.3788951901180308,0.21420383623825043,-1.6784981489181519,0.9125056862831116,-0.9959009329425257,0.22894509136676788,-0.35336875915527344,0.21052631735801697,-0.01121738352689567,0.14124036428221087,0.01989066896973224,0.45287352494251343,0.421052664518,0.43237383681454006,0.4092289674111198
10965.057,-1.7878616749673109,0.821350812052159,-1.0116659644536714,0.23826999717649391,-0.3597506054554245,0.20628187292482317,-1.6668747663497925,0.8949529528617859,-0.9853742758380335,0.2326556295156479,-0.35093188285827637,0.21052762866020203,0.0017836418077545532,0.14160482269501104,0.02629168861563791,0.4313567344365918,0.421048492193,0.4357418191259332,0.4191210155641183
10965.077,-1.7830436700481895,0.8141522305722847,-1.0075685975655877,0.24090024597271747,-0.3599290740185933,0.20486834441834628,-1.6610583066940308,0.8861796259880066,-0.9801109472857874,0.2326556295156479,-0.35093188285827637,0.21052762866020203,0.004228429413351664,0.1415997702954182,0.027457650279800294,0.4329540629858871,0.421048492193,0.4394744302850388,0.4206709753195439
10965.097,-1.778192337227889,0.8069711601088911,-1.0034684870112818,0.24256664100973485,-0.35905352316184047,0.2050055277108214,-1.6610583066940308,0.8861796259880066,-0.9801109472857874,0.2326556295156479,-0.35093188285827637,0.21052762866020203,-0.003854127974496316,0.14134888706171697,0.02335753972549437,0.43315474659275777,0.421048492193,0.4392447981008763,0.4146847694676444
10965.117,-1.773292882144398,0.7997911372805053,-0.9993607892266696,0.24497275416919667,-0.3590011414114544,0.2053848892261256,-1.6552331447601318,0.8774122595787048,-0.9748480955706995,0.23633316159248352,-0.34847086668014526,0.21052631735801697,-0.0014376641438321597,0.1412836626786108,0.024512693655970086,0.4344560773282491,0.421052604914,0.4420280147963665,0.41612588427733904
10965.137,-1.7683586341728734,0.7926148866302981,-0.995275274479098,0.24671239857084684,-0.3588125325025287,0.20427573737411972,-1.6552331447601318,0.8774122595787048,-0.9748480955706995,0.23633316159248352,-0.34847086668014526,0.21052631735801697,-0.009566230157078172,0.14105480514468585,0.020427178908398513,0.43528964465396375,0.421052604914,0.4407819798085931,0.4101740559756123
10965.159,-1.7633734313096556,0.7854402151420018,-0.9911647140913229,0.21674795058195495,-0.3119422386320391,0.17872001686578126,-1.6432428359985352,0.8601081371307373,-0.9643214384662073,0.2399905025959015,-0.34595608711242676,0.21052762866020203,0.003325422007918015,0.14140579928839322,0.02684327562511557,0.37970725823411444,0.421047568321,0.45093360746987904,0.4212185901263687
10965.177,-1.7583532549229133,0.7782660526271686,-0.9870867354756122,0.2788986881519017,-0.39856458415675333,0.22655436753911629,-1.6372430324554443,0.8514592051506042,-0.9590585867511194,0.2399905025959015,-0.34595608711242676,0.21052762866020203,0.005672520702653616,0.14139570740060214,0.028028148724492774,0.48627934421640373,0.421047568321,0.4472400750509389,0.41944875274557014
10965.197,-1.7532861980837542,0.7711079654115284,-0.9830097126537349,0.26668720205773666,-0.3767414323975024,0.214580148517227,-1.6372430324554443,0.8514592051506042,-0.9590585867511194,0.2399905025959015,-0.34595608711242676,0.21052762866020203,-0.002517587290711748,0.141124058086775,0.0239511259026155,0.4613964619806026,0.421047568321,0.4445633358291494,0.41434508107775
10965.218,-1.748148383836081,0.7639452586594965,-0.9789304936216373,0.2568907123780543,-0.35813533759377764,0.20396095160042924,-1.6312345266342163,0.8428164124488831,-0.9537952581988733,0.24361653625965118,-0.34341856837272644,0.21052631735801697,-0.0002277990281431691,0.14102998622098012,0.02513523542276397,0.44053894384805703,0.421052634716,0.44691508725271223,0.4163527351208999
10965.237,-1.742966975254713,0.7567765754782438,-0.9748684214900167,0.25907042906274264,-0.3584341590548078,0.20310360657659546,-1.6312345266342163,0.8428164124488831,-0.9537952581988733,0.24361653625965118,-0.34341856837272644,0.21052631735801697,-0.00849613322090613,0.1407650856603253,0.021073163291143393,0.44206042366331144,0.421052634716,0.44514954469770646,0.4103415179379748
10965.268,-1.7377398322516693,0.7496124824265507,-0.9707881653289038,0.16861751623244084,-0.23109977586823038,0.13162116649159267,-1.6188828945159912,0.8257688879966736,-0.9432690779315394,0.24721553921699524,-0.3408195674419403,0.2105226069688797,0.004258233049132393,0.1410979702496219,0.027519087397364417,0.2859435578548112,0.421038597822,0.47328532455901867,0.42454943679630874
10965.277,-1.7325002316178253,0.7424595790316135,-0.9667321978764998,0.5239600633729619,-0.7152903394780994,0.4055967452315464,-1.612702488899231,0.8172484040260315,-0.9380062262164515,0.24721553921699524,-0.3408195674419403,0.2105226069688797,0.006490420346378471,0.14107707803978475,0.02872597166004831,0.8863134490949071,0.421038597822,0.4516352048191585,0.406911269754963
10965.297,-1.7271911064837213,0.7352959022041519,-0.9626680483896595,0.2794276386336272,-0.3770356224933619,0.21390260456792126,-1.612702488899231,0.8172484040260315,-0.9380062262164515,0.24721553921699524,-0.3408195674419403,0.2105226069688797,-0.0018489156615240365,0.1407850759922707,0.024661822173208003,0.46908627166595673,0.421038597822,0.44832367471021983,0.41434203700006084
10965.317,-1.7218232719601185,0.7281007925916407,-0.9586049374957806,0.268391726174281,-0.3597554806177038,0.20315554468951036,-1.606513500213623,0.8087341785430908,-0.9327428976642054,0.2507917284965515,-0.3382141888141632,0.21052630245685577,0.00027456182929049,0.14070540503486811,0.0258620398315752,0.44865512420818865,0.421052634716,0.44993961809954586,0.41635259530893737
10965.337,-1.7164087381441027,0.7208902421891699,-0.9545575099372874,0.27072669081950634,-0.36052752014846384,0.20237137793864765,-1.606513500213623,0.8087341785430908,-0.9327428976642054,0.2507917284965515,-0.3382141888141632,0.21052630245685577,-0.008169612550612687,0.1404520484176764,0.021814612273082012,0.4506832755363671,0.421052634716,0.44723517106179145,0.41035900773679135
10965.357,-1.7109448903135827,0.7136697834162189,-0.9505034152850118,0.27319239152003716,-0.36102293863966795,0.20270473260935415,-1.5938054323196411,0.7919500470161438,-0.9222167173968714,0.2543409466743469,-0.33554795384407043,0.21052762866020203,0.004392771520377314,0.1408195861617193,0.028286697888140422,0.45256684212240533,0.421048402786,0.4490515709619457,0.419539180955803
10965.377,-1.7055036564569928,0.7064868443950655,-0.9464660623657477,0.27206169282355647,-0.3591469510498312,0.20186764595879883,-1.5871925354003906,0.7832257747650146,-0.9167426268206995,0.2543409466743469,-0.33554795384407043,0.21052762866020203,0.0068967409958467785,0.14085034527337897,0.029723435545048194,0.4504303556965821,0.421048402786,0.451311708341886,0.4215172721661613
10965.397,-1.7000617080502773,0.6993676354257004,-0.9424103951986985,0.27209742032983136,-0.35596044846048674,0.20278335834803332,-1.5871925354003906,0.7832257747650146,-0.9167426268206995,0.2543409466743469,-0.33554795384407043,0.21052762866020203,-0.001490347906786385,0.1406037571732652,0.025667768377999,0.4479136368500408,0.421048402786,0.4499516128086703,0.4156727653403144
10965.417,-1.6945977155331295,0.6922862994248359,-0.938319146532186,0.2731996258762739,-0.3540668000676971,0.20456243333976765,-1.5810799598693848,0.7751790881156921,-0.9116900602923792,0.25785595178604126,-0.33285975456237793,0.21052631735801697,0.00024693286487528776,0.1405611407610256,0.026629086239806754,0.44707858315096805,0.421052604914,0.4517188609843671,0.4168811138603804
10965.437,-1.6890944013888314,0.685222555239995,-0.9342170248138196,0.275165707208902,-0.35318720923433583,0.20510608591383922,-1.5810799598693848,0.7751790881156921,-0.9116900602923792,0.25785595178604126,-0.33285975456237793,0.21052631735801697,-0.008128103312637372,0.14033257398164345,0.02252696452144043,0.4475815695432994,0.421052604914,0.4494539332543627,0.41092426389469683
10965.458,-1.683554245684431,0.6781764916780375,-0.9301128028172558,0.2770077852139716,-0.3523031780901836,0.2052110998237104,-1.568021297454834,0.7586662173271179,-0.9011638800250452,0.26134803891181946,-0.33011916279792786,0.21052762866020203,0.004531478300204755,0.1407335204068375,0.02894892279221062,0.44801662727226116,0.421048045158,0.45173389928931945,0.4201984457142901
10965.477,-1.677962820819328,0.671137868547477,-0.9260314957024085,0.2795712432490476,-0.35193115652034174,0.2040653557379123,-1.5614875555038452,0.7504132390022278,-0.8959005514727991,0.26134803891181946,-0.33011916279792786,0.21052762866020203,0.00664272076009563,0.14073715235130158,0.03013094422960938,0.44930310678795743,0.421048045158,0.45430764074780516,0.4217010982976696
10965.498,-1.6723321924564223,0.6641050458035663,-0.9219834908353368,0.28153141816474647,-0.35164113721984125,0.20240024336757453,-1.5614875555038452,0.7504132390022278,-0.8959005514727991,0.26134803891181946,-0.33011916279792786,0.21052762866020203,-0.0017936515465789005,0.14047213449113505,0.026082939362537694,0.4503010502110341,0.421048045158,0.45266797719424057,0.41571369356574617
10965.518,-1.6666621247429902,0.6570911912061386,-0.9179468386028091,0.28350338566541355,-0.3506927298637331,0.20183261162197907,-1.5614875555038452,0.7504132390022278,-0.8959005514727991,0.26134803891181946,-0.33011916279792786,0.21052762866020203,-0.010242395594791648,0.14023476014161063,0.02204628713001,0.4507897138372243,0.421048045158,0.4499322281179915,0.40980349487675294
10965.537,-1.6609425527851727,0.6500882117267577,-0.9139409046757888,0.2859785978846368,-0.35014897396140143,0.2002966963466435,-1.548248291015625,0.7340461611747742,-0.8853743712054651,0.26823949813842773,-0.32454437017440796,0.21052762866020203,0.0023267856234659434,0.14051163645748865,0.028566533470323674,0.45191569172249935,0.421048074961,0.4515159100261977,0.4188980049975107
10965.557,-1.6551860112060606,0.6430960258363652,-0.9099734967555374,0.28782707894932213,-0.34960929451199485,0.19837039600824044,-1.5415422916412354,0.7259325981140137,-0.880111042653219,0.26823949813842773,-0.32454437017440796,0.21052762866020203,0.004352291609729178,0.14056262042585363,0.02986245410231836,0.4526708273600578,0.421048074961,0.453311992058525,0.42058710854974285
10965.577,-1.6493681465646304,0.6361051544792611,-0.9060215167684872,0.29089323209161666,-0.3495435678793649,0.19759899936616904,-1.5348362922668457,0.7178189754486084,-0.874847714100973,0.26823949813842773,-0.32454437017440796,0.21052762866020203,0.006339298930979856,0.14055072918830128,0.03117380266751424,0.45455703773587564,0.421048074961,0.455202718792922,0.42213436307354124
10965.598,-1.6434983680554585,0.6291140542975726,-0.902072618484218,0.2934889254521897,-0.34955500907679343,0.1974449142091473,-1.5348362922668457,0.7178189754486084,-0.874847714100973,0.26823949813842773,-0.32454437017440796,0.21052762866020203,-0.002230218787515975,0.14025347010060574,0.027224904383245097,0.4562243691177207,0.421048074961,0.4529168880627511,0.4161592280859969
10965.618,-1.6376002952036108,0.6221342994520622,-0.8981114807476258,0.2949036425859441,-0.34898774226790175,0.1980568868252886,-1.5281221866607666,0.7097121477127075,-0.8695848623858851,0.2716384530067444,-0.3217107951641083,0.21052631735801697,-0.0002846372068290026,0.14019719946469644,0.028526618361740752,0.4567122938319739,0.421052604914,0.45075395747045,0.4176581274425232
10965.637,-1.6316820523154798,0.6151722746336643,-0.8941246090330264,0.29591214440009245,-0.3481012409122975,0.19934358572562066,-1.5281221866607666,0.7097121477127075,-0.8695848623858851,0.2716384530067444,-0.3217107951641083,0.21052631735801697,-0.00885972181818108,0.13994262647788305,0.024539746647141314,0.45670168207885203,0.421052604914,0.4474839418372352,0.4117798657863978
10965.658,-1.6257508282594255,0.6082382047503165,-0.8901257415436356,0.29656120279624093,-0.34670349415982077,0.1999433744651768,-1.5143803358078003,0.6937639713287354,-0.8590586821185511,0.2750054895877838,-0.3188183903694153,0.2105226069688797,0.003620619612647008,0.14037426563072097,0.031067059425084476,0.4560711363131097,0.421038210392,0.4487707777214244,0.42114623039791227
10965.677,-1.619824330409927,0.6013444637441153,-0.8861335852270874,0.2963248924954131,-0.3446870503338861,0.1996078158412045,-1.507505178451538,0.6857934594154358,-0.853795353566305,0.2750054895877838,-0.3188183903694153,0.2105226069688797,0.005615030354170658,0.14041259274248905,0.032338231660782424,0.4544051067608617,0.421038210392,0.45057045904786985,0.42286460077311094
10965.697,-1.6138913783166373,0.5944925572378139,-0.8821167530214269,0.29664760465800427,-0.3425953253075923,0.20084161027864178,-1.507505178451538,0.6857934594154358,-0.853795353566305,0.2750054895877838,-0.3188183903694153,0.2105226069688797,-0.0028817620029130964,0.14016266873865912,0.02832139945512191,0.4530379682871587,0.421038210392,0.4485018770213568,0.41701518908404017
10965.717,-1.6079377540114623,0.5876759654393666,-0.8780676041720444,0.2976812152522516,-0.34082958991492496,0.20245744246470357,-1.500622034072876,0.6778299808502197,-0.8485325018512171,0.2783505320549011,-0.3159213364124298,0.21052630245685577,-0.0008380358553870815,0.1401560128447671,0.029535102320827344,0.45238141756525685,0.421052634716,0.44678334209526704,0.4185794829221059
10965.736,-1.601976777768741,0.5809010538420596,-0.8740127387913931,0.2980488121295589,-0.3387455798579575,0.20274326902814266,-1.500622034072876,0.6778299808502197,-0.8485325018512171,0.2783505320549011,-0.3159213364124298,0.21052630245685577,-0.009290948428814672,0.13993455340944508,0.025480236940175982,0.45106158348494274,0.421052634716,0.44400104023167225,0.4127374956812109
10965.756,-1.595994010875009,0.5741603294355644,-0.8699583329357752,0.2991383447072772,-0.3370362203480566,0.202720292794907,-1.4865472316741943,0.6621742248535156,-0.8380058447467249,0.2816636860370636,-0.3129655718803406,0.21052762866020203,0.0033084719564706183,0.14040689896649378,0.03195248818905028,0.45049935287378645,0.421048551798,0.44585957267888165,0.4221830478003563
10965.777,-1.589994794697668,0.5674509600238871,-0.8659202393131589,0.29996080886050275,-0.3354684705765436,0.20190468112640847,-1.4795056581497192,0.6543501019477844,-0.832742993031637,0.2816636860370636,-0.3129655718803406,0.21052762866020203,0.005399902738313464,0.1404640566573445,0.033177246281521855,0.44988004035441564,0.421048551798,0.4481854943582972,0.42387797131285826
10965.797,-1.5839811598637243,0.5607773358341588,-0.86188735922614,0.30068174169062084,-0.3336812094791303,0.2016440043465412,-1.4795056581497192,0.6543501019477844,-0.832742993031637,0.2816636860370636,-0.3129655718803406,0.21052762866020203,-0.003014345526207926,0.14022092118367002,0.029144366194503002,0.44903387567739556,0.421048551798,0.44657770140752784,0.41800667996667595
10965.817,-1.5779419129377246,0.5541321467685506,-0.8578302916012893,0.3019623462933976,-0.33225945327315654,0.20285338123810698,-1.4724562168121338,0.6465330719947815,-0.8274796644793909,0.28493934869766235,-0.309991717338562,0.21052631735801697,-0.0008982783723532201,0.14022965508668184,0.0303506271218984,0.44883701759502653,0.421052604914,0.44513491126300286,0.41959054896115555
10965.837,-1.571866160860953,0.547502143495773,-0.8537523488157424,0.3037876038595772,-0.3315001636617953,0.2038971392914418,-1.4724562168121338,0.6465330719947815,-0.8274796644793909,0.28493934869766235,-0.309991717338562,0.21052631735801697,-0.009316537367270936,0.14000951362907216,0.026272684336351437,0.449505669494319,0.421052604914,0.4426380332179355,0.41366293516721553
10965.857,-1.5657439011526026,0.5408781615170604,-0.8496600885272598,0.30611298541083526,-0.3311990989284012,0.20461301441966023,-1.4574785232543945,0.6305631995201111,-0.8165324370013636,0.288189172744751,-0.30696696043014526,0.21052762866020203,0.004122479944799626,0.1405268773301221,0.03312765152589625,0.45085665017243687,0.421048343182,0.44457836376125104,0.42365349294866467
10965.877,-1.5595804621692015,0.5342590293750651,-0.8455819263742903,0.30817194916332846,-0.33095660709253977,0.20390810764402523,-1.450850248336792,0.6235029697418213,-0.8116901556598108,0.288189172744751,-0.30696696043014526,0.21052762866020203,0.0053339578441847085,0.14056418173184484,0.03389177071447946,0.45208296138117265,0.421048343182,0.4465699691917601,0.42463486468372114
10965.897,-1.5533791396127388,0.5276479102123616,-0.8415105002073983,0.3100661278163706,-0.33055595812796046,0.2035713083401587,-1.450850248336792,0.6235029697418213,-0.8116901556598108,0.288189172744751,-0.30696696043014526,0.21052762866020203,-0.003155547800402961,0.14032251601845855,0.02982034454758742,0.4530878270881902,0.421048343182,0.44446176068606175,0.41866189352043043
10965.917,-1.5487175341557897,0.5226943642918687,-0.8384609528680951,0.23308027286356325,-0.24767729604176525,0.1524773669756986,-1.450850248336792,0.6235029697418213,-0.8116901556598108,0.288189172744751,-0.30696696043014526,0.21052762866020203,-0.00952793164902195,0.14017702766442575,0.026770797208284236,0.3400159007037102,0.421048343182,0.4553516219742759,0.4177513572099592
10965.938,-1.5424831200548739,0.5161186855115686,-0.8343663137317252,0.3117207050389884,-0.32878393900782715,0.20473195681402467,-1.4362810850143433,0.608307421207428,-0.8011634985553187,0.294587105512619,-0.30083248019218445,0.21052762866020203,0.0030303446800191147,0.1406003280475241,0.03320281517640655,0.452952870125067,0.421048372984,0.45701330188719713,0.42356070427191794
10965.957,-1.536246622120399,0.5095777114788173,-0.8302490954090535,0.3118248967169382,-0.32704870163042793,0.2058609161290943,-1.4289164543151855,0.6007866263389587,-0.7959006468402308,0.294587105512619,-0.30083248019218445,0.21052762866020203,0.005093546898760459,0.1407582567775331,0.03434844856882269,0.4517802084379646,0.421048372984,0.4590044973938262,0.42536605565944313
10965.977,-1.5299982665952396,0.5030625395041948,-0.8261030840257438,0.31241777625114775,-0.3257585987240134,0.20730056916095563,-1.4212571382522583,0.5929650068283081,-0.7904270331012171,0.294587105512619,-0.30083248019218445,0.21052762866020203,0.0075939854862032835,0.14088796261108805,0.03567605092452675,0.4512689298962642,0.421048372984,0.46128066524967715,0.4273582779035673
10965.997,-1.5221630913657984,0.49492417877835415,-0.820894545967186,0.3917587614991398,-0.4069180363201579,0.2604269029458916,-1.4212571382522583,0.5929650068283081,-0.7904270331012171,0.294587105512619,-0.30083248019218445,0.21052762866020203,-0.002967789333316484,0.14065990034457457,0.030467512865968938,0.564774440486016,0.421048372984,0.448237138329949,0.4160841563822549
10966.017,-1.5158491733014703,0.48844104330766824,-0.8166818162993125,0.3156959032095154,-0.3241567735272197,0.21063648338908028,-1.4141795635223389,0.5857524871826172,-0.7853739897357386,0.2977352738380432,-0.29772305488586426,0.21052631735801697,-0.0013207378935614078,0.1407283990994167,0.03130782656357389,0.45240992005917335,0.421052634716,0.4464619496391093,0.4211496607228971
10966.038,-1.5095237093225862,0.48196463772907494,-0.8124436909588634,0.30121257041386923,-0.3084002656378971,0.20181549239618454,-1.4141795635223389,0.5857524871826172,-0.7853739897357386,0.2977352738380432,-0.29772305488586426,0.21052631735801697,-0.009776167771710864,0.14059463139206038,0.027069701223124798,0.4310411689565372,0.421052634716,0.4455487433029641,0.41590570793258735
10966.056,-1.5032196910112654,0.47551952133455133,-0.8081750910906482,0.3317904374338694,-0.339216652339191,0.22466315095593906,-1.3991450071334839,0.5710166096687317,-0.7748478094684046,0.3008476197719574,-0.2945575714111328,0.2105226069688797,0.002849733569053617,0.1412200861179167,0.03332728162224363,0.4744701871956829,0.421038538218,0.44236833922344937,0.4239017158327867
10966.077,-1.4969542338145985,0.46913467066016346,-0.8039199951385226,0.31327285985500064,-0.3192425337414604,0.21275479762098531,-1.391623854637146,0.5636526346206665,-0.7695849577533167,0.3008476197719574,-0.2945575714111328,0.2105226069688797,0.005026974049508581,0.1414314810104541,0.034335037385205935,0.4472573886208525,0.421038538218,0.4448052289967289,0.4266606260735511
10966.097,-1.4907525412815759,0.4628284735673002,-0.799668333046527,0.31008462664436187,-0.315309854636279,0.21258310459514368,-1.391623854637146,0.5636526346206665,-0.7695849577533167,0.3008476197719574,-0.2945575714111328,0.2105226069688797,-0.0032163218618783823,0.141356511139903,0.030083375293210257,0.4422283765339059,0.421038538218,0.44377225464229053,0.42103340301233627
10966.117,-1.484593643797113,0.45659325474585494,-0.7954020588551803,0.30794487421642097,-0.3117609410654593,0.21331370956267479,-1.3840951919555664,0.5562962889671326,-0.7643216292010706,0.30393660068511963,-0.2913895547389984,0.21052630245685577,-0.0008537490692312188,0.14156237129973384,0.03108042965410973,0.4382032512556425,0.421052634716,0.4462705188635729,0.42294702973848897
10966.137,-1.4784787240220703,0.4504142695421111,-0.7911538307103916,0.30574598874546366,-0.30894926018044755,0.21241140723480137,-1.3840951919555664,0.5562962889671326,-0.7643216292010706,0.30393660068511963,-0.2913895547389984,0.21052630245685577,-0.00894557424765742,0.14155998680506093,0.026832201509320974,0.43466101616478264,0.421052634716,0.44517697763594827,0.4173767248091984
10966.157,-1.4723618641899092,0.44427295262919003,-0.7869007254974287,0.30584299160137596,-0.3070658456393514,0.21265526064350063,-1.368753433227539,0.5418798923492432,-0.7537954489337366,0.3069884181022644,-0.28816530108451843,0.21052762866020203,0.004029904777491072,0.14228696888852002,0.03310527656369211,0.43339280507666816,0.421047657728,0.44885204173850546,0.4272711146577165
10966.177,-1.4661656577612066,0.43815700787940404,-0.7826664453407941,0.3098103214565479,-0.30579723751043697,0.21171400784636546,-1.3610787391662598,0.5346757769584656,-0.7485321203814905,0.3069884181022644,-0.28816530108451843,0.21052762866020203,0.006447998380114492,0.1425396666237445,0.034134324959303575,0.43530640705817897,0.421047657728,0.45287695443516485,0.4290994135595566
10966.197,-1.4598483892427363,0.43205854661308396,-0.7784374788849078,0.31586342591661803,-0.304923063309348,0.211448322789701,-1.3610787391662598,0.5346757769584656,-0.7485321203814905,0.3069884181022644,-0.28816530108451843,0.21052762866020203,-0.0017293765981761244,0.14241751646679002,0.029905358503417245,0.4390055495857388,0.421047657728,0.4550777922699906,0.42307948371872556
10966.217,-1.4533753038136068,0.4259685751195278,-0.7742016628264359,0.3082421632824827,-0.28999864254145175,0.20170552658774993,-1.3610787391662598,0.5346757769584656,-0.7485321203814905,0.3069884181022644,-0.28816530108451843,0.21052762866020203,-0.010012007508849355,0.14225213981869028,0.025669542444945348,0.4231380487642547,0.421047657728,0.4549781617100348,0.41757177479276525
10966.236,-1.4467712191130164,0.41987588042291746,-0.7699592723862076,0.34758340528997084,-0.3206681419229302,0.22328370737769684,-1.345579743385315,0.5204301476478577,-0.7380059401141565,0.3129870295524597,-0.2816395163536072,0.21052762866020203,0.0026528803450626554,0.14263182549126077,0.031953332272051105,0.4727627070543975,0.421048343182,0.45195962610934376,0.42506166045695465
10966.258,-1.4400927282333487,0.41377571096443144,-0.765716335970355,0.31802337524012475,-0.29048425994421007,0.20204459124241694,-1.3377549648284912,0.5133891701698303,-0.7327426115619105,0.3129870295524597,-0.2816395163536072,0.21052762866020203,0.004736405609759672,0.14273550902096538,0.032973724408444594,0.4305797795981065,0.421048343182,0.45622454205831137,0.42815287557929665
10966.277,-1.4333689704922743,0.4076764648468213,-0.7614754558309169,0.35388198636799845,-0.321012953554495,0.22320421786242955,-1.329930305480957,0.5063481330871582,-0.7274797598468226,0.3129870295524597,-0.2816395163536072,0.21052762866020203,0.006788365109135483,0.14279206431661282,0.033995695984094354,0.47764219531600094,0.421048343182,0.45596860198607053,0.4278569204542442
10966.299,-1.4266057531791776,0.4015879138624967,-0.7572362114395216,0.30741896876532904,-0.2767523174586823,0.1926929268742137,-1.329930305480957,0.5063481330871582,-0.7274797598468226,0.3129870295524597,-0.2816395163536072,0.21052762866020203,-0.0017037695354763516,0.14254102177626096,0.029756451592699018,0.4135182859795856,0.421048343182,0.4612773250748818,0.42401452994492606
10966.317,-1.419810123082791,0.3955162186150074,-0.7529865124656288,0.3775350053541955,-0.33731640263774876,0.23609438743810848,-1.329930305480957,0.5063481330871582,-0.7274797598468226,0.3129870295524597,-0.2816395163536072,0.21052762866020203,-0.010208382465080351,0.14233019287961268,0.025506752618806194,0.506132384734222,0.421048343182,0.45383751991823473,0.4150600463508197
10966.338,-1.4129687114651905,0.38946143046298415,-0.7487225562014801,0.34207058090367176,-0.30273940762208884,0.2131978132221696,-1.314134955406189,0.4924320578575134,-0.7169531027423304,0.31883862614631653,-0.27498164772987366,0.2105226069688797,0.002309092384833372,0.1427085475194514,0.03176945345914972,0.45666267005686423,0.421037971973,0.45499512721925567,0.42552607771795237
10966.361,-1.406077240678288,0.3834116471194348,-0.7444859790457711,0.29962916463428785,-0.2630340584032061,0.18419900676156645,-1.306164026260376,0.48555752635002136,-0.7116902510272425,0.31883862614631653,-0.27498164772987366,0.2105226069688797,0.0042663827847914115,0.1428223688259051,0.03279572801852859,0.398588428963021,0.421037971973,0.4632035214361252,0.4292143403648278
10966.377,-1.3991340182658427,0.377356083505703,-0.7402724175332985,0.40842484779509364,-0.35620962434082537,0.24785655955975427,-1.2981929779052734,0.4786829948425293,-0.7064269224749964,0.31883862614631653,-0.27498164772987366,0.2105226069688797,0.006179347166363633,0.1428917501423112,0.033845495058302144,0.5417933689388279,0.421037971973,0.4551661927262193,0.4253535563325181
10966.398,-1.3921062287815857,0.3712727038353036,-0.7360798103520924,0.33465664209727136,-0.2896847462006629,0.1996479610037307,-1.2981929779052734,0.4786829948425293,-0.7064269224749964,0.31883862614631653,-0.27498164772987366,0.2105226069688797,-0.0025142652791833864,0.14265464512072495,0.029652887877095968,0.442506921802711,0.421037971973,0.45418718143590947,0.4229675648159872
10966.42,-1.3850112742364276,0.36517502933544,-0.7319065168053593,0.3734186603026571,-0.32093023686171784,0.21964702879375841,-1.2902151346206665,0.4718164801597595,-0.7011640707599085,0.3217218816280365,-0.2716253697872162,0.21052630245685577,-0.0007483154907694661,0.14268197904393148,0.030742446045450844,0.49226094005504445,0.421052634716,0.44833959467204004,0.42268219997124756
10966.437,-1.3778601953428775,0.35908092284969717,-0.7277234389239291,0.3575539446696976,-0.3047053242804901,0.2091538940669467,-1.2902151346206665,0.4718164801597595,-0.7011640707599085,0.3217218816280365,-0.2716253697872162,0.21052630245685577,-0.009544730315380001,0.14247757954926477,0.026559368164020603,0.46966347307263034,0.421052634716,0.4442074333743149,0.41749612807501474
10966.457,-1.3706768564093994,0.3530188454297083,-0.7235778956243544,0.35916694666606575,-0.3031038709928277,0.20727716497421197,-1.2739940881729126,0.45839712023735046,-0.6906378904925745,0.3245646357536316,-0.2682150900363922,0.21052762866020203,0.002690270421730992,0.14298566683539693,0.03294000513177986,0.46985077094995076,0.421048134565,0.4413316350427172,0.4266997691813293
10966.477,-1.363525462515323,0.34704356834168293,-0.7194876785048573,0.35756969469601374,-0.2987638543947469,0.20451085597039026,-1.2658799886703491,0.45169174671173096,-0.6853745619403284,0.3245646357536316,-0.2682150900363922,0.21052762866020203,0.004480314552976428,0.1430587521967295,0.03411311656452887,0.46582890938475086,0.421048134565,0.4419060943087765,0.4284216471356969
10966.497,-1.3564161937262273,0.34115659121442904,-0.715397237853423,0.35546343947935416,-0.2943488563830403,0.2045220325858503,-1.2658799886703491,0.45169174671173096,-0.6853745619403284,0.3245646357536316,-0.2682150900363922,0.21052762866020203,-0.004162230344181284,0.1428198195815088,0.0300226759130946,0.4613839559951747,0.421048134565,0.43889386791527446,0.4226461218998906
10966.517,-1.349338920781047,0.3353418606090349,-0.7112952608166891,0.35386364725129876,-0.29073653026335955,0.20509885183221677,-1.2577590942382812,0.44499456882476807,-0.6801112333880823,0.3273686170578003,-0.2647925913333893,0.21052631735801697,-0.0022097171250393677,0.14284851486408623,0.03118402742860682,0.45785502261212707,0.421052634716,0.43650437345794085,0.42429255258590015
10966.537,-1.3422902735769466,0.32958296131376885,-0.7071653211170987,0.35243236019731994,-0.2879449647570184,0.20649698497501323,-1.2577590942382812,0.44499456882476807,-0.6801112333880823,0.3273686170578003,-0.2647925913333893,0.21052631735801697,-0.010719622093280964,0.14265500037095014,0.027054087729016407,0.454993894420348,0.421052634716,0.4331944697744593,0.4184888630084758
10966.557,-1.3352501831991774,0.32385944943743955,-0.7029970434794834,0.35200451888077666,-0.28617559381021845,0.20841388187621537,-1.241259217262268,0.4319196343421936,-0.6695850531207483,0.33013883233070374,-0.26132330298423767,0.21052762866020203,0.0018447884801428005,0.14320580293712412,0.0334119903587351,0.4535616064706881,0.421048104763,0.4346035274825567,0.42796089281464883
10966.577,-1.3282208462711478,0.3181717886245221,-0.6988492584699169,0.35146684642577647,-0.28438304066552894,0.20738925049266432,-1.2330057621002197,0.42538654804229736,-0.6643217245685022,0.33013883233070374,-0.26132330298423767,0.21052762866020203,0.003919815513787742,0.1433371966274847,0.03452753390141461,0.45203121361174237,0.421048104763,0.43645788191275536,0.42970810976871304
10966.598,-1.321199760901152,0.3125337879427682,-0.694713829303053,0.3510542684921214,-0.2819000340815421,0.20677145833867783,-1.2330057621002197,0.42538654804229736,-0.6643217245685022,0.33013883233070374,-0.26132330298423767,0.21052762866020203,-0.004490570134609975,0.14315642376940996,0.030392104734550784,0.4501555632218125,0.421048104763,0.4345073198796519,0.4238917563569635
10966.617,-1.3141715543899217,0.306945863947339,-0.6905597310749453,0.3514103255538481,-0.2793961997653603,0.20770491140085373,-1.224745750427246,0.4188618063926697,-0.6590583960162562,0.3328702449798584,-0.25784242153167725,0.21052631735801697,-0.0023495378672701434,0.14323628122653742,0.03150133505868913,0.4488652214069588,0.421052634716,0.43298746414275885,0.42554739225477517
10966.637,-1.307134266279255,0.30140189100224307,-0.6863962267487836,0.3518644055256504,-0.27719864724874704,0.20817521630353786,-1.224745750427246,0.4188618063926697,-0.6590583960162562,0.3328702449798584,-0.25784242153167725,0.21052631735801697,-0.010710255708342789,0.14307337170307,0.02733783073252749,0.4478550679385974,0.421052634716,0.4303873427611482,0.4196990040416732
10966.656,-1.3000824493950798,0.29589756004417234,-0.6822102424993273,0.35259084420107034,-0.27521654789752936,0.20929921246825023,-1.2079741954803467,0.4061371386051178,-0.6485322157489222,0.3355676531791687,-0.2543156147003174,0.21052762866020203,0.0019855109884591715,0.1436410556443753,0.0336780267504051,0.44720114273655065,0.421048790216,0.4324490737617117,0.42922490067074803
10966.676,-1.2930250130606211,0.2904388458934713,-0.6780368726774861,0.3528718167473238,-0.27293570755391766,0.20866849110648014,-1.1992493867874146,0.3995249271392822,-0.6430586020099085,0.3355676531791687,-0.2543156147003174,0.21052762866020203,0.004607067052899511,0.14377905319506684,0.03497827066757764,0.44602166331415316,0.421048790216,0.4349987167152289,0.43126058232515974
10966.698,-1.2859701865131181,0.2850302107777187,-0.6738650895894684,0.35274132736745045,-0.2704317557817283,0.20858915439633138,-1.1992493867874146,0.3995249271392822,-0.6430586020099085,0.3355676531791687,-0.2543156147003174,0.21052762866020203,-0.003680958800651099,0.14358268601084317,0.03080648757955995,0.44438995229642814,0.421048790216,0.4337361131128697,0.4253742117072066
10966.718,-1.2789108088057,0.2796700805626984,-0.6696631410625036,0.336160843200139,-0.2552442959455652,0.20009278699222643,-1.1911894083023071,0.39342981576919556,-0.63800555864443,0.3382243514060974,-0.250777930021286,0.21052631735801697,-0.0018368802799793305,0.14364173255487428,0.03165758241807359,0.4219961849066135,0.421052575111,0.4379351787608964,0.4274500191656077
10966.737,-1.2718403389044257,0.27436370420899686,-0.6654363909079738,0.3721299947993475,-0.2792829659808678,0.22246053444620967,-1.1911894083023071,0.39342981576919556,-0.63800555864443,0.3382243514060974,-0.250777930021286,0.21052631735801697,-0.010067864855731481,0.14345713515297925,0.027430832263543814,0.4651650995481843,0.421052575111,0.433943114631241,0.4200243150341307
10966.758,-1.2647410110922404,0.2691113374222113,-0.6611505563808042,0.354966390633804,-0.2626183393574293,0.2142917263732909,-1.1741541624069214,0.38106128573417664,-0.6274798552142542,0.34083741903305054,-0.24718928337097168,0.2105226069688797,0.002758847942870013,0.1439831824895418,0.03367070116655002,0.4414244278606254,0.421037644148,0.4366852003273712,0.43016805822447385
10966.777,-1.257617411148761,0.26390800463222136,-0.6568773588549479,0.35617999716619186,-0.26016663949381946,0.21365987628815172,-1.1652923822402954,0.37463438510894775,-0.6220062414752405,0.34083741903305054,-0.24718928337097168,0.2105226069688797,0.005497727489909912,0.14406254644727226,0.034871117379707384,0.44092995914668015,0.421037644148,0.4398632504816779,0.43201098810833183
10966.797,-1.2504809401032657,0.25875947049362324,-0.6526139583170738,0.35682355226697665,-0.2574267069242867,0.2131700268890523,-1.1652923822402954,0.37463438510894775,-0.6220062414752405,0.34083741903305054,-0.24718928337097168,0.2105226069688797,-0.002684574118689123,0.14379457322751318,0.030607716841833277,0.4398223060438399,0.421037644148,0.4391576065307711,0.4258950303210937
10966.817,-1.2433332184863473,0.25365349884454375,-0.648330318127893,0.35738608083812184,-0.25529858244840237,0.2141820094543656,-1.1571060419082642,0.36871039867401123,-0.6169536749469202,0.34342846274375916,-0.24360254406929016,0.21052630245685577,-0.0007467478607049438,0.14377989618381481,0.031376643180972774,0.4390336712167209,0.421052604914,0.4415111874646213,0.4270184046910521
10966.837,-1.23618180276127,0.24857717795918066,-0.6440812664665286,0.3575707862785738,-0.2538160442856984,0.21245258308290285,-1.1571060419082642,0.36871039867401123,-0.6169536749469202,0.34342846274375916,-0.24360254406929016,0.21052630245685577,-0.008902605071108127,0.14354689232702972,0.02712759151960842,0.43833951602403687,0.421052604914,0.44010381141911614,0.4209562957267817
10966.857,-1.2290124941138594,0.24353392631640924,-0.6398132527519279,0.35846543236271156,-0.25216258213306675,0.21340068572537826,-1.139813780784607,0.356702983379364,-0.606427017842428,0.3459745943546295,-0.23996521532535553,0.21052762866020203,0.003988763870651377,0.14404074319058707,0.03338623490949988,0.4381161460293756,0.421048372984,0.44350802503494485,0.4303597748493112
10966.877,-1.221816391092561,0.2385084084824755,-0.6355580720179632,0.3598051510570643,-0.2512758916912019,0.2127590366935905,-1.1311644315719604,0.3507038354873657,-0.6011641661273401,0.3459745943546295,-0.23996521532535553,0.21052762866020203,0.006349104231088837,0.14410163247235272,0.03439390589062308,0.43871387075745294,0.421048372984,0.4468493931666245,0.4318730581040327
10966.897,-1.214602712118908,0.2335111121292388,-0.6313265344261767,0.36068394867477666,-0.24986481765638108,0.21157687958470753,-1.1311644315719604,0.3507038354873657,-0.6011641661273401,0.3459745943546295,-0.23996521532535553,0.21052762866020203,-0.0018138760787930475,0.14384989024082145,0.03016236829883656,0.43863465608117314,0.421048372984,0.4492201856422358,0.42577423530403624
10966.917,-1.2073539141288672,0.22854408601677512,-0.6270769589600466,0.3624398995270952,-0.24835130564035096,0.21247877332119386,-1.1225090026855469,0.3447134494781494,-0.595900837575094,0.3484804630279541,-0.23631899058818817,0.21052631735801697,0.00053694084941798,0.14385302116872614,0.031176121384952515,0.43921197786595556,0.421052604914,0.45199880251697244,0.42719380842051985
10966.938,-1.2000683472786497,0.22359415750980272,-0.6228277156349118,0.36427834250291946,-0.24749642534321772,0.2124621662521007,-1.1225090026855469,0.3447134494781494,-0.595900837575094,0.3484804630279541,-0.23631899058818817,0.21052631735801697,-0.007656834198572257,0.1436200115258346,0.02692687805981775,0.44025174253882937,0.421052604914,0.45058458008858404,0.4210714270224887
10966.957,-1.1927533834527748,0.21867572056052137,-0.6185682508855386,0.3657481912857631,-0.24592184745869936,0.21297323746401228,-1.104967713356018,0.333072692155838,-0.5853741804706019,0.3509504199028015,-0.23262879252433777,0.21052762866020203,0.005184529696668855,0.144104516363439,0.033194070414936716,0.44058106138164554,0.421049118042,0.45359605817474746,0.43042420562328093
10966.978,-1.1854010441519598,0.21376927025899162,-0.6143057505616579,0.36761696503272695,-0.24532251507113276,0.2131250161893803,-1.0961939096450806,0.327256977558136,-0.580111328755514,0.3509504199028015,-0.23262879252433777,0.21052762866020203,0.00748440182882,0.1441574010733041,0.03419442180614396,0.4418087263185192,0.421049118042,0.4571392277238818,0.43187846870370045
10966.998,-1.1780232270974496,0.2088824514439555,-0.6100574549532481,0.36889085275101025,-0.2443409407686947,0.21241478043517145,-1.0961939096450806,0.327256977558136,-0.580111328755514,0.3509504199028015,-0.23262879252433777,0.21052762866020203,-0.0007499441915027882,0.14390275609308878,0.02994612619773418,0.4423349946732944,0.421049118042,0.45918980616773125,0.42573705561763003
10967.017,-1.1706024267726183,0.20402211354883798,-0.6057972404183602,0.3710400162334649,-0.24301689475057187,0.21301072673974525,-1.0874143838882446,0.3214500844478607,-0.5748480002032679,0.3533780574798584,-0.22893069684505463,0.21052631735801697,0.0015190406596981565,0.143900213147404,0.030949240215092377,0.4433909538783023,0.421052634716,0.4615652022838445,0.42710036238793847
10967.037,-1.1631194537024374,0.19916848444508412,-0.6015515381333457,0.3741486535008764,-0.24268145518239603,0.21228511424609275,-1.0874143838882446,0.3214500844478607,-0.5748480002032679,0.3533780574798584,-0.22893069684505463,0.21052631735801697,-0.006786195692207023,0.14365930127505816,0.026703537930077847,0.44580891444419385,0.421052634716,0.45972929473116897,0.42092154184322306
10967.058,-1.1555875544742868,0.19432735532522216,-0.5973263895655998,0.37659496139930787,-0.24205645598781408,0.21125742838268458,-1.0696319341659546,0.3101811707019806,-0.5643218199359339,0.3557687997817993,-0.2251892387866974,0.21052762866020203,0.00591163722368554,0.14413718377045442,0.033004569629665914,0.44752538314017354,0.421048253775,0.46245084684126186,0.4301813178126977
10967.077,-1.147987632591007,0.18948297718062174,-0.5931187637514542,0.3799960941902583,-0.24221890724676381,0.21038129072182074,-1.0607377290725708,0.30455145239830017,-0.5590584913836878,0.3557687997817993,-0.2251892387866974,0.21052762866020203,0.00803024573651158,0.1441832681218911,0.03406027236776643,0.4504815392769542,0.421048253775,0.46492220829824504,0.4315688867231796
10967.096,-1.1403548282525324,0.18463846358136288,-0.5889306632224329,0.38164021691539834,-0.2422256799576557,0.20940502644649409,-1.0607377290725708,0.30455145239830017,-0.5590584913836878,0.3557687997817993,-0.2251892387866974,0.21052762866020203,-0.00040390984913071803,0.14393694531174597,0.029872171838745132,0.4518968707879698,0.421048253775,0.46339141641432346,0.4254666614298911
10967.117,-1.1327190462937708,0.17979515216292302,-0.5847198743158178,0.38178909792974525,-0.2421655709167068,0.21053944532615845,-1.0518379211425781,0.29893067479133606,-0.5537951628314417,0.35811904072761536,-0.22144095599651337,0.21052631735801697,0.001685344006619488,0.14398676596565174,0.030924711484376144,0.4520283469278823,0.421052664518,0.4649452194376377,0.4269544895081442
10967.137,-1.1250570062609189,0.17495954632621552,-0.5805012271056914,0.3831020016342367,-0.24178029183009753,0.2109323605017176,-1.0518379211425781,0.29893067479133606,-0.5537951628314417,0.35811904072761536,-0.22144095599651337,0.21052631735801697,-0.006766203064648826,0.1438196565653325,0.026706064274249708,0.45294798204374986,0.421052664518,0.46241547095912217,0.4209818252178031
10967.158,-1.117397791809609,0.17013509887469525,-0.5762610802895091,0.382960722557136,-0.24122237257074838,0.21200734080448955,-1.0338226556777954,0.28803884983062744,-0.5432689825641077,0.3604210615158081,-0.21764515340328217,0.2105226069688797,0.005833350786775562,0.14440245803838683,0.03299209772540135,0.4525550902203004,0.421037703753,0.46450721929219224,0.4304176579358279
10967.178,-1.1097385464150347,0.16533255438916622,-0.5720088914447433,0.3829622697551859,-0.24012722429304925,0.21260944225298328,-1.02481210231781,0.28259772062301636,-0.5380061308490198,0.3604210615158081,-0.21764515340328217,0.2105226069688797,0.007929203134543122,0.14457090944067094,0.03400276059572349,0.45198671160653076,0.421037703753,0.4669531794155443,0.4320963907672521
10967.197,-1.1020363183380866,0.16056567446499453,-0.5677566676861397,0.38511140383899845,-0.23834399620338173,0.21261118792553757,-1.02481210231781,0.28259772062301636,-0.5380061308490198,0.3604210615158081,-0.21764515340328217,0.2105226069688797,-0.0005132953504841525,0.14441307543759005,0.029750536837119923,0.45285864013536786,0.421037703753,0.46532078499474444,0.42610767242725683
10967.218,-1.0942636590862311,0.15580356969037823,-0.5634857955164877,0.388632962584289,-0.2381052387256179,0.21354360847794135,-1.015796184539795,0.27716565132141113,-0.5327428022967737,0.36270108819007874,-0.21385324001312256,0.21052630245685577,0.0015123783497339588,0.14451163320383714,0.030742993219713965,0.45573032622466475,0.421052604914,0.4665520424176244,0.42751625280512284
10967.237,-1.0864070116061786,0.15104296469469236,-0.5592046610398987,0.3928323739940527,-0.23803024977909773,0.21405672382477534,-1.015796184539795,0.27716565132141113,-0.5327428022967737,0.36270108819007874,-0.21385324001312256,0.21052630245685577,-0.007054424424204626,0.1443712439406942,0.02646185874312501,0.45927303797821367,0.421052604914,0.463527552467881,0.42144237408987845
10967.257,-1.0784429586700435,0.14627486714647892,-0.5549239036455319,0.3982026468342801,-0.23840487742715122,0.21403786973313668,-0.9975551962852478,0.26665523648262024,-0.5222166220294397,0.36493241786956787,-0.21001452207565308,0.21052762866020203,0.005323944744398151,0.144934188642582,0.032707281616092154,0.4640590050534892,0.421048402786,0.46443074169037635,0.43053626826095115
10967.278,-1.0704130522384805,0.14150881147905198,-0.550638967893675,0.38237649672943586,-0.22695503177531537,0.2040445596060147,-0.9884318709373474,0.2614048719406128,-0.5169532934771937,0.36493241786956787,-0.21001452207565308,0.21052762866020203,0.007130134555655768,0.14506943366178052,0.03368567441648129,0.4446076703000071,0.421048402786,0.4676548194191674,0.43277445098239653
10967.297,-1.0623389303081048,0.13678408516517404,-0.5463571607217533,0.4249537858040404,-0.24866980599052832,0.22535827220363916,-0.9884318709373474,0.2614048719406128,-0.5169532934771937,0.36493241786956787,-0.21001452207565308,0.21052762866020203,-0.0016023528480968996,0.14487935113987854,0.029403867244559678,0.4922936571414245,0.421048402786,0.4622915949429372,0.425044336490105
10967.317,-1.0542274898869093,0.1321076671510633,-0.5420613951107728,0.4055720210509219,-0.2338209007004326,0.21478828054433918,-0.9793033003807068,0.25616371631622314,-0.5116899649249476,0.367122620344162,-0.20617057383060455,0.21052631735801697,0.0001826990715130261,0.14492585735016084,0.03037143018582522,0.46806096235346445,0.421052634716,0.45927857476016215,0.42718763427513834
10967.338,-1.0460819102375893,0.1274870707412567,-0.5377554343243023,0.407278982494149,-0.23102982050629964,0.2152980393384066,-0.9793033003807068,0.25616371631622314,-0.5116899649249476,0.367122620344162,-0.20617057383060455,0.21052631735801697,-0.008555889805935392,0.1447199315936542,0.026065469399354724,0.468131515731106,0.421052634716,0.45481327215414297,0.4211044735413838
10967.359,-1.037885114036797,0.12292259694809332,-0.5334465775476708,0.3725816454762643,-0.2074760814994668,0.19585712620300924,-0.9608451128005981,0.24603961408138275,-0.5011637846576136,0.3692722022533417,-0.20228545367717743,0.21052762866020203,0.003730528254638432,0.14518624196945645,0.0322827928900572,0.4263174293804879,0.421047925949,0.4594227121233595,0.43163559134193763
10967.377,-1.0296615604638557,0.11841615073479372,-0.5291457575890777,0.45686408738489215,-0.25035812296068394,0.23893444214367507,-0.9516133069992065,0.24098247289657593,-0.4959004561053675,0.3692722022533417,-0.20228545367717743,0.21052762866020203,0.0055032626404933754,0.14520243557687884,0.03324530148371019,0.520762523553431,0.421047925949,0.45273013590339056,0.42942153067616123
10967.402,-1.0214085798723644,0.11396153928606079,-0.5248719035709613,0.3301192236644545,-0.1781844579519104,0.17095416072714445,-0.9516133069992065,0.24098247289657593,-0.4959004561053675,0.3692722022533417,-0.20228545367717743,0.21052762866020203,-0.0032504624043114827,0.14489697093067067,0.02897144746559377,0.37496987630835155,0.421047925949,0.46328139286061804,0.42825840011716854
10967.417,-1.0131546560532745,0.10953807071993449,-0.5206147141361296,0.5502615879606836,-0.29489790441986347,0.28381262899979104,-0.9516133069992065,0.24098247289657593,-0.4959004561053675,0.3692722022533417,-0.20228545367717743,0.21052762866020203,-0.01199426493325191,0.14464130155553862,0.024714258030762104,0.6240455983274478,0.421047925949,0.4482476922106316,0.4145676030527399
10967.437,-1.0048979610129125,0.10513201670961941,-0.516337207471752,0.4128347520090873,-0.220302700510945,0.21387533321420854,-0.9330454468727112,0.23106303811073303,-0.4853742758380335,0.37344929575920105,-0.19446727633476257,0.21052762866020203,0.00031342580102164397,0.1449872673846322,0.03096293163371855,0.46777789743490716,0.4210485816,0.44528081780832746,0.42788254571986056
10967.457,-0.9966529615624738,0.10073345380615456,-0.5121126386246623,0.41224997251293455,-0.21992814516844209,0.2112284423498779,-0.9237092137336731,0.2262013554573059,-0.4801109472857874,0.37344929575920105,-0.19446727633476257,0.21052762866020203,0.0021041084404789107,0.14511566910477092,0.03200169133887487,0.467132104600618,0.4210485816,0.4426323810112655,0.4294460367825779
10967.478,-0.9884333942055156,0.09637875637117732,-0.5079300305184111,0.39140796936703176,-0.20736654451640313,0.19917181457731545,-0.9143730401992798,0.22133967280387878,-0.4748480955706995,0.37344929575920105,-0.19446727633476257,0.21052762866020203,0.003933270625932357,0.14520570255128668,0.03308193494771161,0.44285073906971795,0.4210485816,0.445568980623277,0.43187193087048525
10967.498,-0.9802477534987533,0.09209691203059239,-0.5037688280018804,0.43082319512871914,-0.22536022847065185,0.21901065878305911,-0.9143730401992798,0.22133967280387878,-0.4748480955706995,0.37344929575920105,-0.19446727633476257,0.21052762866020203,-0.0046982419230545205,0.14498653588323718,0.028920732431180873,0.486089846706709,0.4210485816,0.4403735656402744,0.42438988194428445
10967.516,-0.9721067555222569,0.08789591886185277,-0.499663302512768,0.4070498988159333,-0.21004965843239604,0.20527627445113728,-0.9050319194793701,0.21648739278316498,-0.4695847670184534,0.37547552585601807,-0.1905345469713211,0.21052631735801697,-0.0027375065339400664,0.1450079544487553,0.030078535494314607,0.4579266788051804,0.421052604914,0.43794735494607107,0.426832893629642
10967.537,-0.9639851895414783,0.08377858840237012,-0.4955164369195177,0.4060782990300673,-0.2058665229696388,0.20734327965799101,-0.9050319194793701,0.21648739278316498,-0.4695847670184534,0.37547552585601807,-0.1905345469713211,0.21052631735801697,-0.011238619933566153,0.1447784798690219,0.02593166990106427,0.4551231855373496,0.421052604914,0.43459570956906407,0.42094943892488007
10967.557,-0.9558861849513138,0.07972280481925609,-0.49136605284512447,0.4049502294993827,-0.20278917915127537,0.20751920371513133,-0.8861643671989441,0.2071494460105896,-0.45905858675111944,0.3774506747722626,-0.18655797839164734,0.2105226069688797,0.0013491600234102966,0.1452475835366315,0.03230746609400503,0.4527223907776416,0.421037882566,0.43605841120422273,0.4303329714430127
10967.577,-0.9478122486254851,0.0757240009013826,-0.4872535598903688,0.403696816319342,-0.19994019590749493,0.20562464775199743,-0.8767281174659729,0.20248550176620483,-0.45379525819887334,0.3774506747722626,-0.18655797839164734,0.2105226069688797,0.0034616660554239245,0.14529091049451712,0.03345830169149544,0.45032758660983846,0.421037882566,0.4380547799303059,0.43200255604290094
10967.598,-0.9397457485395122,0.07177642874476403,-0.4831517247741671,0.40332500428983986,-0.19737860782661973,0.20509175580560615,-0.8767281174659729,0.20248550176620483,-0.45379525819887334,0.3774506747722626,-0.18655797839164734,0.2105226069688797,-0.004919507724991071,0.14502372923073245,0.029356466575293783,0.44885511732318123,0.421037882566,0.4362092521475223,0.42605415222862697
10967.617,-0.9316713928987743,0.06787931622281868,-0.479036719282675,0.40371778202808195,-0.19485562609301452,0.20575027457011538,-0.8672871589660645,0.19783103466033936,-0.44853240648378545,0.3794032335281372,-0.18258832395076752,0.21052630245685577,-0.0027608338735816973,0.14500053965516488,0.030504312798889544,0.4480887787786432,0.421052634716,0.43474053125906614,0.4275592799351689
10967.637,-0.9235687086609178,0.06403034812965702,-0.4749170604011271,0.40513421188398374,-0.1924484046538819,0.20598294407289963,-0.8672871589660645,0.19783103466033936,-0.44853240648378545,0.3794032335281372,-0.18258832395076752,0.21052630245685577,-0.011129422008986034,0.14472861678977678,0.026384653917341627,0.44829813171974664,0.421052634716,0.43206877020441675,0.4215230195968663
10967.657,-0.9154187083404154,0.060229240531302075,-0.4707648383829257,0.40750001601622476,-0.19005537991359883,0.2076111009055367,-0.84822678565979,0.18889212608337402,-0.43800622621645147,0.381303995847702,-0.17857536673545837,0.21052762866020203,0.0015255205032716004,0.14514325812554574,0.032758612166474244,0.44937588332444295,0.4210485816,0.43388358900694884,0.430744912963482
10967.677,-0.9072718497654948,0.05648093390011799,-0.4667002609556501,0.4073429287741857,-0.18741533157215864,0.20322887137782839,-0.838694155216217,0.18442773818969727,-0.4327428976642054,0.381303995847702,-0.17857536673545837,0.21052762866020203,0.0036752216687179415,0.14511987342640473,0.03395736329144472,0.4481068024753401,0.4210485816,0.4361260891878654,0.43231547425908823
10967.697,-0.8992076389241208,0.052793457698857904,-0.4627781196277361,0.4032105420598981,-0.18437381005897988,0.19610706639142036,-0.838694155216217,0.18442773818969727,-0.4327428976642054,0.381303995847702,-0.17857536673545837,0.21052762866020203,-0.004617831013069236,0.1448038022551288,0.0300352219635307,0.44311018035372307,0.4210485816,0.4348847320892368,0.4265846532252848
10967.717,-0.8911990635658872,0.04915031520261037,-0.45881883226796877,0.40042876790294085,-0.18215712480840046,0.1979643679840441,-0.8291571140289307,0.17997296154499054,-0.4274795691119593,0.38316285610198975,-0.17456099390983582,0.21052631735801697,-0.002314626123587467,0.1447701999870061,0.03133926315600949,0.43969038431725677,0.421052634716,0.4371046808324057,0.42834822126539385
10967.737,-0.8832249159169756,0.04552938854522859,-0.45482903576062317,0.398707382436876,-0.18104633286513735,0.19948982536292556,-0.8291571140289307,0.17997296154499054,-0.4274795691119593,0.38316285610198975,-0.17456099390983582,0.21052631735801697,-0.010491175388907724,0.14452797916288174,0.02734946664866389,0.4377084896806972,0.421052634716,0.43556203641308716,0.4225602455572213
10967.757,-0.8752798560679129,0.041926616445912224,-0.45073349876440694,0.39725299248059304,-0.1801386049782697,0.20477684982496608,-0.8099128007888794,0.17143727838993073,-0.4169533888446253,0.38497862219810486,-0.17050878703594208,0.21052762866020203,0.002420506665087134,0.14505173084287665,0.03378010991978164,0.43605150833171197,0.421048432589,0.43897112061362287,0.432242773017978
10967.777,-0.867323916483711,0.038327595207619525,-0.44649845872451566,0.39779697920141355,-0.179951061910707,0.2117520019899419,-0.8002883195877075,0.1671745628118515,-0.4116900602923792,0.38497862219810486,-0.17050878703594208,0.21052762866020203,0.004826338331269837,0.14516204314600148,0.034808398432136456,0.43650345862160433,0.421048432589,0.44233607242766526,0.4338769061606406
10967.797,-0.8593713500119312,0.03475016829375799,-0.44225082291754725,0.3976283235803094,-0.17887134568917246,0.21238179034378457,-0.8002883195877075,0.1671745628118515,-0.4116900602923792,0.38497862219810486,-0.17050878703594208,0.21052762866020203,-0.003275615493538525,0.14496997996389427,0.030560762625168048,0.4359251961716353,0.421048432589,0.44198868971653404,0.427884572214203
10967.817,-0.8514024965684579,0.031205975574458367,-0.4379799492613832,0.3984426721649684,-0.17720963596111297,0.21354368280354258,-0.8002883195877075,0.1671745628118515,-0.4116900602923792,0.38497862219810486,-0.17050878703594208,0.21052762866020203,-0.011376245232642843,0.14481262668758837,0.02628988896900397,0.43599030995949406,0.421048432589,0.4404923684103052,0.42190518688151313
10967.837,-0.8433776958880479,0.02768954179664529,-0.433682964400679,0.4012400340482346,-0.17582168890280694,0.21484924305005965,-0.7809519171714783,0.15885202586650848,-0.4011638800250452,0.38848212361335754,-0.16236664354801178,0.21052762866020203,0.0015301372649458855,0.14525231067249036,0.03251908437563378,0.43797797059456633,0.421047836542,0.4434265984608935,0.43112222298927516
10967.858,-0.8352798025093338,0.024202684718304557,-0.4293949981644193,0.40489466892686893,-0.1743428539132311,0.21439831180830565,-0.7712398767471313,0.15479286015033722,-0.3959005514727991,0.38848212361335754,-0.16236664354801178,0.21052762866020203,0.003858833494276223,0.1453960639600017,0.03349444669162016,0.44071999288600255,0.421047836542,0.4464227328305944,0.43265966755231405
10967.879,-0.8271488504069663,0.02075100890915027,-0.4251192929157459,0.35351965660856854,-0.1500728612607413,0.18590022819472188,-0.7615278363227844,0.15073367953300476,-0.39063722292055303,0.38848212361335754,-0.16236664354801178,0.21052762866020203,0.006171374842945498,0.14547689261354774,0.03448206999519288,0.383947178208127,0.421047836542,0.4566558123929138,0.43640184106667856
10967.897,-0.8190088964547496,0.01734199955407756,-0.42083943765505605,0.4788208207235462,-0.20052996206516052,0.2517561918078718,-0.7615278363227844,0.15073367953300476,-0.39063722292055303,0.38848212361335754,-0.16236664354801178,0.21052762866020203,-0.002028448274847612,0.14523531925496427,0.03020221473450302,0.5189638082545451,0.421047836542,0.44958348097879847,0.4253848875458239
10967.918,-0.8108318039978322,0.013978478695126362,-0.4165678047432522,0.40885462287413293,-0.16817604295918442,0.21358164560495432,-0.7518117427825928,0.14668428897857666,-0.38537437120546514,0.3901710510253906,-0.15827779471874237,0.21052631735801697,0.0002768702024841946,0.14523815976432874,0.031193433537787085,0.44193872170543486,0.421052634716,0.45195411150960674,0.42943310009495805
10967.936,-0.8026137044852538,0.01065247981117634,-0.41228493760876794,0.4109049756199482,-0.16629994419387106,0.21414335671953974,-0.7518117427825928,0.14668428897857666,-0.38537437120546514,0.3901710510253906,-0.15827779471874237,0.21052631735801697,-0.0079633245478265,0.14498992337518024,0.026910566403302805,0.44311130251401976,0.421052634716,0.4502443158645478,0.423250592610189
10967.957,-0.7943444964662669,0.007358049210877238,-0.40800185553590285,0.4134604009403198,-0.16472153001135964,0.21415410363858028,-0.7322255969047546,0.1389663964509964,-0.37484819093813115,0.3918052315711975,-0.15414908528327942,0.2105226069688797,0.004800866177880579,0.14545262606756576,0.03315366459777169,0.4448792471821247,0.421038329601,0.45296511141861423,0.4324528067276011
10967.977,-0.7860362272988378,0.004083974536009505,-0.4037497719163359,0.4154134583623877,-0.16370373373981334,0.21260418097370784,-0.7224304676055908,0.1351126730442047,-0.36958486238588506,0.3918052315711975,-0.15414908528327942,0.2105226069688797,0.007014331962135009,0.1454819976699233,0.034164909530450815,0.44632602708850155,0.421038329601,0.4558565803592561,0.4338476976554666
10967.998,-0.7777147265555828,0.0008359594405286108,-0.39948736047728556,0.3962619401772415,-0.15466738550777148,0.20297197329950295,-0.7224304676055908,0.1351126730442047,-0.36958486238588506,0.3918052315711975,-0.15414908528327942,0.2105226069688797,-0.0012952023390575412,0.14520643083126286,0.029902498091400498,0.4252177541153845,0.421038329601,0.4598342599523892,0.42840072140246804
10968.017,-0.7693712952516158,-0.0023748580536459007,-0.3952101960886827,0.4391279633613017,-0.1689903944281666,0.22511391518686624,-0.7126314640045166,0.13126878440380096,-0.36432201067079717,0.39341646432876587,-0.15002936124801636,0.21052630245685577,0.0009129836331144905,0.14518676964561494,0.030888185417885516,0.47033974564271813,0.421052634716,0.45685645824699184,0.4281792968567919
10968.037,-0.7609857402042772,-0.005559662130216525,-0.3909397276724912,0.41927775235777914,-0.15924020382505533,0.2135234208049141,-0.7126314640045166,0.13126878440380096,-0.36432201067079717,0.39341646432876587,-0.15002936124801636,0.21052630245685577,-0.007433480728065864,0.14493068402509074,0.02661771700169402,0.44832348328483856,0.421052634716,0.45470498182188585,0.42280978071652786
10968.056,-0.7525710882559085,-0.008711071999147113,-0.38666898796566324,0.42073259740925467,-0.15757049344309,0.2135369853367366,-0.6928867697715759,0.12396474182605743,-0.353795353566305,0.39497309923171997,-0.14587058126926422,0.21052762866020203,0.005245075841998154,0.14538768388873682,0.032873634399358254,0.44909074058318244,0.421048671007,0.45707495245617275,0.43200697305219166
10968.078,-0.7441371007776263,-0.011823998311495054,-0.3824134999695066,0.4216993739432569,-0.1556463156281556,0.2127743998225403,-0.6826174855232239,0.12017211318016052,-0.3483217398272913,0.39497309923171997,-0.14587058126926422,0.21052762866020203,0.007820087493538727,0.1454183026360873,0.034091760142215266,0.44931973400612635,0.421048671007,0.45978582103890986,0.43371435117228935
10968.098,-0.7356704725978873,-0.014904761737429939,-0.3781304421873006,0.4031727704514682,-0.14670302027814064,0.20395513247978153,-0.6826174855232239,0.12017211318016052,-0.3483217398272913,0.39497309923171997,-0.14587058126926422,0.21052762866020203,-0.0005630342441473937,0.14512086193062215,0.029808702360009265,0.4288515760906186,0.421048671007,0.4634964964387941,0.4281846313887366
10968.117,-0.7271550398831668,-0.017958305862045276,-0.373793956799045,0.4481806691903263,-0.1607128486619957,0.2282360730632871,-0.6731345057487488,0.11668114364147186,-0.343269173298971,0.3964875638484955,-0.14171423017978668,0.21052631735801697,0.0011267461415439203,0.14506801823251902,0.030524783500073982,0.4759175064847213,0.421052634716,0.46002834463854086,0.42748522564713926
10968.138,-0.7185712981368861,-0.02099910107311831,-0.3694532930311087,0.4291870873046631,-0.15203976055033294,0.21703318839207725,-0.6731345057487488,0.11668114364147186,-0.343269173298971,0.3964875638484955,-0.14171423017978668,0.21052631735801697,-0.007346176293537336,0.14479774024844586,0.02618411973213769,0.45513006667195777,0.421052634716,0.457222289898598,0.42197871717954943
10968.157,-0.709925305475218,-0.024035541127910287,-0.3651151590951327,0.43229963307396885,-0.15182200273628493,0.21690669679406466,-0.653240442276001,0.10979437083005905,-0.3327425161944788,0.39795568585395813,-0.13752347230911255,0.21052762866020203,0.005163458374895652,0.1452479182233002,0.03237264290065389,0.45801267475757823,0.421048015356,0.45870182929427783,0.43094758333891076
10968.178,-0.7012302285526091,-0.02705879542488887,-0.3608256583986741,0.4347538461604988,-0.1511627148593778,0.2144750348377556,-0.6432915329933167,0.10635628551244736,-0.3274796644793909,0.39795568585395813,-0.13752347230911255,0.21052762866020203,0.007105997425953407,0.14527897668007816,0.03334599391928317,0.46012567275612004,0.421048015356,0.4602486869559988,0.4322198745421324
10968.198,-0.6925210235029072,-0.03006192702220345,-0.3565803458633687,0.41472404997315765,-0.14300626653442924,0.20215773977028448,-0.6432915329933167,0.10635628551244736,-0.3274796644793909,0.39795568585395813,-0.13752347230911255,0.21052762866020203,-0.0014869834216219915,0.14502158572876953,0.029100681383977756,0.43855569624095003,0.421048015356,0.46282151181743647,0.4268210990889758
10968.217,-0.6837935867018256,-0.03302982958643352,-0.35233325057607306,0.45933877899867,-0.15620539811545814,0.22353133090755606,-0.6333392262458801,0.10292819887399673,-0.3222163359271448,0.39938294887542725,-0.13333630561828613,0.21052631735801697,0.0004373792342334329,0.14501736686090774,0.03011691464892824,0.4850263513236624,0.421052634716,0.45841236424248244,0.42657427189887304
10968.238,-0.6750279093373627,-0.03596053759355966,-0.3480874546488131,0.438283868213577,-0.1465354003531083,0.21228979635836556,-0.6333392262458801,0.10292819887399673,-0.3222163359271448,0.39938294887542725,-0.13333630561828613,0.21052631735801697,-0.008186550298768393,0.14477916911511174,0.02587111872166825,0.4619818943123287,0.421052634716,0.45481658086288684,0.42128047154576026
10968.257,-0.6662231090659849,-0.038858072372928154,-0.34385418057891143,0.4192762034224742,-0.13797784664433946,0.20158447953044084,-0.613304615020752,0.09646175056695938,-0.31169015565981084,0.4007624685764313,-0.1291155070066452,0.21052762866020203,0.004202000841190587,0.1452383030795544,0.03216402491910059,0.44124759535378244,0.421047955751,0.4579578697246715,0.4311566481355817
10968.278,-0.6574000716461272,-0.04171531363964642,-0.33964649215639725,0.4643703905131349,-0.1503811192991187,0.22145728539276924,-0.603285551071167,0.0932338610291481,-0.30642682710756475,0.4007624685764313,-0.1291155070066452,0.21052762866020203,0.006064262767390055,0.1452683234498652,0.0332196650488325,0.4879421109636398,0.421047955751,0.45403258641612576,0.43084145792062223
10968.304,-0.6485651034696659,-0.0445312355272407,-0.3354428783542756,0.3272210435721133,-0.10429340324406378,0.1556894000783276,-0.5932632684707642,0.09001604467630386,-0.30116349855531865,0.4021013081073761,-0.12489929050207138,0.21052631735801697,0.007928296906496733,0.14525290245836509,0.034279379798956955,0.34331532572125534,0.421052604914,0.47176186321595276,0.4377291757809606
10968.318,-0.6397409089296893,-0.047304180218403546,-0.3312306252766146,0.6787841953395078,-0.21330343776814786,0.3240194674917098,-0.5932632684707642,0.09001604467630386,-0.30116349855531865,0.4021013081073761,-0.12489929050207138,0.21052631735801697,-0.0007062507842494209,0.14497074338497365,0.030067126721295967,0.711255194628271,0.421052604914,0.45419569938504806,0.4185847858913967
10968.337,-0.6308876616508395,-0.05002798989680346,-0.3269911768165122,0.442662363973084,-0.13619048392940936,0.21197242301977362,-0.5932632684707642,0.09001604467630386,-0.30116349855531865,0.4021013081073761,-0.12489929050207138,0.21052631735801697,-0.00935066527335364,0.14470829845115407,0.025827678261193532,0.46295074951104126,0.421052604914,0.4503397404909934,0.4208630073440648
10968.361,-0.6219723409319571,-0.05270533773657515,-0.3227631123026718,0.37147169660073226,-0.1115561599846702,0.17616935473416337,-0.5730973482131958,0.08397291600704193,-0.29063731828798467,0.4033828377723694,-0.12064757198095322,0.2105226069688797,0.0029984864431521,0.1451231168308956,0.032125794014687126,0.3876741664304406,0.421038657427,0.4600339346915809,0.4326373993167804
10968.377,-0.6130468098817525,-0.05533540698586514,-0.3185778767490272,0.5578456906509757,-0.16437932808451144,0.261577222108972,-0.5630127787590027,0.08095671981573105,-0.2853744665728968,0.4033828377723694,-0.12064757198095322,0.2105226069688797,0.004827491784336904,0.145105628497198,0.03320341017613043,0.5812621925711873,0.421038657427,0.44925309317751033,0.42684585136251996
10968.398,-0.604092781674898,-0.05791851694381012,-0.3143930878707607,0.44770141033295446,-0.12915549789442948,0.20923944390875823,-0.5630127787590027,0.08095671981573105,-0.2853744665728968,0.4033828377723694,-0.12064757198095322,0.2105226069688797,-0.00387925478568326,0.14477171480263795,0.029018621297863922,0.4656969473599274,0.421038657427,0.44589611406861945,0.4249442069482279
10968.417,-0.5951770726666546,-0.06046428934092696,-0.3102165417813809,0.4457854504429806,-0.12728861986464046,0.2088273044834237,-0.5529252290725708,0.07795065641403198,-0.2801111380206507,0.40464144945144653,-0.11640710383653641,0.21052630245685577,-0.002018160525318939,0.14470605558697672,0.03010540376073023,0.4633637331618364,0.421052634716,0.4430269367416479,0.42629586942539177
10968.437,-0.5863352251340923,-0.06296826182637272,-0.30605016154372566,0.4420923766184671,-0.1251986242695552,0.20831901187821553,-0.5529252290725708,0.07795065641403198,-0.2801111380206507,0.40464144945144653,-0.11640710383653641,0.21052630245685577,-0.010600654290134175,0.1444368217716584,0.025939023523074978,0.4592704993469911,0.421052634716,0.4393471358793349,0.4203708490265173
10968.458,-0.5775485498775234,-0.06543493651158738,-0.30187360749356945,0.439333762818858,-0.12333373425804113,0.2088277025032523,-0.5322303175926208,0.07222111523151398,-0.2693741957293909,0.4058419466018677,-0.11213194578886032,0.21052762866020203,0.0023425253431663823,0.1449049458574289,0.03249941176417853,0.4561358885161879,0.42104780674,0.44060848638787764,0.43000131879074344
10968.476,-0.5688314176036772,-0.06785500946257594,-0.29773672536304285,0.4358566136827954,-0.1210036475467868,0.20684410652181492,-0.5224900841712952,0.0695299506187439,-0.2643216292010706,0.4058419466018677,-0.11213194578886032,0.21052762866020203,0.0039995726263989465,0.14493498494029386,0.033415096161972246,0.45217747901393773,0.42104780674,0.4424924991837652,0.4313913875685119
10968.497,-0.5601804675792216,-0.07022982611368445,-0.29362433078863787,0.4325475012526781,-0.11874083256363267,0.20561972873446213,-0.5224900841712952,0.0695299506187439,-0.2643216292010706,0.4058419466018677,-0.11213194578886032,0.21052762866020203,-0.004372460109564338,0.14468670217516527,0.02930270158756726,0.4484013541194617,0.42104780674,0.4407624310156698,0.4255515291249281
10968.517,-0.5515791192237063,-0.07256299497494145,-0.28945771544124266,0.4300674177663772,-0.11665844306030393,0.208330767365213,-0.5123412609100342,0.06673683971166611,-0.2590587774859827,0.4070023000240326,-0.10786314308643341,0.21052631735801697,-0.0021551895423096365,0.14470455634428625,0.03039893795525994,0.4454742139779935,0.421052634716,0.43963272079656535,0.4271608361014398
10968.537,-0.5430032071542478,-0.07485311819267682,-0.28525879323611064,0.428795603463566,-0.1145061608842687,0.20994611025201815,-0.5123412609100342,0.06673683971166611,-0.2590587774859827,0.4070023000240326,-0.10786314308643341,0.21052631735801697,-0.010421372777102464,0.14449659551794747,0.026200015750127925,0.4436901811485493,0.421052634716,0.437511032691595,0.42122845742047854
10968.557,-0.5344506870853037,-0.07710983793840387,-0.28102510780695844,0.4276260034378671,-0.11283598728388972,0.21168427145298943,-0.49193844199180603,0.06154778599739075,-0.24853212038149053,0.4081132113933563,-0.10356353223323822,0.21052762866020203,0.0023891584940329905,0.14500868794696495,0.03249298742546791,0.44214494664515985,0.421048462391,0.44015301610864377,0.4306945363958859
10968.576,-0.5259024291272464,-0.07932724509160538,-0.2767930490819626,0.42741289793241144,-0.11087035766773912,0.21160293626441753,-0.48173558712005615,0.05895869806408882,-0.24326879182924444,0.4081132113933563,-0.10356353223323822,0.21052762866020203,0.004696008149138113,0.14509190023847376,0.03352425725271818,0.4414419593640527,0.421048462391,0.4431904837186342,0.4323037400898048
10968.597,-0.5173447863363013,-0.08150250474653786,-0.2725849774354818,0.42788213953791343,-0.10876298274425004,0.210403582319447,-0.48173558712005615,0.05895869806408882,-0.24326879182924444,0.4081132113933563,-0.10356353223323822,0.21052762866020203,-0.0035207846532790132,0.14486189505613778,0.029316185606237388,0.4413653266863547,0.421048462391,0.44227316752088053,0.4262655929728038
10968.618,-0.5087624458670494,-0.08364535058737854,-0.2683779638641339,0.42911702345322733,-0.10714229203969527,0.210350678562806,-0.4715302288532257,0.056379854679107666,-0.23800594011415654,0.40918272733688354,-0.09927137196063995,0.21052631735801697,-0.0012307893642159243,0.1448854073094561,0.030372023749977328,0.4421662983432191,0.421052634716,0.44440262206479697,0.42773862980663063
10968.636,-0.5001508310278485,-0.08575701347775366,-0.2641896482823016,0.4305807419506474,-0.1055831445164514,0.20941577908704126,-0.4715302288532257,0.056379854679107666,-0.23800594011415654,0.40918272733688354,-0.09927137196063995,0.21052631735801697,-0.009488196868706337,0.14467896280544618,0.02618370816814508,0.44321211671938315,0.421052634716,0.44246294445968515,0.4217208981378423
10968.657,-0.49150979116235605,-0.08783585122423865,-0.26000028622501226,0.43205199326519284,-0.10394188732198043,0.20946810285989625,-0.451023131608963,0.051621560007333755,-0.22747975984682256,0.41019290685653687,-0.09494709223508835,0.2105226069688797,0.0032740722419388954,0.14517857831015846,0.032520526378189696,0.44425215104116356,0.421038210392,0.44502560520125317,0.4311030309447466
10968.677,-0.48285546806172397,-0.08988824687490604,-0.25582654464241344,0.4327161550615139,-0.10261978254046292,0.20868707914436535,-0.44035810232162476,0.04915293678641319,-0.2220061461078089,0.41019290685653687,-0.09494709223508835,0.2105226069688797,0.005930570892430716,0.14526976690859772,0.03382039853460456,0.44460061695490216,0.421038210392,0.4479301953990626,0.43300963610376497
10968.697,-0.474205908174278,-0.09190863135070593,-0.25165999923606985,0.4324779943628589,-0.10101922378778924,0.20832727031263223,-0.44035810232162476,0.04915293678641319,-0.2220061461078089,0.41019290685653687,-0.09494709223508835,0.2105226069688797,-0.0023444114397624533,0.14504669489975675,0.029653853128260965,0.4440101091574147,0.421038210392,0.4468716509071606,0.4270425017335324
10968.719,-0.4655448947159284,-0.09391114355294361,-0.24746265820366098,0.39368242990987745,-0.09102328191640265,0.1907882287385385,-0.43051111698150635,0.04688449203968048,-0.21695357957948858,0.41118180751800537,-0.09063579887151718,0.21052630245685577,-0.0005205996833260312,0.14508792355067185,0.030509078624172403,0.40398537271590224,0.421052634716,0.45314871124165973,0.4296837418646094
10968.736,-0.456884548256301,-0.095904242557178,-0.24326685470383652,0.4811303588674128,-0.11072772245728701,0.23310019443431518,-0.43051111698150635,0.04688449203968048,-0.21695357957948858,0.41118180751800537,-0.09063579887151718,0.21052630245685577,-0.008797276750108909,0.1449371882118609,0.026313275124347946,0.49363557113981715,0.421052634716,0.4470369710880227,0.4208833232393766
10968.757,-0.44819465526556723,-0.0978809209513627,-0.23903314463577252,0.43449464956672046,-0.09883391971606628,0.21168550341783207,-0.4099079370498657,0.04255884513258934,-0.2064269224749964,0.4121105968952179,-0.08629319071769714,0.21052762866020203,0.003947132560126819,0.14551158316091706,0.03260622216077613,0.4455410651524753,0.421048283577,0.44957539066629454,0.43184178989476296
10968.778,-0.43947646245195215,-0.09984348784698815,-0.2347902267372799,0.41515203873091727,-0.09345556645550587,0.20204370944586958,-0.4099079370498657,0.04255884513258934,-0.2064269224749964,0.4121105968952179,-0.08629319071769714,0.21052762866020203,-0.0043710738558915,0.14537405492668434,0.028363304262283506,0.42550298738922376,0.421048283577,0.45307406472083084,0.42657781505804887
10968.797,-0.43072788178209354,-0.10176830172799978,-0.23053808978795742,0.46045161419744274,-0.10130599373621237,0.22379668154054552,-0.3979567289352417,0.040056344121694565,-0.20032197633852178,0.4121105968952179,-0.08629319071769714,0.21052762866020203,-0.000502986094988174,0.14556072833800743,0.030216113449435644,0.47141827612999937,0.421048283577,0.4496451418277478,0.42787907671208747
10968.818,-0.4219510873436676,-0.10365403703071918,-0.22629144549213487,0.438839721911718,-0.09428676513391215,0.21233221478649297,-0.3979567289352417,0.040056344121694565,-0.20032197633852178,0.4121105968952179,-0.08629319071769714,0.21052762866020203,-0.00886096342089029,0.14543000451646035,0.02596946915361309,0.44880623199402464,0.421048283577,0.44737800477423545,0.42275344258283
10968.842,-0.4131787695786645,-0.10550857973089278,-0.22208069116191392,0.35089271060522975,-0.0741817080080235,0.16843017321128878,-0.37895649671554565,0.036303527653217316,-0.1906374136554163,0.4138358533382416,-0.07759855687618256,0.21052762866020203,0.002146326389965994,0.14586716917685033,0.03144327750649761,0.3586144708677242,0.421048283577,0.46145175048326686,0.43410396126306383
10968.857,-0.4044174915944122,-0.10732538130871361,-0.21790427663130152,0.584085198972819,-0.12112010519275512,0.27842763538496473,-0.3686106204986572,0.03436356037855148,-0.18537456194032842,0.4138358533382416,-0.07759855687618256,0.21052762866020203,0.0043292608014718625,0.14607924464152344,0.0325297146909731,0.5964573555149661,0.421048283577,0.45093769323594224,0.4272983997740799
10968.877,-0.39564711489451043,-0.10910403247239264,-0.2137332782739334,0.43851883498551664,-0.08893255818201053,0.20854991786385363,-0.3582647144794464,0.03242359682917595,-0.18011123338808233,0.4138358533382416,-0.07759855687618256,0.21052762866020203,0.006512413095474054,0.1462364598593261,0.03362204488585108,0.4474041752163408,0.421048283577,0.45367011524919504,0.434483340940685
10968.897,-0.3868572963314787,-0.11084488479386712,-0.20954252766902248,0.4394909281419937,-0.0870426160718237,0.20953753024097224,-0.3582647144794464,0.03242359682917595,-0.18011123338808233,0.4138358533382416,-0.07759855687618256,0.21052762866020203,-0.0018344759470029677,0.14608226539021518,0.029431294280940157,0.4479835297193356,0.421048283577,0.4523010028655787,0.4285688928881418
10968.917,-0.3780337362237203,-0.11253116479120906,-0.20534224017503638,0.441178005418416,-0.08431399987292512,0.21001437471382148,-0.3479169011116028,0.03049401380121708,-0.17484790483583623,0.41463252902030945,-0.07324759662151337,0.21052631735801697,0.0003209665891353748,0.14616128916034685,0.03049433533920015,0.44910122258684565,0.421052664518,0.4539102467164477,0.43009940033852523
10968.937,-0.36916953506229544,-0.11416780249341152,-0.20112706864433563,0.4432100580615674,-0.08183188510833675,0.21075857653043714,-0.3479169011116028,0.03049401380121708,-0.17484790483583623,0.41463252902030945,-0.07324759662151337,0.21052631735801697,-0.008075417487372172,0.14599144898214983,0.0262791638084994,0.4506237152716449,0.421052664518,0.4514692526364471,0.4241056436896713
10968.958,-0.3603198911092067,-0.11577786931070455,-0.19691350566565924,0.4424821976447784,-0.08050334086289439,0.21067814892922104,-0.3271580934524536,0.027040725573897362,-0.16432553926576787,0.4152052402496338,-0.06884277611970901,0.21044039726257324,0.0045794309947854404,0.14654652735702567,0.032587966399891366,0.4496812224580644,0.420873761177,0.45369369744073523,0.4335046196029252
10968.977,-0.35150339149468046,-0.11736711689161461,-0.19268234407063986,0.4408249807166898,-0.0794623790437684,0.21155807974635105,-0.31677794456481934,0.02531965635716915,-0.1590645948993128,0.4152052402496338,-0.06884277611970901,0.21044039726257324,0.006759405582201082,0.14669588392590893,0.033617749171327066,0.44788355842215877,0.420873761177,0.4564043221640657,0.4352345788227143
10968.997,-0.34273572772748906,-0.11896015267854121,-0.18841333774060653,0.4383831883898719,-0.07965178935183566,0.21345031651642032,-0.31677794456481934,0.02531965635716915,-0.1590645948993128,0.4152052402496338,-0.06884277611970901,0.21044039726257324,-0.0015252881225616167,0.14658834639303495,0.02934874284129374,0.44554379336384575,0.420873761177,0.45537457772029216,0.4294383325288754
10969.017,-0.3339726215693414,-0.12054153164436343,-0.1841204635547658,0.4381553078978201,-0.0790689482893852,0.21464370928735146,-0.3063981235027313,0.023609299212694168,-0.15380460420717412,0.4150668978691101,-0.064349465072155,0.2100127637386322,0.0007170115376567143,0.14676273666997483,0.030315859347591678,0.4452255530680807,0.420025467873,0.45769194317260636,0.4308138750882247
10969.038,-0.32516088563261125,-0.12207597907703516,-0.17983130024167532,0.4196064731648313,-0.07306892536309244,0.20424587204570036,-0.3063981235027313,0.023609299212694168,-0.15380460420717412,0.4150668978691101,-0.064349465072155,0.2100127637386322,-0.007597601263440595,0.1466919152787232,0.026026696034501196,0.42590922005601933,0.420025467873,0.45794557678243053,0.42559714818302474
10969.057,-0.3163002127676611,-0.12356158619821134,-0.17553375626736697,0.46635120341271286,-0.07818984848199868,0.22618652496082528,-0.285754919052124,0.020618250593543053,-0.14337522188295537,0.41274556517601013,-0.05957939475774765,0.20851504802703857,0.004897257685328952,0.1472985307891048,0.0321585343844116,0.47283958625950967,0.417023509741,0.45490819182319137,0.4322688837021561
10969.078,-0.30738906303038704,-0.12499944237703786,-0.17124922736863712,0.44555748689450175,-0.07189280894629556,0.2142264449513002,-0.27543628215789795,0.019128765910863876,-0.1381624380694788,0.41274556517601013,-0.05957939475774765,0.20851504802703857,0.006924013157911014,0.14746517782702181,0.033086789299158315,0.4512916625144503,0.417023509741,0.4569173936377516,0.4346165298146708
10969.097,-0.29848121452728144,-0.12640860487718786,-0.1669421622421357,0.4241832620397148,-0.06710297619557293,0.20509833935095706,-0.27543628215789795,0.019128765910863876,-0.1381624380694788,0.41274556517601013,-0.05957939475774765,0.20851504802703857,-0.0014590753973538588,0.1473433619230712,0.028779724172656895,0.4294364044344455,0.417023509741,0.46003845326561504,0.42941904658002805
10969.118,-0.2896126571015431,-0.12781240773053926,-0.1626123443076673,0.46676618029629763,-0.07388436070179982,0.22788515444291296,-0.27543628215789795,0.019128765910863876,-0.1381624380694788,0.41274556517601013,-0.05957939475774765,0.20851504802703857,-0.009799925688831297,0.14729779215639716,0.02444990623818849,0.47257010030710467,0.417023509741,0.45506411090581006,0.4222662350053252
10969.137,-0.28071439907708445,-0.1291851672858192,-0.15834161250829037,0.44491290121322097,-0.0686379777624985,0.21353658996418523,-0.2550262212753296,0.016393909230828285,-0.12786561647524053,0.403398334980011,-0.049774959683418274,0.20323196053504944,0.0024117994575232338,0.14780843420316434,0.030475996033049846,0.45016999184952033,0.406457573175,0.4526415544572765,0.4282554027630149
10969.157,-0.271738768077483,-0.13048272944490114,-0.15410593766029668,0.4487815499702775,-0.06487810795268106,0.2117837423950621,-0.24494126439094543,0.015149535611271858,-0.12278443971742803,0.403398334980011,-0.049774959683418274,0.20323196053504944,0.004125859595311532,0.14801972879255385,0.03132149794286865,0.4534216872840592,0.406457573175,0.45296226159520775,0.42962764612635135
10969.178,-0.26266424156010515,-0.13168901506052877,-0.14991236382421866,0.453726325900254,-0.0603142807855507,0.20967869181839424,-0.23485630750656128,0.013905161991715431,-0.11770373979677373,0.403398334980011,-0.049774959683418274,0.20323196053504944,0.005751339210933772,0.1481143736614622,0.032208624027444926,0.4576454357975605,0.406457573175,0.45307827491057046,0.4307818972639179
10969.198,-0.25347403408124963,-0.13280088677185287,-0.14576225027368994,0.43762892755120525,-0.05294627196619984,0.19762445478105622,-0.23485630750656128,0.013905161991715431,-0.11770373979677373,0.403398334980011,-0.049774959683418274,0.20323196053504944,-0.0028882659730166196,0.14785446359950533,0.02805851047691621,0.4406783504501957,0.406457573175,0.4507336547569078,0.425345186579091
10969.217,-0.24424419755422244,-0.13384263020905485,-0.14154432981352247,0.4857808698375835,-0.054828601957327104,0.22199581369030452,-0.22478808462619781,0.01267256960272789,-0.1126320997821253,0.3963586390018463,-0.04483432322740555,0.19944316148757935,-0.0014076783719717753,0.14779466346169523,0.028912230031397174,0.48865751806003593,0.398886322975,0.44597616328793366,0.42219742469788385
10969.237,-0.23501965126255125,-0.13484104245274586,-0.13729894007553667,0.46122731457349175,-0.04992061218346113,0.21226948689465658,-0.22478808462619781,0.01267256960272789,-0.1126320997821253,0.3963586390018463,-0.04483432322740555,0.19944316148757935,-0.010054609121283798,0.1475257792147025,0.024666840293411374,0.4637193748716171,0.398886322975,0.4426182882556393,0.417390136049233
10969.257,-0.2257686095065961,-0.13580496671218378,-0.13308874032398504,0.4625520878297297,-0.04819621297522742,0.210509987592132,-0.20541448891162872,0.010662500746548176,-0.10289317766298467,0.3869968056678772,-0.039954330772161484,0.1945296674966812,0.000738448331368026,0.14787313462232105,0.030195562661000375,0.4648570820437879,0.389053821564,0.4366890847892627,0.42129053646784415
10969.277,-0.21655642188693697,-0.13675601540142956,-0.12890525244602863,0.4606093809729029,-0.047552434461251104,0.20917439389325496,-0.19573956727981567,0.009663642384111881,-0.098029915486471,0.3869968056678772,-0.039954330772161484,0.1945296674966812,0.0018221062035539554,0.1478808221195435,0.03087533695955763,0.46290060125379284,0.389053821564,0.43110445880236675,0.4222069059880278
10969.297,-0.2073991957804585,-0.13767307940787699,-0.12478340642706771,0.45786130531392866,-0.04585320032137018,0.20609230094354716,-0.19573956727981567,0.009663642384111881,-0.098029915486471,0.3869968056678772,-0.039954330772161484,0.1945296674966812,-0.006768532097765213,0.14764228221761017,0.026753490940596716,0.4600081537327102,0.389053821564,0.42459269019427975,0.41646859477954845
10969.317,-0.19830646388253048,-0.13854969354215851,-0.12070525661519638,0.4546365948864778,-0.04383070671311968,0.203907490589116,-0.18608978390693665,0.00867617130279541,-0.09317952791322881,0.3764376938343048,-0.035179972648620605,0.18903900682926178,-0.005600023242961579,0.14762568302517354,0.027525728701967567,0.4566064002876151,0.378077983856,0.4214559020976332,0.4141173578340022
10969.337,-0.18938355758766884,-0.13939292135104286,-0.11660296404782515,0.44614531477392044,-0.04216139044713178,0.2051146283827392,-0.18608978390693665,0.00867617130279541,-0.09317952791322881,0.3764376938343048,-0.035179972648620605,0.18903900682926178,-0.013954790241987484,0.14744683439698852,0.02342343613459634,0.4480208082028854,0.378077983856,0.4179795280781195,0.409271088142961
10969.358,-0.18061241165645198,-0.1401696506346123,-0.11249050460550936,0.4385572965512703,-0.03883646417762337,0.2056229721113014,-0.1678803265094757,0.007133678533136845,-0.08404237428774053,0.3635345995426178,-0.030618999153375626,0.18241316080093384,-0.003883687579729036,0.1478015349949897,0.028448130317768827,0.44014496995344343,0.364821761847,0.4112731998539339,0.41123878449878604
10969.377,-0.1719667343828888,-0.14088744822539223,-0.10841553414966931,0.4322838636687237,-0.03588987953821385,0.2037485227875548,-0.15879195928573608,0.006368204019963741,-0.07948190370668584,0.3635345995426178,-0.030618999153375626,0.18241316080093384,-0.0028361204894474835,0.14781663721528474,0.02893363044298347,0.43362923687730326,0.364821761847,0.40535365717009314,0.41213317206838146
10969.397,-0.16344038808876632,-0.14155249750344245,-0.10436137264606671,0.4263173146968177,-0.0332524639017853,0.20270807517570555,-0.15879195928573608,0.006368204019963741,-0.07948190370668584,0.3635345995426178,-0.030618999153375626,0.18241316080093384,-0.010786062780927017,0.1476001445771628,0.024879468939380867,0.4274618238690392,0.364821761847,0.3989192251053212,0.4066785191001038
10969.418,-0.15498237697856393,-0.1421611264773115,-0.10036160954563558,0.402762433841768,-0.02898233209062869,0.19046490955502987,-0.15879195928573608,0.006368204019963741,-0.07948190370668584,0.3635345995426178,-0.030618999153375626,0.18241316080093384,-0.01867204335160714,0.14740023654119297,0.02087970583894974,0.40363956605238255,0.364821761847,0.3934519650234307,0.4017347851589982
10969.437,-0.14660979841449606,-0.1427276936270282,-0.09640914997965241,0.4406620296823825,-0.029819323668934656,0.2080241876807755,-0.14136940240859985,0.005047961138188839,-0.07074529329408819,0.3330423831939697,-0.022199861705303192,0.16689249873161316,-0.009008804465396095,0.14759385940374176,0.02566385668556423,0.44148610362868596,0.333781450987,0.3831652248373814,0.39672453278327474
10969.457,-0.13835528831773303,-0.14326501041922335,-0.09244339549277454,0.41272550482914283,-0.026865839609171212,0.19828772433956546,-0.1330433487892151,0.004492964595556259,-0.06657296815981084,0.3330423831939697,-0.022199861705303192,0.16689249873161316,-0.008350544055962333,0.14761742544832673,0.0258704273329637,0.4134432630093468,0.333781450987,0.37518158399801643,0.39796115647881836
10969.478,-0.13025144316292186,-0.14377796887334848,-0.08852317739619857,0.40519225773171363,-0.02564792270569687,0.19601090482452013,-0.12471728771924973,0.003937968052923679,-0.0624006430255335,0.3330423831939697,-0.022199861705303192,0.16689249873161316,-0.00754672658043524,0.14762679911317353,0.02612253437066507,0.40587315090145876,0.333781450987,0.368053664952591,0.39859499635260537
10969.497,-0.12233789042574494,-0.14426692650928474,-0.08458197394778885,0.3956776368861959,-0.024447881798502887,0.19706017243410692,-0.12471728771924973,0.003937968052923679,-0.0624006430255335,0.3330423831939697,-0.022199861705303192,0.16689249873161316,-0.014891412327216972,0.1474740592191605,0.022181330922255355,0.3963285051353385,0.333781450987,0.36082898193121654,0.3935415654000176
10969.517,-0.11460415528255052,-0.14472544714390445,-0.08060254591541294,0.3866867571512805,-0.02292603173048497,0.19897140161445262,-0.11643312871456146,0.003392044687643647,-0.05824929872621709,0.31544798612594604,-0.018396815285086632,0.15799200534820557,-0.013748759464415988,0.14748934925435583,0.022353247189195846,0.3872772257988665,0.315983980894,0.3592531210581643,0.3896508213004858
10969.538,-0.10703612115060124,-0.1451366212116666,-0.07665005312047365,0.3603825777008828,-0.019579717511886037,0.18821394261041774,-0.11643312871456146,0.003392044687643647,-0.05824929872621709,0.31544798612594604,-0.018396815285086632,0.15799200534820557,-0.020743001702890864,0.14737298336309784,0.018400754394256563,0.36082374778405535,0.315983980894,0.3593596531352034,0.3858430988495708
10969.563,-0.09960817901148505,-0.14549053502119325,-0.07268622636298674,0.2856900822754582,-0.013612069597262704,0.15245487528889667,-0.10160702466964722,0.0026320687029510736,-0.05082685152162725,0.29551082849502563,-0.015029140748083591,0.14794757962226868,-0.012750562956730466,0.14758632816853837,0.021859374841359497,0.28592426204647636,0.295892745256,0.3592570774677668,0.3840795448962553
10969.577,-0.09226888861702143,-0.14579667232087012,-0.06875372964231233,0.5645607996170983,-0.02354902305386008,0.3024997477672115,-0.09421925991773605,0.0022563401143997908,-0.04712802568544561,0.29551082849502563,-0.015029140748083591,0.14794757962226868,-0.012116942386894673,0.1475692317068891,0.02162570395686672,0.5648447723305862,0.295892745256,0.34147114074729085,0.37593723057060946
10969.597,-0.08499666310655896,-0.14606679302120984,-0.06488997330418406,0.3636112755151867,-0.013506035016690966,0.1931878169021967,-0.09421925991773605,0.0022563401143997908,-0.04712802568544561,0.29551082849502563,-0.015029140748083591,0.14794757962226868,-0.018821117904118813,0.14741293578225953,0.01776194761873845,0.3637218048600545,0.295892745256,0.332907288438036,0.37644269066076413
10969.617,-0.07783158494790515,-0.14632614869149851,-0.06107603125321574,0.3582539079248703,-0.01296778351415067,0.19069710254425318,-0.08688166737556458,0.0018879970302805305,-0.04345447221864873,0.27443891763687134,-0.011934165842831135,0.13734912872314453,-0.01807991288431158,0.14738539186120136,0.01762155903456701,0.35837745006535154,0.274698287249,0.33053799546462365,0.3716835015638861
10969.638,-0.07079835222318548,-0.14658382090665611,-0.05728385397436955,0.35166163622830765,-0.012883610757598805,0.18960886393817075,-0.08688166737556458,0.0018879970302805305,-0.04345447221864873,0.27443891763687134,-0.011934165842831135,0.13734912872314453,-0.024557321390572186,0.14730747338105338,0.013829381755720821,0.35182243503476635,0.274698287249,0.32789927991651785,0.3677514326521835
10969.657,-0.06392218422045154,-0.1468289555389446,-0.05353513400881833,0.3438084001291924,-0.012256731614156439,0.18743599827346966,-0.07427164912223816,0.001415126258507371,-0.03714496294130498,0.25101232528686523,-0.009325488470494747,0.12559349834918976,-0.018267114029797138,0.1474779026049168,0.01639017106751335,0.34397169091634083,0.251185506582,0.31664820905464786,0.3605897913808678
10969.677,-0.057221108505341234,-0.1470450485313134,-0.04980867986229449,0.33505378577867473,-0.0108046496191868,0.18632270733907122,-0.06799633800983429,0.0011819889768958092,-0.034004990254537404,0.25101232528686523,-0.009325488470494747,0.12559349834918976,-0.01814180679605774,0.14750672888213973,0.015803689607757083,0.3351761962985804,0.251185506582,0.30627778907014935,0.36024300646275065
10969.697,-0.05063526341590624,-0.1472159839549232,-0.04612317849130912,0.32929225446456195,-0.008546771180303296,0.18427506854524608,-0.06799633800983429,0.0011819889768958092,-0.034004990254537404,0.25101232528686523,-0.009325488470494747,0.12559349834918976,-0.024184770996360714,0.14743968981648872,0.012118188236771715,0.3293361215104511,0.251185506582,0.295101625977992,0.3556128471164118
10969.717,-0.04418245881291982,-0.14736118833220735,-0.04248273227277173,0.32264023014227833,-0.007260218864049438,0.18202231092289625,-0.0617794468998909,0.000954402843490243,-0.03089458147157842,0.22647853195667267,-0.006999962497502565,0.1132933497428894,-0.023880067551624536,0.1474344293211715,0.011588150801193312,0.322657467367173,0.226586684585,0.2917960862085427,0.3505540351083799
10969.737,-0.03790765976465221,-0.14748163018733507,-0.03887019547831682,0.3137399524065322,-0.006022092756254428,0.18062683971880286,-0.0617794468998909,0.000954402843490243,-0.03089458147157842,0.22647853195667267,-0.006999962497502565,0.1132933497428894,-0.029622040379662554,0.14739624434395895,0.0079756140067384,0.31373698962179375,0.226586684585,0.2883852810189927,0.3470062676181008
10969.758,-0.03180316546261169,-0.14757577875379113,-0.03531187786072954,0.3052247151231236,-0.004707428323128627,0.17791588089166174,-0.05169706046581268,0.0006908950745128095,-0.02585155168642217,0.2003220021724701,-0.00517808785662055,0.10019483417272568,-0.025115979837609367,0.14747189963957152,0.009460326174307372,0.3052006317551662,0.200388908386,0.2739480496972916,0.33610727388674116
10969.777,-0.02589598995299458,-0.14764980197341238,-0.031819770758855045,0.2953587754744086,-0.003701160980981424,0.17460535508991354,-0.04668901115655899,0.0005614428664557636,-0.023346726094381154,0.2003220021724701,-0.00517808785662055,0.10019483417272568,-0.025497747691098784,0.14747470186590067,0.008473044664473892,0.29532701325459904,0.200388908386,0.2617551101277358,0.3351681445085143
10969.797,-0.020157968613457866,-0.147688316951474,-0.028394729309687585,0.28690106697057327,-0.0019257489030390243,0.17125207245463495,-0.04668901115655899,0.0005614428664557636,-0.023346726094381154,0.2003220021724701,-0.00517808785662055,0.10019483417272568,-0.03072929395629349,0.1474367593154618,0.005048003215306431,0.28684008999177857,0.200388908386,0.24902089403118569,0.33095081321476844
10969.818,-0.014571988964137667,-0.1477308369202226,-0.025016887621321107,0.27929898245991347,-0.002125998437383593,0.16889208441463735,-0.04174260050058365,0.0004356585559435189,-0.02087289491762334,0.17486420273780823,-0.003650930244475603,0.08745115250349045,-0.03086838763467089,0.1474404800514055,0.004143992703697766,0.27926476844524706,0.174902305007,0.2442801957271865,0.3267916726687313
10969.838,-0.00918315597831873,-0.14777493754174698,-0.0217387770982318,0.26944164930957104,-0.0022050310763713594,0.16390552616579485,-0.04174260050058365,0.0004356585559435189,-0.02087289491762334,0.17486420273780823,-0.003650930244475603,0.08745115250349045,-0.035773414796990595,0.1474678304478426,0.0008658821806084571,0.2694259171035791,0.174902305007,0.24025805051254523,0.32370641297194613
10969.858,-0.0039948003416516165,-0.14780212528066405,-0.018462946397602938,0.25941778182769315,-0.0013593869458242407,0.16379153502786784,-0.034105245023965836,0.00030376046197488904,-0.01705342928041631,0.15154346823692322,-0.0025835991837084293,0.07578291743993759,-0.032839628475730215,0.1475247473210998,0.0014095171171866275,0.25939866472882706,0.151565492153,0.22478500855145417,0.3109043385726697
10969.878,0.0010150070581746162,-0.147809671396675,-0.015250852341366871,0.2385622571273088,-0.0003593388576532349,0.15295685981610146,-0.030013572424650192,0.0002340032660868019,-0.0150073210345667,0.15154346823692322,-0.0025835991837084293,0.07578291743993759,-0.03737493639405507,0.14756061443623888,-0.001802576939049439,0.23853999425802996,0.151565492153,0.21001973088605252,0.3071555407410451
10969.897,0.005836869985464926,-0.14777824464106482,-0.012122570646374932,0.25378225932795906,0.0016540397689369204,0.16464640499755812,-0.030013572424650192,0.0002340032660868019,-0.0150073210345667,0.15154346823692322,-0.0025835991837084293,0.07578291743993759,-0.03764205319564816,0.14756678346682592,-0.002884750388191769,0.25374356132938297,0.151565492153,0.19521046510072806,0.30578214248845503
10969.917,0.010457298640596857,-0.14772764039384312,-0.009003613856400567,0.22002041216148904,0.0024097260583113124,0.14852175191187753,-0.02658161334693432,0.00017665335326455534,-0.013291184102193654,0.12943832576274872,-0.001720776199363172,0.0647248849272728,-0.03836906587346349,0.14756481929663526,-0.0042875702457930865,0.21998979828770943,0.129449769855,0.18906917461091033,0.3026993175945168
10969.937,0.014853824777695451,-0.14768134897039686,-0.005952498508715995,0.2313961124760378,0.0024363907076677305,0.16058501829722016,-0.02658161334693432,0.00017665335326455534,-0.013291184102193654,0.12943832576274872,-0.001720776199363172,0.0647248849272728,-0.042314823392513114,0.14760873993427462,-0.007338685593477659,0.23137751052060912,0.129449769855,0.18193235121378365,0.29948526154329286
10969.957,0.01899241650021838,-0.14764765541979408,-0.002911461867386246,0.20692958612162954,0.0016846775301025717,0.1520518320631685,-0.021054085344076157,0.00011758229811675847,-0.010527435933248341,0.10952180624008179,-0.00115247315261513,0.05476399138569832,-0.040476544362271424,0.1476480177458704,-0.0076159740658620955,0.20692380422407003,0.109527871013,0.16611502599735528,0.2865540796508057
10969.977,0.02290795886960953,-0.1476065414891502,6.80138893784342e-05,0.19577711846528414,0.0020556965321489686,0.14897378783498222,-0.01809699833393097,8.646553033031523e-05,-0.00904876390566045,0.10952180624008179,-0.00115247315261513,0.05476399138569832,-0.040994911932864656,0.14769579558449583,-0.009116777795038885,0.19577725782837893,0.109527871013,0.1513181463717421,0.28484093116650155
10969.997,0.026603840182514715,-0.14756238088228013,0.002955508839113259,0.18479406565803255,0.002208030343656098,0.14437474749672063,-0.01809699833393097,8.646553033031523e-05,-0.00904876390566045,0.10952180624008179,-0.00115247315261513,0.05476399138569832,-0.04426426644958684,0.14778031508535894,-0.01200427274477371,0.18479978441123268,0.109527871013,0.13714052808520197,0.2813335208863417
10970.017,0.030070951108511157,-0.14752349498627904,0.005796574773869641,0.1733555462960381,0.001944294800012318,0.14205329673471837,-0.015623321756720543,6.102298357291147e-05,-0.0078118483172815445,0.0908202975988388,-0.000709629210177809,0.04541153833270073,-0.04483802529408849,0.14784690732241404,-0.013608423091151185,0.17336390409389946,0.0908230692148,0.1295700975312419,0.278963602248177
10970.038,0.03328564912064738,-0.1474751352329412,0.008550977776965625,0.16073490060330273,0.0024179876668389394,0.13772015015179306,-0.015623321756720543,6.102298357291147e-05,-0.0078118483172815445,0.0908202975988388,-0.000709629210177809,0.04541153833270073,-0.04764561975934666,0.14794897881134314,-0.01636282609424717,0.16074970014058826,0.0908230692148,0.12284908659132035,0.2759395939933039
10970.057,0.03622517994298624,-0.14743237758419558,0.011246153773043825,0.1469765411137348,0.0021378824372341927,0.1347587998009685,-0.011864792555570602,3.8306101487251e-05,-0.005932633076803029,0.07431718707084656,-0.00044063516543246806,0.037159264087677,-0.04642848839117393,0.14800217386020148,-0.017178786849846854,0.14699128915888024,0.0743184909225,0.10836998517240091,0.26356245701280845
10970.078,0.038946258087132646,-0.14737658177819246,0.013828137136189208,0.1360539072167245,0.0027897903003489713,0.12909916816619268,-0.010006863623857498,2.7290221623843536e-05,-0.005003277455465138,0.07431718707084656,-0.00044063516543246806,0.037159264087677,-0.0469101854451714,0.1480666880405207,-0.018831414591654348,0.1360794758618057,0.0743184909225,0.09489288289557754,0.26150951748101237
10970.098,0.04145852896073973,-0.14730015254264062,0.01628152305014747,0.12561354367761243,0.0038214617775088246,0.12266929569523541,-0.010006863623857498,2.7290221623843536e-05,-0.005003277455465138,0.07431718707084656,-0.00044063516543246806,0.037159264087677,-0.04905996212821617,0.14814581378264569,-0.021284800505612607,0.125659111193445,0.0743184909225,0.08213614080720295,0.2583724990053092
10970.117,0.04376947891003394,-0.1472097369397245,0.01866254733436803,0.1100452356773212,0.004305504900636168,0.11338210876895076,-0.008186040446162224,1.6752885130699724e-05,-0.004092995320455373,0.0590217299759388,-0.00024164917704183608,0.029511114582419395,-0.04919900996453791,0.14817041781755752,-0.022755542654823404,0.11010641939373042,0.0590222254395,0.07514768285881242,0.2564951189188636
10970.138,0.04587021394022284,-0.14710624197283906,0.021027852788541523,0.11056500158753454,0.005447103520219689,0.12448976074444774,-0.008186040446162224,1.6752885130699724e-05,-0.004092995320455373,0.0590217299759388,-0.00024164917704183608,0.029511114582419395,-0.05095085109009938,0.14822707251868092,-0.025120848108996896,0.11065509064211236,0.0590222254395,0.06854407958660114,0.25368616698245106
10970.157,0.04772883027646635,-0.14700869556022056,0.02340256298166648,0.09293081681014714,0.00487732063081848,0.11873550965365604,-0.005855764262378216,9.761107321537565e-06,-0.0029280821429651382,0.045927245169878006,-0.00013437062443699688,0.02296372503042221,-0.05012962696290196,0.14823210135918136,-0.026330645124631617,0.0930195011835043,0.0459274426103,0.05584695775378399,0.2423274751154895
10970.177,0.04938417832353384,-0.1469186981672299,0.025755793453368987,0.08276740235909551,0.004499869649843456,0.11766152359325836,-0.004707583226263523,6.401841346814763e-06,-0.0023539702044885757,0.045927245169878006,-0.00013437062443699688,0.02296372503042221,-0.050290067197717184,0.14826939273275352,-0.028109763657857563,0.08285583644754238,0.0459274426103,0.044123078884676356,0.2399017297171498
10970.197,0.050845425745668166,-0.14684008855010222,0.02805674642699983,0.07306237110512152,0.003930480856298683,0.1150476486790308,-0.004707583226263523,6.401841346814763e-06,-0.0023539702044885757,0.045927245169878006,-0.00013437062443699688,0.02296372503042221,-0.05141165103872043,0.14834712900354458,-0.030410716631488404,0.07314387837291778,0.0459274426103,0.03319354751612274,0.23680533193522713
10970.217,0.052097068266524216,-0.14678151497881875,0.030291002176678343,0.06258212604143647,0.0029286785641096324,0.11171278748148727,-0.0035882689990103245,3.218922756786924e-06,-0.001794163380758107,0.03404717519879341,-6.111239781603217e-05,0.017023613676428795,-0.051214215537315116,0.14840390500195774,-0.03208516555743645,0.06264211632718795,0.0340472310781,0.026937582049047597,0.23479506552413726
10970.238,0.05313148766117812,-0.1467374284132139,0.032550711619156736,0.05172096973156612,0.0022043282801938583,0.1129854721214534,-0.0035882689990103245,3.218922756786924e-06,-0.001794163380758107,0.03404717519879341,-6.111239781603217e-05,0.017023613676428795,-0.0519140415898905,0.14850885718358295,-0.03434487499991484,0.05176531148838264,0.0340472310781,0.021388545541014825,0.23176454126226
10970.257,0.0539464143934342,-0.14670897890951173,0.034777342385964236,0.04074633661562058,0.001422475185207175,0.1113315383480704,-0.00234441040083766,1.7088251524910447e-06,-0.001172367726461232,0.02437479794025421,-2.8542684958665632e-05,0.012187408283352852,-0.0511556079826901,0.14857922675636354,-0.03594971011242547,0.04077115842982714,0.0243748147041,0.011895322696572544,0.22208202892755297
10970.277,0.054576728184364404,-0.14669850288647246,0.03696248621012231,0.03151568954582226,0.0005238011519522763,0.10925719120551892,-0.0017350404523313046,9.952580057870364e-07,-0.0008676687823694351,0.02437479794025421,-2.8542684958665632e-05,0.012187408283352852,-0.05085216216904902,0.14868024631929846,-0.037830154992491746,0.031513519813812875,0.0243748147041,0.002851461838630119,0.2194701829747202
10970.297,0.05506163774619424,-0.14668914139389821,0.039065465411022474,0.024245478090962686,0.00046807462870201684,0.10514896004271294,-0.0017350404523313046,9.952580057870364e-07,-0.0008676687823694351,0.02437479794025421,-2.8542684958665632e-05,0.012187408283352852,-0.05102428370069964,0.1487964425588584,-0.03993313419339191,0.024245260705877555,0.0243748147041,0.0,0.21659275495872146
10970.317,0.055416630505467385,-0.14668783106896255,0.041040242428889456,0.017749637963269702,6.551624678187362e-05,0.09873885089119387,-0.0011463291011750698,3.2851767173269764e-07,-0.0005729834185999039,0.015898097306489944,-9.119969945459161e-06,0.007949048653244972,-0.05049690392902291,0.14888534936641545,-0.04161322584748936,0.017737380238223393,0.0158980991691,0.0,0.21448421199633225
10970.337,0.05564068103519257,-0.14669287731272873,0.04296152730287156,0.011202526487033527,-0.00025231218832656304,0.09606424370574533,-0.0011463291011750698,3.2851767173269764e-07,-0.0005729834185999039,0.015898097306489944,-9.119969945459161e-06,0.007949048653244972,-0.05043438680447374,0.14899675763144943,-0.043534510721471464,0.011181353482824495,0.0158980991691,0.0,0.21181678408604038
10970.357,0.05574021295778683,-0.14671199594956774,0.044835972881695794,0.0049765961296046116,-0.0009559318419296644,0.09372227893916595,-0.0006474847323261201,1.5727012225852377e-07,-0.0003235975848596695,0.009650588035583496,-3.1191209473035997e-06,0.004825294017791748,-0.04975525166096155,0.14909206311975076,-0.045159570466555464,0.004928749054789837,0.00965058896691,0.0,0.20449837236887267
10970.384,0.05574213838750408,-0.14675225687699256,0.04668260569238734,7.131221174980099e-05,-0.001491145460176026,0.06839380780327987,-0.00038691883673891425,7.305385452127666e-08,-0.00019342104067021637,0.009650588035583496,-3.1191209473035997e-06,0.004825294017791748,-0.04921961512155408,0.1492117518572201,-0.04687602673305755,1.649246746171249e-06,0.00965058896691,0.0,0.2021457029715406
10970.397,0.05569238112500302,-0.1468105368601631,0.04849545421078402,-0.0038274817306065624,-0.00448307562821699,0.13944988602161673,-0.00038691883673891425,7.305385452127666e-08,-0.00019342104067021637,0.009650588035583496,-3.1191209473035997e-06,0.004825294017791748,-0.04889651211756211,0.14935653373810592,-0.04868887525145424,-0.004040305441015952,0.00965058896691,0.0,0.19971560931112942
10970.417,0.05561409008721735,-0.14688250261129188,0.050289543068771515,-0.00391455188955416,-0.0035982875566875922,0.08970444290557515,-0.00017741427291184664,7.868976581448806e-09,-8.851686586552887e-05,0.004574821796268225,-4.0705239712224284e-07,0.0022874108981341124,-0.048337428597351816,0.14950136066386957,-0.050378059934637044,-0.0040904828796769835,0.00457482179627,0.0,0.19771416777768075
10970.437,0.05553815998246531,-0.14695200626880278,0.0520502561805042,-0.0037965052375192408,-0.0034751828754694125,0.0880356555847125,-0.00017741427291184664,7.868976581448806e-09,-8.851686586552887e-05,0.004574821796268225,-4.0705239712224284e-07,0.0022874108981341124,-0.047994681479923584,0.14965169635990508,-0.05213877304636973,-0.00397216609103512,0.00457482179627,0.0,0.19549785149862034
10970.458,0.05546264117774502,-0.14701939876953796,0.05378273310872154,-0.003596133557999262,-0.0032091667015771534,0.08249890134116748,-8.360193169210106e-05,3.4190290598701267e-09,-4.178682436162262e-05,0.0017246511997655034,-7.184062411624836e-08,0.0008623255998827517,-0.047562632601622634,0.1497928093182693,-0.05382451993308316,-0.003763448314675702,0.00172465119977,0.0,0.19069217362388957
10970.477,0.05540255338489741,-0.14706918108533618,0.05550324439696601,-0.0031625154129932115,-0.0026201218840846883,0.09055322569596776,-4.048565460834652e-05,1.6230132793282337e-09,-2.0329152242481996e-05,0.0017246511997655034,-7.184062411624836e-08,0.0008623255998827517,-0.04719903540603148,0.14991839826111475,-0.05552357354920849,-0.0033029960352324965,0.00172465119977,0.0,0.1885469765763545
10970.497,0.05536768727080987,-0.1471025148304388,0.05717269036454442,-0.0017433057044974741,-0.001666687255245954,0.08347229838469032,-4.048565460834652e-05,1.6230132793282337e-09,-2.0329152242481996e-05,0.0017246511997655034,-7.184062411624836e-08,0.0008623255998827517,-0.04691197519612841,0.1500282725257777,-0.0571930195167869,-0.0018356943851744103,0.00172465119977,0.0,0.1864624084544512
10970.517,0.055333255149212085,-0.1471376042100423,0.05881390634062045,-0.001721606079851836,-0.0017544689801368759,0.08206079880201014,-1.5644327504560351e-06,6.128431095930864e-13,-7.788287561538709e-07,7.738624117337167e-05,-9.993266630869968e-11,3.8693120586685836e-05,-0.04659039435694447,0.1501357784962803,-0.0588146851693766,-0.0018217570511435668,7.73862411734e-05,0.0,0.1844865319335401
10970.537,0.055313793897645736,-0.1471563062362029,0.06043830863158971,-0.0009730625782962342,-0.000935101308010128,0.08122011454669012,-1.5644327504560351e-06,6.128431095930864e-13,-7.788287561538709e-07,7.738624117337167e-05,-9.993266630869968e-11,3.8693120586685836e-05,-0.046325896743751004,0.15022875431611268,-0.06043908746034586,-0.001027767463928886,7.73862411734e-05,0.0,0.18240651707682443
10970.558,0.05529231706367577,-0.14717156937211373,0.0620733046492498,-0.001073841698475006,-0.0007631567955246285,0.08174980088122034,-1.5644327504560351e-06,6.128431095930864e-13,-7.788287561538709e-07,7.738624117337167e-05,-9.993266630869968e-11,3.8693120586685836e-05,-0.046057829222594014,0.15031819760053824,-0.062074083478005956,-0.0011191148044144479,7.73862411734e-05,0.0,0.18026409748619443
10970.578,0.05526309089535408,-0.14720836929695913,0.06370023946140738,-0.0014613084161851696,-0.0018399962423971202,0.08134674061350151,-1.5644327504560351e-06,6.128431095930864e-13,-7.788287561538709e-07,7.738624117337167e-05,-9.993266630869968e-11,3.8693120586685836e-05,-0.045781700994717345,0.15042779654643226,-0.06370101829016353,-0.0015754735789854717,7.73862411734e-05,0.0,0.17814911952689524
10970.597,0.05523092337321253,-0.1472353586485714,0.06531960775727035,-0.0016083761070424842,-0.0013494675805841498,0.08096841479138109,-1.5644327504560351e-06,6.128431095930864e-13,-7.788287561538709e-07,7.738624117337167e-05,-9.993266630869968e-11,3.8693120586685836e-05,-0.045504182465516504,0.15052656883067103,-0.0653203865860265,-0.0016930301615043757,7.73862411734e-05,0.0,0.17604221045908605
10970.616,0.05520638969915634,-0.14725178840590436,0.06692516684680483,-0.0012266837027828741,-0.0008214878666299984,0.08027795447497188,5.2687013521790504e-05,1.3852282654269743e-09,2.6343506760895252e-05,0.0011092002969235182,2.9162700698748267e-08,0.0005546001484617591,-0.04518273703378965,0.15061056002406567,-0.06689882334004393,-0.0012788747640569804,0.00110920029692,0.0,0.24814983963451873
10970.637,0.05518330754402587,-0.14726697399995003,0.06850328208028801,-0.0010991502442746599,-0.0007231235259624596,0.07514834444928885,8.041701948968694e-05,2.1142958495090625e-09,4.020850974484347e-05,0.0011092002969235182,2.9162700698748267e-08,0.0005546001484617591,-0.04489326756660801,0.15069334864281778,-0.06846307357054317,-0.0011460698624434025,0.00110920029692,0.0,0.24523629310548928
10970.656,0.055150105763003665,-0.14726415417002658,0.07027157941559128,-0.0017474621590418409,0.00014841210123241996,0.09306828080429495,0.00011376411566743627,3.2355687018537083e-09,5.6882057833718136e-05,0.003412923775613308,1.941341309930067e-07,0.001706461887806654,-0.04456054015047498,0.15076501324843297,-0.07021469735775757,-0.001732728795743998,0.00341292377561,0.0,0.242033126548252
10970.677,0.05511109164360689,-0.14725411999825522,0.07224859219459945,-0.0019507059699735423,0.0005017085886030292,0.0988506389572409,0.00011376411566743627,3.2355687018537083e-09,5.6882057833718136e-05,0.003412923775613308,1.941341309930067e-07,0.001706461887806654,-0.044224200887320854,0.1508399910516291,-0.07219171013676573,-0.0019094007663074822,0.00341292377561,0.0,0.2382541125256913
10970.697,0.055054973598703955,-0.14725080416985803,0.07444437312806539,-0.0028059022450855715,0.00016579141985577684,0.10978904667090043,0.00011376411566743627,3.2355687018537083e-09,5.6882057833718136e-05,0.003412923775613308,1.941341309930067e-07,0.001706461887806654,-0.04383716696692392,0.15092925353728817,-0.07438749107023167,-0.0027857998881806296,0.00341292377561,0.0,0.23401059729512785
10970.717,0.0549739236625873,-0.1472890398254506,0.07676657653659481,-0.004052496805744349,-0.00191178277958716,0.11611017042393693,0.0004993533948436379,9.780519860669301e-08,0.00024967669742181897,0.007935048080980778,1.980296246983926e-06,0.003967524040490389,-0.04301835615230777,0.15103307552913325,-0.076516899839173,-0.00418717868460896,0.00793504808098,0.0,0.23289916306728894
10970.737,0.05489171651622371,-0.14732739942134776,0.07905296752027594,-0.004110357318089715,-0.0019179797948157729,0.11431954918156075,0.0006977296434342861,1.4731260478129116e-07,0.00034886482171714306,0.007935048080980778,1.980296246983926e-06,0.003967524040490389,-0.04239018304154596,0.1511471687512448,-0.07870410269855879,-0.004248984550153274,0.00793504808098,0.0,0.22879428410314004
10970.756,0.05481366693115694,-0.14738270468247394,0.08130032284641564,-0.003902479253608221,-0.0027652630565002255,0.11236776631475229,0.0006977296434342861,1.4731260478129116e-07,0.00034886482171714306,0.007935048080980778,1.980296246983926e-06,0.003967524040490389,-0.04196811171750835,0.15129083689899647,-0.0809514580246985,-0.004114158362072594,0.00793504808098,0.0,0.22466053266888555
10970.776,0.054730153391983366,-0.1474487579409346,0.08347283574940438,-0.004175676958587563,-0.0033026629229605167,0.10862564514706598,0.0014302281197160482,7.012333753664279e-07,0.000715114176273346,0.02158673107624054,2.1257899788906798e-05,0.010793371126055717,-0.040820607407801655,0.15137999555979617,-0.08275772157313104,-0.004436500546368486,0.0215867422521,0.0,0.22767105124966133
10970.796,0.054662650537635055,-0.14747552052889767,0.08561678727132033,-0.003375142717341897,-0.0013381293981248224,0.10719757609345741,0.0014302281197160482,7.012333753664279e-07,0.000715114176273346,0.02158673107624054,2.1257899788906798e-05,0.010793371126055717,-0.040426418339997994,0.15148805722549347,-0.08490167309504698,-0.0034772064034900942,0.0215867422521,0.0,0.22374553207695796
10970.817,0.05459443099393177,-0.14751590923433378,0.087706363325278,-0.0034109771850898,-0.0020194352717609566,0.10447880269560282,0.0019698962569236755,1.232680915563833e-06,0.0009849484777078032,0.02158673107624054,2.1257899788906798e-05,0.010793371126055717,-0.03950064901792957,0.15155971609333638,-0.08672141484757019,-0.0035747566164680794,0.0215867422521,0.0,0.2202791272250901
10970.836,0.054501894454116295,-0.14757806310237154,0.0897264166542712,-0.004626826991093527,-0.0031076934021029095,0.10100266645664155,0.0025095646269619465,1.764128455761238e-06,0.0012547827791422606,0.02158673107624054,2.1257899788906798e-05,0.010793371126055717,-0.038559131209212574,0.15164498398142673,-0.08847163387512894,-0.004886682776588122,0.0215867422521,0.0,0.21685281864027567
10970.856,0.05440957745506422,-0.14765411310758025,0.0916817521718925,-0.004615849952502858,-0.0038025002603528256,0.09776677587893143,0.0030716299079358578,2.358729261686676e-06,0.001535815536044538,0.03071627765893936,4.717457704828121e-05,0.015358157455921173,-0.03760388980442672,0.15173650188808338,-0.09014593663584797,-0.004944595874785941,0.0307163130492,0.0,0.214910975515648
10970.877,0.05430291268081261,-0.14775777615675723,0.0935989733401474,-0.005333238712464266,-0.0051831524587354575,0.0958610584106522,0.0030716299079358578,2.358729261686676e-06,0.001535815536044538,0.03071627765893936,4.717457704828121e-05,0.015358157455921173,-0.03719702196172772,0.1519015581001976,-0.09206315780410286,-0.005794323825785914,0.0307163130492,0.0,0.21142011133444644
10970.896,0.05419178354499432,-0.14785427489525338,0.09552298471302252,-0.005556456790793147,-0.004824936924702358,0.0962005686416563,0.0030716299079358578,2.358729261686676e-06,0.001535815536044538,0.03071627765893936,4.717457704828121e-05,0.015358157455921173,-0.0367848666182188,0.15205830395782532,-0.09398716917697798,-0.005991317508280651,0.0307163130492,0.0,0.20796765773095882
10970.916,0.05410922262561016,-0.14792468388917446,0.09743735923333742,-0.004128045969493409,-0.003520449696297257,0.09571872602236117,0.005146894138306379,7.619687949045328e-06,0.0025734512601047754,0.04206414148211479,0.0001082396847778,0.021032145246863365,-0.03433875141573556,0.15199383607153674,-0.09486390797323264,-0.004450946353481758,0.0420642793179,0.0,0.21473542203132182
10970.937,0.05403027575468314,-0.14798763277731497,0.09934551104184325,-0.0039473435462649056,-0.0031474444069569327,0.09540759042320889,0.006198497489094734,1.032568070513662e-05,0.003099254798144102,0.04206414148211479,0.0001082396847778,0.021032145246863365,-0.03291717416144377,0.15201228359910732,-0.09624625624369915,-0.004240050733344793,0.0420642793179,0.0,0.21207391981982707
10970.956,0.05394945164660128,-0.14804799510321132,0.10124511429853333,-0.004041205404004596,-0.0030181162947514177,0.09498016283243106,0.00728088803589344,1.3252877579361666e-05,0.003640452167019248,0.054606419056653976,0.00019879292813129723,0.027303392067551613,-0.031464697164737265,0.15201993558559104,-0.09760466213151409,-0.004325558507816045,0.0546067804098,0.0,0.21175399637036318
10970.976,0.053879041464388544,-0.14809354760182714,0.10313726789602452,-0.0035205091105600483,-0.002277624930741262,0.09460767987249437,0.00728088803589344,1.3252877579361666e-05,0.003640452167019248,0.054606419056653976,0.00019879292813129723,0.027303392067551613,-0.031102270080244222,0.15211726084520402,-0.09949681572900528,-0.003736293123671774,0.0546067804098,0.0,0.2083307680488253
10970.997,0.05380772893809749,-0.1481338305743889,0.10504055028656979,-0.0035656263147992783,-0.0020141486282270185,0.09516411953384134,0.00728088803589344,1.3252877579361666e-05,0.003640452167019248,0.054606419056653976,0.00019879292813129723,0.027303392067551613,-0.030737548774773055,0.15220876569692662,-0.10140009811955054,-0.003757152134560458,0.0546067804098,0.0,0.2047953959520051
10971.019,0.05373191344675002,-0.14814835759297662,0.1069739035574127,-0.003446158697480044,-0.0006603190266896159,0.0878796941258514,0.010712889023125172,3.1403284083353356e-05,0.005356477573513985,0.06936664879322052,0.0003715420898515731,0.03468383848667145,-0.026951964318937448,0.1519258688153332,-0.10161742598389871,-0.0034969618394994073,0.069367647171,0.0,0.2144185775900038
10971.037,0.053681194828422485,-0.14812855532209557,0.1089008490424374,-0.0026694009645743,0.001042224783200545,0.10141818342110985,0.0124470554292202,4.0691837057238445e-05,0.006223573349416256,0.06936664879322052,0.0003715420898515731,0.03468383848667145,-0.02488599263439392,0.15177307872710447,-0.10267727569302114,-0.002540312903338461,0.069367647171,0.0,0.21213384950538536
10971.057,0.05364603462907502,-0.1481015984248083,0.11082560638021628,-0.001850536807738455,0.001418784067733504,0.10130301777659478,0.0124470554292202,4.0691837057238445e-05,0.006223573349416256,0.06936664879322052,0.0003715420898515731,0.03468383848667145,-0.024561857277074488,0.15179001685961271,-0.10460203303080003,-0.0016822680681481718,0.069367647171,0.0,0.20844983352898525
10971.077,0.0536156901562288,-0.14808687927931663,0.11276995112449127,-0.0014449748975202525,0.0007009116901188955,0.09258784497067253,0.016762979328632355,7.461429777322337e-05,0.008381607942283154,0.10349196940660477,0.001001308555714786,0.05174845829606056,-0.019945856178649333,0.1513674776682135,-0.10438834318220812,-0.0013569223590779046,0.103496812284,0.0,0.22452627333515382
10971.096,0.0535964029349536,-0.1480914699075564,0.11471479706794792,-0.0010151169092085777,-0.00024161201261622487,0.10236031281225337,0.016762979328632355,7.461429777322337e-05,0.008381607942283154,0.10349196940660477,0.001001308555714786,0.05174845829606056,-0.019631746303280524,0.15140833576916155,-0.10633318912566476,-0.0010361007467713864,0.103496812284,0.0,0.22080096526418763
10971.116,0.05357149048848117,-0.14811699568122605,0.11672739601989195,-0.001245622323594331,-0.0012762886834548706,0.10062994759500486,0.01945376954972744,0.00010064832167699933,0.00972706824541092,0.10349196940660477,0.001001308555714786,0.05174845829606056,-0.016623755154787704,0.15118247133970145,-0.10700032777448103,-0.0013857857490138523,0.103496812284,0.0,0.2190627720492544
10971.137,0.05352205254207759,-0.14816394492830676,0.1187747840553364,-0.0024718973201250387,-0.0023474623539841387,0.102369401769988,0.022144559770822525,0.00012668233830481768,0.01107252761721611,0.10349196940660477,0.001001308555714786,0.05174845829606056,-0.013584621077331015,0.15096395350520145,-0.10770225643812029,-0.002732645950451323,0.103496812284,0.0,0.21713568157367302
10971.157,0.05347406558862247,-0.14818703029706348,0.12086227542435282,-0.002399347672703641,-0.001154268437811086,0.104374568448543,0.024572432041168213,0.00015095682465471327,0.012286525219678879,0.12285599112510681,0.001509549212642014,0.06143262982368469,-0.010805947729220552,0.15074048672704926,-0.10857575020467394,-0.002521012642694954,0.122865267098,0.0,0.22255215304054446
10971.176,0.0534318975752513,-0.14819815839276462,0.12297822390574284,-0.0021084006687044545,-0.0005564047850954893,0.10579742407681376,0.024572432041168213,0.00015095682465471327,0.012286525219678879,0.12285599112510681,0.001509549212642014,0.06143262982368469,-0.010443750058261557,0.15076888545527106,-0.11069169868606396,-0.0021607307303198437,0.122865267098,0.0,0.21853005456606872
10971.196,0.053388499275389856,-0.14820881091638982,0.1251018955953806,-0.0021699149930246996,-0.0005326261812483059,0.1061835844795701,0.024572432041168213,0.00015095682465471327,0.012286525219678879,0.12285599112510681,0.001509549212642014,0.06143262982368469,-0.010079154816812323,0.15079587876730116,-0.11281537037570172,-0.0022194158924165822,0.122865267098,0.0,0.2144300203684885
10971.217,0.053354972894237435,-0.14821284939365753,0.12719175291595586,-0.0016763190575844657,-0.0002019238633810594,0.10449286602648221,0.03174101933836937,0.00026364921359345317,0.01587126962840557,0.14443354308605194,0.0022924698423594236,0.07222601771354675,-0.0026052487548436573,0.15001881983907756,-0.11132048328755029,-0.0016883916564948145,0.144451737404,0.0,0.22857113265802342
10971.236,0.05331755799485616,-0.1482243568718783,0.1292677129773221,-0.0018707449690230301,-0.0005753739110255648,0.10379800306604597,0.03535185754299164,0.0003209609421901405,0.01767691969871521,0.14443354308605194,0.0022924698423594236,0.07222601771354675,0.0013328751730997991,0.14962186097285937,-0.11159079327860688,-0.001929306815602346,0.144451737404,0.0,0.22738626917662103
10971.257,0.05328448503619976,-0.14823420818966593,0.1313571195734377,-0.0015749027932502719,-0.00046911037086607853,0.09949555220156633,0.03535185754299164,0.0003209609421901405,0.01767691969871521,0.14443354308605194,0.0022924698423594236,0.07222601771354675,0.0016795712988468998,0.14962418402402938,-0.1136801998747225,-0.0016227790183493036,0.144451737404,0.0,0.22328700596013942
10971.276,0.053254412377650995,-0.14822860723697406,0.13348637085077114,-0.0015827715025470872,0.0002947869837787211,0.11206585670038634,0.0437614768743515,0.0004938800120726228,0.021882662549614906,0.1921715885400772,0.004667803179472685,0.09611445665359497,0.010385034933789302,0.14866285712119431,-0.11160370830115623,-0.0015294577458556673,0.192228272557,0.0,0.24969363440845907
10971.296,0.05324591830459163,-0.14822596639704022,0.13565584297663486,-0.0004247036529588244,0.0001320419966892627,0.10847360629081795,0.0437614768743515,0.0004938800120726228,0.021882662549614906,0.1921715885400772,0.004667803179472685,0.09611445665359497,0.010715589055437638,0.14863621192828064,-0.11377318042701995,-0.00040294445548649804,0.192228272557,0.0,0.24549588082512588
10971.316,0.0532532935531386,-0.14822553934816163,0.13790327856158036,0.00036876242734018555,2.1352443929179226e-05,0.1123717792448222,0.04856576770544052,0.0006105750799179077,0.02428552322089672,0.1921715885400772,0.004667803179472685,0.09611445665359497,0.015816970590020834,0.14806750250468748,-0.11361775534068363,0.00036819679317257037,0.192228272557,0.0,0.2451632233385121
10971.337,0.05324907120898059,-0.14823618755848011,0.1401892755416953,-0.00021111720791488375,-0.000532410515961143,0.11429984901364788,0.05337005853652954,0.0007272701477631927,0.026688385754823685,0.1921715885400772,0.004667803179472685,0.09611445665359497,0.02093454415119579,0.14748515596803227,-0.11350088978687162,-0.0002834400632274449,0.192228272557,0.0,0.24450739841271016
10971.357,0.05324206764084094,-0.14823738439117373,0.14252773044903105,-0.00035017840697494943,-5.9841634679562126e-05,0.11692274536423541,0.05823829397559166,0.0008481044787913561,0.02912326343357563,0.2181890308856964,0.006356173660606146,0.10914081335067749,0.02612251258179098,0.14686408548586244,-0.11340446701545542,-0.0003551278797728157,0.218281596899,0.022466912993037096,0.263282361158
10971.376,0.05322244637108897,-0.14822772684875607,0.14488818619909732,-0.0009810634875769958,0.00048287712087258933,0.11802278750073733,0.05823829397559166,0.0008481044787913561,0.02912326343357563,0.2181890308856964,0.006356173660606146,0.10914081335067749,0.026487126966832177,0.14678962605795368,-0.1157649227655217,-0.0009010652969447657,0.218281596899,0.048773153923722515,0.25843138055342674
10971.397,0.0532595488940846,-0.14821566857961677,0.14723096703194855,0.0018551261497410118,0.0006029134569520103,0.11713904164000416,0.05823829397559166,0.0008481044787913561,0.02912326343357563,0.2181890308856964,0.006356173660606146,0.10914081335067749,0.026792479828231595,0.14672068485952836,-0.11810770359837292,0.0019235028761480184,0.218281596899,0.07605842259174815,0.2541330968757534
10971.416,0.05350635799735287,-0.148136081518919,0.14964465697586526,0.012340455164266469,0.00397935303516367,0.12068449720417787,0.07058622688055038,0.00127940543461591,0.035301029682159424,0.24332715570926666,0.00856348779052496,0.12173956632614136,0.03916485863114751,0.14519925451265722,-0.11434362729370584,0.012795808576242356,0.243477791548,0.11873559927983954,0.26785290724103206
10971.436,0.0540811374557541,-0.1479904019635948,0.15205275724759212,0.028738972919434246,0.007283977766050266,0.12040501358371479,0.07642607390880585,0.0014849291183054447,0.0382227823138237,0.24332715570926666,0.00856348779052496,0.12173956632614136,0.04472778399786151,0.1443661876125267,-0.11382997493376842,0.0295106754659917,0.243477791548,0.16242789102416638,0.27024289969479237
10971.457,0.05514754087653834,-0.1477422716786757,0.15450868091534053,0.050781115273891425,0.011815727852930284,0.11694874607969193,0.08256812393665314,0.001705100410617888,0.041295796632766724,0.2672540247440338,0.011042745783925056,0.13374103605747223,0.05009308010573943,0.14344716353163767,-0.11321288428257381,0.05199455044550197,0.267482072115,0.1964532338256626,0.2970478973122067
10971.476,0.056850106361151204,-0.14732756834725458,0.15702591899447021,0.08960870971536859,0.021826491127160376,0.13248621468941227,0.08256812393665314,0.001705100410617888,0.041295796632766724,0.2672540247440338,0.011042745783925056,0.13374103605747223,0.04870754140514472,0.1431772614466895,-0.11573012236170349,0.09191948813747285,0.267482072115,0.22170533936760808,0.2971211712824461
10971.496,0.05924393197159475,-0.1467635066441224,0.1595957207067024,0.11969128053045051,0.02820308515855785,0.12849008562049008,0.08256812393665314,0.001705100410617888,0.041295796632766724,0.2672540247440338,0.011042745783925056,0.13374103605747223,0.04662227323147382,0.1428751512696577,-0.11829992407393566,0.12265220555894593,0.267482072115,0.24360559316352495,0.2955643130431319
10971.516,0.06234048441559015,-0.14606620385867575,0.16226400921683803,0.15482762219639037,0.034865139271572115,0.1334144255038702,0.096961110830307,0.002398956334218383,0.04850070923566818,0.28892427682876587,0.01402390655130148,0.14463335275650024,0.05815082719895802,0.1409218679287428,-0.11376329998116985,0.15842637911133237,0.289264410734,0.2788500732168283,0.30766039013648894
10971.537,0.06609193849895903,-0.14521811728114897,0.1650784257059688,0.18757270416434982,0.04240432887541312,0.14072082445346726,0.10418421030044556,0.0027495541144162416,0.05211654305458069,0.28892427682876587,0.01402390655130148,0.14463335275650024,0.061889907021190904,0.13969642929628745,-0.11296188265138812,0.1919910318060788,0.289264410734,0.31013248112463687,0.31179820897301835
10971.557,0.07042060516521922,-0.14425956342839064,0.16796226527635305,0.20612698410134356,0.045645421558529096,0.13732569382363388,0.11145763844251633,0.0031081163324415684,0.05575770512223244,0.309375137090683,0.017267948016524315,0.15492835640907288,0.06509552964321375,0.13843353336082506,-0.11220456015412061,0.2108569669830238,0.309856683016,0.3329553283280352,0.3366624061795991
10971.577,0.07528410940835234,-0.14320439572086852,0.17084282647665372,0.25597390755469107,0.0555351425058004,0.15160848423900758,0.11145763844251633,0.0031081163324415684,0.05575770512223244,0.309375137090683,0.017267948016524315,0.15492835640907288,0.06052193259645629,0.1380325000169363,-0.11508512135442128,0.261689089026737,0.309856683016,0.3460291149572541,0.3366968104571361
10971.596,0.08070618179425099,-0.14200371925732025,0.17383105834873214,0.2711036192890147,0.06003382317610294,0.14941159360065953,0.11145763844251633,0.0031081163324415684,0.05575770512223244,0.309375137090683,0.017267948016524315,0.15492835640907288,0.05538611112767217,0.13760623390084242,-0.1180733532264997,0.27740118773672645,0.309856683016,0.35660211671532166,0.331203259386757
10971.621,0.08665805438363672,-0.140672065876288,0.1769259923817046,0.24799469121147397,0.055485557540117136,0.12895558470046117,0.12779070436954498,0.0041476283222436905,0.0639408528804779,0.32755428552627563,0.02097257971763611,0.16411419212818146,0.06597944572780676,0.1353194422988466,-0.11298513950122668,0.25388904243454957,0.328225016594,0.3916834243579306,0.33178348644987227
10971.636,0.09307901147332659,-0.13921828217723553,0.18011546758674027,0.4013098181151067,0.09086148119292789,0.19934220031944383,0.135979562997818,0.004671942908316851,0.06804370880126953,0.32755428552627563,0.02097257971763611,0.16411419212818146,0.06798350157908215,0.13387717396674984,-0.11207175878547074,0.4110950490141293,0.328225016594,0.3978435365784195,0.35340505237776954
10971.657,0.09992998269698289,-0.13763684695922918,0.1834090680946861,0.34254856117533783,0.07907176089859179,0.16468002539369697,0.14421014487743378,0.005205917172133923,0.07216770201921463,0.3445063829421997,0.024905487895011902,0.17270272970199585,0.06958950275678841,0.1323710283010531,-0.11124136607547147,0.35122452459261944,0.345405459404,0.4087715879947705,0.36261369291885037
10971.676,0.10713129764134965,-0.13596088459220124,0.1867581151164464,0.3600657472432266,0.0837981183571892,0.16745235109959006,0.14421014487743378,0.005205917172133923,0.07216770201921463,0.3445063829421997,0.024905487895011902,0.17270272970199585,0.06264515154567629,0.13182750782953917,-0.11459041309723178,0.36936384597027394,0.345405459404,0.41496874700194325,0.3563104272958074
10971.697,0.1146308550799146,-0.1342077404532549,0.19017176187059076,0.37497787192006266,0.08765720694540356,0.1706823377034919,0.14421014487743378,0.005205917172133923,0.07216770201921463,0.3445063829421997,0.024905487895011902,0.17270272970199585,0.0553990518692406,0.13130897672818848,-0.11800405985137613,0.38478731726771737,0.345405459404,0.4179262327356433,0.3496057700008482
10971.717,0.12238852819075921,-0.13238222532776334,0.193653729849722,0.3878836555337635,0.09127575627258572,0.17409839895276233,0.16213281452655792,0.0066560194827616215,0.08115844428539276,0.35917380452156067,0.029214046895503998,0.18018211424350739,0.0657586710093336,0.12879067902383176,-0.11249528556432925,0.39819881368504995,0.360359936953,0.43235394401754657,0.3551576282863925
10971.737,0.13031484335503316,-0.13051891016571704,0.19717391393447625,0.3774435792723257,0.08872929343575633,0.1676278135691345,0.17111216485500336,0.007386370562016964,0.08566299080848694,0.35917380452156067,0.029214046895503998,0.18018211424350739,0.06702231493102467,0.12724109868848824,-0.11151092312598931,0.3875122388518715,0.360359936953,0.44778770276396374,0.35149872492498047
10971.756,0.13839736842243008,-0.1285908362405579,0.20067655640807366,0.4253960561735728,0.10147757500713259,0.1843496038712889,0.18012458086013794,0.008127730339765549,0.09018448740243912,0.3726080060005188,0.03369486331939697,0.18706420063972473,0.06814226227155613,0.12565730698258015,-0.11049206900563455,0.43708694774192774,0.374128401279,0.451878382351209,0.3725216840509876
10971.776,0.1466654525092632,-0.12658385176841125,0.204146634278769,0.41340420433263153,0.10034922360514181,0.17350389353097964,0.18012458086013794,0.008127730339765549,0.09018448740243912,0.3726080060005188,0.03369486331939697,0.18706420063972473,0.06007462071371503,0.1251309856518027,-0.11396214687632988,0.4251635528865157,0.374128401279,0.45625272450236554,0.36163147908174476
10971.797,0.15512584617818495,-0.12450488391612191,0.20762878354153974,0.4230196834368545,0.10394839261219789,0.17410746313473657,0.18012458086013794,0.008127730339765549,0.09018448740243912,0.3726080060005188,0.03369486331939697,0.18706420063972473,0.05180273626025248,0.12463074907903121,-0.11744429613910062,0.4353622064609211,0.374128401279,0.45757593141215264,0.35404021032581856
10971.816,0.1637894647421437,-0.12234362578327684,0.21116674963572266,0.4331809281884822,0.1080629066398946,0.17689830470528445,0.19928470253944397,0.01003760751336813,0.09981217235326767,0.3837492763996124,0.03843049332499504,0.19283714890480042,0.062454005415044866,0.12200081984579111,-0.11135457728245499,0.44620877238306267,0.38566878438,0.46755540480685304,0.3599530377976647
10971.837,0.17259491795390208,-0.12013799274334436,0.2147368010951662,0.4402726606183513,0.11028165200424717,0.17850257298451624,0.20887842774391174,0.010998370125889778,0.10463310033082962,0.3837492763996124,0.03843049332499504,0.19283714890480042,0.06339405327463865,0.1203928268571905,-0.11010370076433659,0.4536606523894063,0.38566878438,0.4766302714943273,0.3590685865237293
10971.856,0.1815022408743921,-0.11789409668503548,0.21829177890974283,0.44536614601477925,0.11219480291299506,0.1777488907249509,0.21849656105041504,0.011971013620495796,0.10946677625179291,0.39365503191947937,0.04326510801911354,0.19801273941993713,0.06424028230451088,0.11877168319675634,-0.10882500265794992,0.45909423700293567,0.396025449038,0.48200485248754477,0.36941969378331396
10971.877,0.19050009525170108,-0.11559325198601056,0.22183710964986836,0.4284692560492689,0.10956403328356026,0.1688252733341635,0.21849656105041504,0.011971013620495796,0.10946677625179291,0.39365503191947937,0.04326510801911354,0.19801273941993713,0.0553773649707204,0.11827844861108676,-0.11237033339807545,0.44207607720741443,0.396025449038,0.4882934522454098,0.35771601709117584
10971.896,0.19958710518088196,-0.11323482781399719,0.22537450943609058,0.47826368047734336,0.12412758799918279,0.18617893611467762,0.21849656105041504,0.011971013620495796,0.10946677625179291,0.39365503191947937,0.04326510801911354,0.19801273941993713,0.046411171554405856,0.11781372333284747,-0.11590773318429767,0.4939075909928609,0.396025449038,0.4854420310501249,0.35653667738213957
10971.917,0.20879095683592372,-0.11080806118380593,0.22889341357995177,0.43827865026468366,0.11556031572987946,0.16756686400279533,0.23854124546051025,0.014369148761034012,0.11956076323986053,0.40126705169677734,0.0482056587934494,0.20207922160625458,0.05737704504278608,0.11516200877450355,-0.10933265034009124,0.45306812815380965,0.404152244329,0.49650844535766436,0.35548837235804814
10971.937,0.21808789422394587,-0.10832530938752505,0.2324152881706329,0.48931249410043265,0.1306711471710766,0.18536182055989292,0.24897418916225433,0.015622495673596859,0.12481482326984406,0.40126705169677734,0.0482056587934494,0.20207922160625458,0.05860456990859095,0.11350121576580197,-0.10760046490078884,0.5062536066523426,0.404152244329,0.4996589229588002,0.3617674977666554
10971.956,0.22746930083349418,-0.10578709717471257,0.23590852107504373,0.46907033046717667,0.1269106106378535,0.17466164521672933,0.25862032175064087,0.016791608184576035,0.12967327237129211,0.40764522552490234,0.05315897986292839,0.20554834604263306,0.05893809662369499,0.11190275187910168,-0.10623524870375162,0.48574057189222575,0.411096721888,0.5039517955681967,0.3642143494459593
10971.976,0.2369393851804787,-0.10318753240131673,0.23939003286832794,0.47350421733889014,0.12997823866695515,0.17407558966041073,0.25862032175064087,0.016791608184576035,0.12967327237129211,0.40764522552490234,0.05315897986292839,0.20554834604263306,0.04951092242212182,0.11141690063540384,-0.10971676049703583,0.4908203486474564,0.411096721888,0.5056617741902096,0.35604192028352755
10971.997,0.24650100364575855,-0.10052737638730824,0.242886241931416,0.47808092329703894,0.13300780070961798,0.1748104531664863,0.25862032175064087,0.016791608184576035,0.12967327237129211,0.40764522552490234,0.05315897986292839,0.20554834604263306,0.039979410063348056,0.1109606632248204,-0.11321296956012389,0.4960372873068838,0.411096721888,0.5047498193950947,0.3479578276305275
10972.017,0.256166116167739,-0.09780045025632322,0.24638790634343244,0.4832556260884733,0.1363463065462748,0.17508322059700013,0.27919721603393555,0.019682051613926888,0.14006291329860687,0.4117380678653717,0.05804930254817009,0.20790831744670868,0.050989836626616,0.10831715638591631,-0.10632499304482557,0.5019163949821172,0.415809988976,0.5086953945960064,0.3542513215190649
10972.037,0.26591232047895613,-0.09502833290651802,0.24988223842077992,0.48731021555022025,0.1386058674872347,0.17471660386356022,0.289490669965744,0.021133285015821457,0.14526061713695526,0.4117380678653717,0.05804930254817009,0.20790831744670868,0.05157163236170845,0.10672313141210521,-0.10462162128382466,0.5064509405607858,0.415809988976,0.5120618875588674,0.35336767620478504
10972.057,0.27570614870027527,-0.09222700227608893,0.25335563818913115,0.4896914110552678,0.14006653151839707,0.17366998841377074,0.29979121685028076,0.022596340626478195,0.15046268701553345,0.4146042764186859,0.06285753101110458,0.2096710354089737,0.05209711136433083,0.10512079513875185,-0.1028929511735977,0.5091670990474377,0.419342070818,0.514204895666029,0.35575544320416275
10972.077,0.2855385529750687,-0.08940498789745033,0.2568114470317795,0.46820972739739564,0.13438163708557146,0.16456232584963404,0.29979121685028076,0.022596340626478195,0.15046268701553345,0.4146042764186859,0.06285753101110458,0.2096710354089737,0.0422333428960775,0.1047080740272071,-0.10634876001624605,0.4869873348370636,0.419342070818,0.5176320043031907,0.3440878239980216
10972.097,0.29538528144312626,-0.08656964666347888,0.26026032263935744,0.518248866733521,0.1492284859966684,0.18151976881766774,0.29979121685028076,0.022596340626478195,0.15046268701553345,0.4146042764186859,0.06285753101110458,0.2096710354089737,0.032349471359931097,0.10435581800041666,-0.109797635623824,0.539197092916058,0.419342070818,0.5119536155906085,0.34337409978576516
10972.116,0.30525588026595685,-0.08368468750651914,0.26373544792018744,0.49352994113075677,0.14424795784483854,0.17375626403770697,0.3205510079860687,0.025956396013498306,0.16097785532474518,0.4152258336544037,0.06742562353610992,0.210335835814476,0.04334845294810568,0.10186274959190846,-0.10275759259544226,0.5140689256619125,0.420664608479,0.5131538253966074,0.3452530105568884
10972.136,0.31513115253557245,-0.0807614954025796,0.26718118821917797,0.4937636134700021,0.14615960519378676,0.17228701494576582,0.3309316635131836,0.027642037719488144,0.1662362515926361,0.4152258336544037,0.06742562353610992,0.210335835814476,0.04385990896465772,0.10038570877427118,-0.10094493662654186,0.5148324901753513,0.420664608479,0.5142886327693936,0.34421641462252983
10972.156,0.3249788766120766,-0.07780898261727665,0.2706128306183699,0.4923862038144592,0.14762563926192523,0.17158211995585043,0.3413114547729492,0.029338568449020386,0.17149512469768524,0.4148761034011841,0.07185505330562592,0.21052630245685577,0.044381090036142976,0.09888209977589227,-0.09911770592068464,0.5139305012025334,0.421052634716,0.5154990233521792,0.3432719008958869
10972.177,0.3348017269455906,-0.07482047702533456,0.2740169168534898,0.49114251670965076,0.14942527960743257,0.1702043117677596,0.3413114547729492,0.029338568449020386,0.17149512469768524,0.4148761034011841,0.07185505330562592,0.21052630245685577,0.03445236750384657,0.09851151041322494,-0.10252179215580454,0.5132533969126652,0.421052634716,0.5148182296078506,0.33513904500968195
10972.197,0.34458718721612147,-0.07182337266918826,0.2773756129381904,0.4892730135158624,0.14985521780404434,0.16793480423136584,0.3413114547729492,0.029338568449020386,0.17149512469768524,0.4148761034011841,0.07185505330562592,0.21052630245685577,0.024550903687682913,0.09819226997050878,-0.10588048824050517,0.5116069546275841,0.421052634716,0.5122649160341998,0.32705017962359256
10972.216,0.3543581257413157,-0.06880025016332625,0.28072817833964975,0.4885469262490475,0.151156125289801,0.16762827006930803,0.3620178699493408,0.033138688653707504,0.18202143907546997,0.4140896201133728,0.07621684670448303,0.210526242852211,0.03560262841643661,0.09582625829237237,-0.09870673926417978,0.5113008625414901,0.421045392752,0.5121293813643352,0.33340479832916575
10972.237,0.36410896347388744,-0.06574191418433895,0.2839487986023144,0.4875418866179449,0.1529167989460273,0.1610310131297188,0.3723701238632202,0.0350441075861454,0.18728460371494293,0.4140896201133728,0.07621684670448303,0.210526242852211,0.03616540872850844,0.09443586271538346,-0.09666419488737149,0.5108585002521752,0.421045392752,0.5120965779663484,0.3327317612360227
10972.256,0.37383987359955617,-0.06265978576096232,0.2871539757177371,0.48654550631706756,0.15410642117948353,0.1602588557822111,0.38272035121917725,0.036960236728191376,0.1925477534532547,0.4132715165615082,0.080572709441185,0.21052633225917816,0.03673162581901034,0.09302579979868107,-0.0946062222644824,0.5102699460829243,0.421052604914,0.5122012172324306,0.33201486774686234
10972.276,0.3835370668951402,-0.05957368109487449,0.2903577920402314,0.484859664768619,0.15430523330102333,0.16019081612121736,0.38272035121917725,0.036960236728191376,0.1925477534532547,0.4132715165615082,0.080572709441185,0.21052633225917816,0.02685465449674059,0.09272697475182982,-0.09781003858697668,0.5087409936692855,0.421052604914,0.5105441971660027,0.32423829633225293
10972.297,0.39321085427395186,-0.05645180407985417,0.29356164832318543,0.483689368930024,0.15609385074760848,0.16019281414420602,0.38272035121917725,0.036960236728191376,0.1925477534532547,0.4132715165615082,0.080572709441185,0.21052633225917816,0.016988306970695217,0.09245137883523226,-0.10101389486993073,0.5081646545466872,0.421052604914,0.5068173317022787,0.31663772736824614
10972.316,0.40287181148190965,-0.053291550808016175,0.2967900973612869,0.4830478603873455,0.15801266358845084,0.1614224519015509,0.40334221720695496,0.04119540750980377,0.20307406783103943,0.4123938977718353,0.08491701632738113,0.21052639186382294,0.02808275399140516,0.09021843216304426,-0.09371602953024749,0.5081402273131733,0.421045869589,0.5054556985693393,0.3236478763213271
10972.337,0.4125102045945941,-0.05007981960401742,0.2999109750042792,0.4819196556675331,0.1605865602110379,0.15604388216040063,0.41365206241607666,0.043318331241607666,0.2083372324705124,0.4123938977718353,0.08491701632738113,0.21052639186382294,0.02868398580587214,0.08889177340426471,-0.09157374253376682,0.5078510243080908,0.421045869589,0.5040557568616848,0.32329855467652113
10972.356,0.4221361793554098,-0.0468031791757878,0.3028940524634336,0.48129873803028056,0.16383202140790468,0.1491538729544634,0.4239596724510193,0.045451920479536057,0.21360039710998535,0.4114838242530823,0.08925466984510422,0.21052631735801697,0.029258680580648375,0.08751147439143658,-0.08929365535344824,0.5082571216370382,0.421052634716,0.502784411533115,0.32307439401211824
10972.377,0.4317276069021625,-0.04349547063392134,0.30578828705250816,0.4795713773271662,0.16538542708971304,0.14471172945056937,0.4239596724510193,0.045451920479536057,0.21360039710998535,0.4114838242530823,0.08925466984510422,0.21052631735801697,0.01936958670622319,0.08715961394107777,-0.0921878899425228,0.5071124856384956,0.421052634716,0.49946096844841453,0.31561405272795057
10972.396,0.4412831085324741,-0.04016091318833426,0.30865365616178947,0.4777750815051513,0.16672787227571484,0.1432684554609384,0.4239596724510193,0.045451920479536057,0.21360039710998535,0.4114838242530823,0.08925466984510422,0.21052631735801697,0.009502350844450311,0.08682951142750749,-0.09505325905180412,0.505845023488743,0.421052634716,0.4909241567901394,0.3082237844981822
10972.417,0.45079395412493173,-0.036800802374850394,0.3115438777530633,0.4755422796557517,0.16800554068580598,0.14451107957368053,0.4444877803325653,0.050120264291763306,0.22412671148777008,0.41051486134529114,0.09357956051826477,0.21052639186382294,0.020641185499401263,0.0846698359484695,-0.08741716626529322,0.504148865764236,0.421045809984,0.4883185694197569,0.3156798962637297
10972.436,0.46023388125987097,-0.03344100388773641,0.3144643331141745,0.47199635673665935,0.1679899243520324,0.14602276805237188,0.454750657081604,0.052459754049777985,0.22938987612724304,0.41051486134529114,0.09357956051826477,0.21052639186382294,0.02135537682449329,0.08338437408958868,-0.08507445698693145,0.5008111733590885,0.421045809984,0.48626951454639444,0.3153766725962937
10972.456,0.46958902601564967,-0.030098480774553904,0.3174055076704898,0.4677572377787248,0.16712615565547725,0.1470587278125559,0.4650110602378845,0.05480985343456268,0.2346530258655548,0.4095137417316437,0.09789706766605377,0.21052631735801697,0.022150833218721414,0.08209581948275937,-0.082752481804935,0.4965525258367339,0.421052664518,0.4849230515989628,0.3149764115878158
10972.476,0.47886127739017076,-0.026771531685528482,0.3203502288807732,0.4636125687159348,0.16634745444764007,0.14723606051095542,0.4650110602378845,0.05480985343456268,0.2346530258655548,0.4095137417316437,0.09789706766605377,0.21052631735801697,0.012544305876359865,0.08179236702381489,-0.08569720301521838,0.492409012727989,0.421052664518,0.4822311285963388,0.3072538380110493
10972.497,0.4880526701108132,-0.023468242469899092,0.32330938118255137,0.45956963606388895,0.16516446079288594,0.147957615099136,0.4650110602378845,0.05480985343456268,0.2346530258655548,0.4095137417316437,0.09789706766605377,0.21052631735801697,0.0030216318379896225,0.08154290787677373,-0.08865635531699656,0.4882327417186674,0.421052664518,0.4742011711677113,0.29962750236033725
10972.517,0.4971863241291875,-0.020134203711442256,0.3262996643277755,0.45668270090874624,0.16670193791920307,0.14951415725794384,0.48584482073783875,0.06001150608062744,0.2453898787498474,0.4084535837173462,0.10220061242580414,0.21052634716033936,0.014946849138904234,0.07955222308690983,-0.0809097855779281,0.4860204702463405,0.421045482159,0.4727874217338362,0.30799471508031906
10972.537,0.5062535606500392,-0.016770967586569263,0.3292444127365589,0.45336182603269054,0.168161806239979,0.14723742043595578,0.49564769864082336,0.06246431916952133,0.2504425048828125,0.4084535837173462,0.10220061242580414,0.21052634716033936,0.01558280772437745,0.07840848856918183,-0.07880190785374641,0.48338180469713393,0.421045482159,0.47182076086165425,0.3078641072680189
10972.556,0.515247603257215,-0.013373970397375978,0.33221807368310213,0.44970213034897066,0.1698498594559568,0.14868304732391566,0.5058563351631165,0.06502989679574966,0.25570565462112427,0.40736210346221924,0.10649608075618744,0.21052630245685577,0.016692920508724927,0.07717971697370953,-0.07651241906197787,0.4805079256797122,0.421052604914,0.4714300739392477,0.30788687972864565
10972.577,0.524171169919677,-0.00993365670170454,0.3351852300068756,0.4461783331539445,0.17201568479546187,0.14835781619892868,0.5058563351631165,0.06502989679574966,0.25570565462112427,0.40736210346221924,0.10649608075618744,0.21052630245685577,0.007363215308859524,0.07681634321836191,-0.07947957538575134,0.4779317833732229,0.421052604914,0.4655153827525714,0.30020397685491607
10972.597,0.5330299898939481,-0.006476935190791622,0.33814153915619105,0.4429409987038851,0.1728360755418733,0.14781545746254546,0.5058563351631165,0.06502989679574966,0.25570565462112427,0.40736210346221924,0.10649608075618744,0.21052630245685577,-0.0019136078211978678,0.07647203827078591,-0.08243588453506678,0.47519417404880054,0.421052604914,0.4581215643278523,0.29255559095323813
10972.616,0.541847166322267,-0.0030155525760282575,0.34109028155812876,0.4408588214063229,0.17306913073439048,0.14743712009366725,0.5261697769165039,0.07055818289518356,0.2662319839000702,0.4062115550041199,0.11077620834112167,0.21052618324756622,0.00983727758791034,0.0745795083077529,-0.07485829765805857,0.4733553487719472,0.421045362949,0.45726004380765145,0.3010804162463778
10972.637,0.5506137484569097,0.0004363625543111205,0.34396037250814554,0.43832910672256487,0.1725957565132015,0.14350454749770655,0.5363250374794006,0.07332758605480194,0.27149513363838196,0.4062115550041199,0.11077620834112167,0.21052618324756622,0.011128470072174783,0.07344014487084025,-0.07246523886976358,0.4708570731310183,0.421045362949,0.45695656494984593,0.3015918877729388
10972.656,0.5593344677235469,0.0038744087189444,0.34679371252393976,0.4360359633223423,0.17190230822791172,0.14166700078661856,0.5363250374794006,0.07332758605480194,0.27149513363838196,0.4062115550041199,0.11077620834112167,0.21052618324756622,0.0019664172220052144,0.07313898362375094,-0.0752985788855578,0.46850444020821896,0.421045362949,0.45113220756658257,0.29428235553475496
10972.677,0.5680097811348921,0.0073021896837695,0.3495836133587001,0.4131101624681968,0.16322766500083322,0.13285242071032963,0.5565752387046814,0.07907960563898087,0.2820214331150055,0.4037904441356659,0.11930306255817413,0.2105264961719513,0.013841312429669194,0.07135239499848625,-0.06756218024369459,0.44402992180890216,0.421046257019,0.45522321990183257,0.30124923211581583
10972.697,0.5766277335737775,0.010744140347256792,0.35237062098556815,0.45357644414630555,0.1811552980760586,0.146684611938627,0.5565752387046814,0.07907960563898087,0.2820214331150055,0.4037904441356659,0.11930306255817413,0.2105264961719513,0.0047637779518525485,0.07105733450346272,-0.07034918787056266,0.4882284280932479,0.421046257019,0.4475239426857913,0.29854845181371115
10972.716,0.5851967172622452,0.014205821427197285,0.35521413810732716,0.42844918441403296,0.17308405399324658,0.14217585608484706,0.5666700005531311,0.08206218481063843,0.28728461265563965,0.4037904441356659,0.11930306255817413,0.2105264961719513,0.006229710701923394,0.07006365668601462,-0.06792952545168751,0.4618990747084753,0.421046257019,0.4473589595469895,0.29718964363766986
10972.737,0.5937011325838556,0.017660165718425658,0.35804702373381403,0.42522076607123793,0.1727172145576486,0.14164428132125167,0.5767647624015808,0.08504476398229599,0.2925477623939514,0.4037904441356659,0.11930306255817413,0.2105264961719513,0.007752331226013015,0.06904655008540563,-0.06549926133986261,0.4587825686439172,0.421046257019,0.4478922106667907,0.29811499701855537
10972.756,0.6021315065669278,0.021115173839164836,0.36088141474475344,0.4215186991827473,0.17275040604889969,0.14171955055676627,0.5868564248085022,0.08803777396678925,0.29781094193458557,0.4025183618068695,0.1235487163066864,0.21052631735801697,0.009339151785961963,0.06800546135780028,-0.06307047281016787,0.45536497431262213,0.421052634716,0.4491797256564146,0.29899046910900096
10972.777,0.6105017916836828,0.024582175856108,0.36373928445293197,0.4185142558286133,0.17335010084337443,0.14289348540580737,0.5868564248085022,0.08803777396678925,0.29781094193458557,0.4025183618068695,0.1235487163066864,0.21052631735801697,0.00047736142884506616,0.06771623462887191,-0.0659283425183464,0.45280513510044906,0.421052634716,0.4450401946298672,0.29170767820975246
10972.796,0.6188306821353747,0.028055697261389345,0.3665949141381962,0.41644452257550685,0.1736760702602762,0.1427814842600964,0.5868564248085022,0.08803777396678925,0.29781094193458557,0.4025183618068695,0.1235487163066864,0.21052631735801697,-0.008349775657786756,0.06745727465560827,-0.06878397220361065,0.4510253683526458,0.421052634716,0.4393794159124913,0.2845660005032159
10972.816,0.6271277348450883,0.031558098768701526,0.369454481400757,0.41485263547662427,0.17512007536178653,0.142978363124917,0.6069191098213196,0.09441621601581573,0.3083372414112091,0.4011886417865753,0.1277766227722168,0.21052618324756622,0.0038534546448703785,0.06591420420898045,-0.06111723998954788,0.4500972818982418,0.421045362949,0.44022683472148827,0.2945495300271724
10972.836,0.6353701566590401,0.035048304071835346,0.37231774815478186,0.41212109072607345,0.17451026516875343,0.14316333771113934,0.6169488430023193,0.09761063009500504,0.3136003911495209,0.4011886417865753,0.1277766227722168,0.21052618324756622,0.005599423764671541,0.06497719513623447,-0.058717357005260984,0.44736785267705526,0.421045362949,0.4417674124812027,0.2957887161089183
10972.857,0.6435655092171516,0.0385390025574468,0.37517772486349577,0.40976762789663296,0.17453492427676298,0.142998835432574,0.6169488430023193,0.09761063009500504,0.3136003911495209,0.4011886417865753,0.1277766227722168,0.21052618324756622,-0.003119194755125645,0.06471610869333384,-0.06157733371397489,0.4452214315409616,0.421045362949,0.43765691571995197,0.28862970045855885
10972.876,0.651704592981283,0.04203105008800245,0.3780222971447329,0.40695418819768786,0.17460237652397145,0.14222861405875217,0.6369389295578003,0.10420993715524673,0.3241267204284668,0.3984098732471466,0.13619370758533478,0.21052618324756622,0.009226023520179634,0.06323859030103206,-0.0538955767162661,0.44266454349798406,0.421045303345,0.4403668116291756,0.2987761330053671
10972.896,0.6598015492808715,0.04552662828618448,0.3808534030346006,0.40484781497058847,0.17477890990528622,0.14155529449029414,0.6369389295578003,0.10420993715524673,0.3241267204284668,0.3984098732471466,0.13619370758533478,0.21052618324756622,0.0005888788997934803,0.06297684766693952,-0.05672668260613378,0.4408071276245429,0.421045303345,0.4377404102664132,0.2916965103764967
10972.917,0.6678761932957409,0.04904901490149005,0.3836944152433102,0.403732200771374,0.1761193307774523,0.1420506104453006,0.6468991637229919,0.10761477798223495,0.32938987016677856,0.3984098732471466,0.13619370758533478,0.21052618324756622,0.002472276207463618,0.06216005329212593,-0.05430454507653165,0.4403060723178048,0.421045303345,0.4395340445437053,0.29351713249548916
10972.936,0.6759317455933646,0.05257643712043247,0.38651380642888467,0.40277761487239166,0.1763711109432713,0.1409695592756454,0.6568593978881836,0.11101961880922318,0.33465301990509033,0.3984098732471466,0.13619370758533478,0.21052618324756622,0.0043654824561362715,0.06132130539887004,-0.05186078652379433,0.43954939956298433,0.421045303345,0.4417777923124282,0.2953006009988601
10972.956,0.6839708404864082,0.0561152971054828,0.3892412402376572,0.40195474464340936,0.17694299924865392,0.1363716904356508,0.6568593978881836,0.11101961880922318,0.33465301990509033,0.3984098732471466,0.13619370758533478,0.21052618324756622,-0.0042479824645220085,0.061085755348409654,-0.054588220332566884,0.4390349138738773,0.421045303345,0.43835810174944767,0.28853231615532493
10972.977,0.6920006446540221,0.05966782408929028,0.39190300474739165,0.40149020837193117,0.1776263491864968,0.13308822548381657,0.6771016716957092,0.11818283051252365,0.34538987278938293,0.3954553008079529,0.14455068111419678,0.2105264961719513,0.00858028912772216,0.05976925639832133,-0.04651313195800871,0.4388947796134194,0.421046078205,0.44146870734861765,0.30000051935193633
10972.997,0.700031343706855,0.06324257038244152,0.39446078398704854,0.4015349526694015,0.17873731466991677,0.12788896199168429,0.6771016716957092,0.11818283051252365,0.34538987278938293,0.3954553008079529,0.14455068111419678,0.2105264961719513,-5.464774318831786e-05,0.05953317608967273,-0.0490709111976656,0.4393892600446927,0.421046078205,0.43877027316412176,0.29353225687281315
10973.017,0.7080617635805255,0.06683860149723497,0.3969680764562333,0.4015209936747597,0.1798015557357479,0.1253646234565006,0.6865925788879395,0.12165205180644989,0.350442498922348,0.3954553008079529,0.14455068111419678,0.2105264961719513,0.0013925077335440357,0.05885151780861021,-0.046525577533885254,0.4398132868009922,0.421046078205,0.44035204230365,0.2958032594135083
10973.036,0.7160682347994413,0.07044951745134581,0.3995489780426655,0.40032356093704846,0.18054579770160098,0.12904507931879347,0.6964789628982544,0.12526582181453705,0.3557056486606598,0.3954553008079529,0.14455068111419678,0.2105264961719513,0.003277347486985119,0.05811906564206104,-0.04384332938200569,0.43902552676921613,0.421046078205,0.4422186506873853,0.29817966554012143
10973.057,0.7240285717782209,0.07407630223493189,0.4022136356581645,0.3980168489302934,0.1813392391753457,0.1332328807720418,0.6964789628982544,0.12526582181453705,0.3557056486606598,0.3954553008079529,0.14455068111419678,0.2105264961719513,-0.005312600480387945,0.057888894793092144,-0.04650798699750469,0.43724017797742254,0.421046078205,0.43870700779923005,0.29143570856326867
10973.076,0.7319647881001801,0.07771822669077383,0.40496493544301904,0.39681081612538704,0.1820962228046837,0.13756498925223645,0.7161735892295837,0.13270072638988495,0.3662319779396057,0.3923242390155792,0.15284328162670135,0.21052618324756622,0.007148417488859662,0.05675682657036458,-0.03873295750341332,0.4364587138245781,0.421045571566,0.4417526338013001,0.30282087792300016
10973.096,0.7398736025938718,0.08135765546768997,0.4077902512324445,0.39544072467595537,0.1819714388418351,0.14126578946818968,0.7161735892295837,0.13270072638988495,0.3662319779396057,0.3923242390155792,0.15284328162670135,0.21052618324756622,-0.0013948733641674718,0.05653190155555456,-0.04155827329283879,0.43518090334940873,0.421045571566,0.43926121380651934,0.2959143693450481
10973.117,0.7477652362135847,0.08500680341592304,0.41065484753335707,0.39458168097703217,0.1824573974076707,0.14322981504250207,0.7259817123413086,0.13652180135250092,0.3714951276779175,0.3923242390155792,0.15284328162670135,0.21052618324756622,0.0005928599503898721,0.05592821686571878,-0.03915971985543959,0.4346147855325033,0.421045571566,0.44122592566315333,0.29827606962730296
10973.136,0.7556681820551461,0.08867028526241055,0.413484701773881,0.3951472920694433,0.18317409232037746,0.14149271202310926,0.7361821532249451,0.14049573242664337,0.3769688010215759,0.3923242390155792,0.15284328162670135,0.21052618324756622,0.002979741890417501,0.055287461793887806,-0.0365159007523051,0.4354465992139831,0.421045571566,0.4435250545934954,0.30107694474542646
10973.157,0.7635678603875219,0.09236490722938001,0.41624259681939624,0.3949839166101691,0.18473109834444063,0.1378947522727507,0.7361821532249451,0.14049573242664337,0.3769688010215759,0.3923242390155792,0.15284328162670135,0.21052618324756622,-0.005586788301034946,0.05509392967871644,-0.03927379579782031,0.43594978415020136,0.421045571566,0.4400315514831233,0.29443716293214706
10973.177,0.7714713935468043,0.09610984926006078,0.4188947421069994,0.37635872189171427,0.1783305728995697,0.1262926327500962,0.7553235292434692,0.14819073677062988,0.38728460669517517,0.3890197277069092,0.16106845438480377,0.2105264961719513,0.00643224853494025,0.05414608521612836,-0.031610135411824225,0.4163545339655149,0.421045601368,0.4459219944851491,0.3051240915587945
10973.196,0.7793901056428836,0.09989555306506015,0.4214391949969329,0.416774320841172,0.19924756868173596,0.13391857315275318,0.7553235292434692,0.14819073677062988,0.38728460669517517,0.3890197277069092,0.16106845438480377,0.2105264961719513,-0.0022044676926379764,0.05391442470188929,-0.034154588301757716,0.46181407472973923,0.421045601368,0.4397610419245798,0.3008878897264762
10973.217,0.7873231761673405,0.10370987984064306,0.4239468538528491,0.3966535262141873,0.1907163387749826,0.1253829427930729,0.7650490403175354,0.15221744775772095,0.39254775643348694,0.3890197277069092,0.16106845438480377,0.2105264961719513,-0.0003481351162579402,0.05337602528313929,-0.03139909741936214,0.43999204818453647,0.421045601368,0.43667527348117696,0.30276768244453806
10973.237,0.7952653903182879,0.10756257671827718,0.42648790068443476,0.3782006738758672,0.18346175608811277,0.12100223008230031,0.7747745513916016,0.156244158744812,0.3978109359741211,0.3890197277069092,0.16106845438480377,0.2105264961719513,0.0014830390103241012,0.05279745736131145,-0.028676964710313668,0.42021675791509006,0.421045601368,0.4409016281174212,0.30474731603682076
10973.257,0.803191312057324,0.11143834818599546,0.4290720061406367,0.41715377573362794,0.20398797198267296,0.1360055503247498,0.7747745513916016,0.156244158744812,0.3978109359741211,0.3890197277069092,0.16106845438480377,0.2105264961719513,-0.007200412355802932,0.05256640570242468,-0.03126107016651558,0.46420423474995404,0.421045601368,0.4334232529694918,0.30021602589485397
10973.277,0.8110932091479135,0.11532849848939752,0.43166309177018053,0.37628081382612383,0.18524525253730728,0.12338502997451681,0.7941387295722961,0.16450147330760956,0.40833723545074463,0.38554298877716064,0.16922177374362946,0.21052618324756622,0.005173818066881799,0.05175584446961858,-0.0233258563194359,0.41926828994947263,0.421045601368,0.4385210322002385,0.3107019970511474
10973.297,0.8189545956097963,0.11923243987463766,0.4343087967117122,0.4137571821992895,0.20547059922064734,0.13924762849995978,0.7941387295722961,0.16450147330760956,0.40833723545074463,0.38554298877716064,0.16922177374362946,0.21052618324756622,-0.003463527543376796,0.051508412634277065,-0.025971561260967557,0.46180305453435366,0.421045601368,0.4316902529718219,0.30567640727566564
10973.317,0.8267664257880282,0.1231238307512938,0.4370409659307368,0.3719919132700146,0.1853043274702167,0.13010329615133293,0.8037773370742798,0.16873201727867126,0.4136003851890564,0.38554298877716064,0.16922177374362946,0.21052618324756622,-0.0015241600157908722,0.05105175623277727,-0.023440580741680428,0.4154596615516399,0.421045601368,0.43571320604419844,0.30681437934652056
10973.336,0.8345517922516651,0.1270130157120387,0.4398694175902952,0.4097561296600799,0.20469394529985574,0.14886587681703692,0.8134158849716187,0.17296256124973297,0.41886353492736816,0.38554298877716064,0.16922177374362946,0.21052618324756622,0.0004423733007463612,0.050575602987350976,-0.021005882662927022,0.4579133727072634,0.421045601368,0.43044981126166254,0.31103784362503684
10973.356,0.8423146470685454,0.13091010227020994,0.44281541481773745,0.388142740835544,0.194854327904308,0.14729986136889803,0.8134158849716187,0.17296256124973297,0.41886353492736816,0.38554298877716064,0.16922177374362946,0.21052618324756622,-0.00809259527553953,0.05037913912191785,-0.023951879890369288,0.4341981013549204,0.421045601368,0.42651456880559663,0.3033202617500726
10973.376,0.8500526145154902,0.1348130268327805,0.4458116332889031,0.3868983723387934,0.19514622812426916,0.1498109235550128,0.8326019644737244,0.18162569403648376,0.4293898642063141,0.3818958103656769,0.17730063199996948,0.2105264961719513,0.004440128437437997,0.04976179515515804,-0.01642176908258902,0.4332284760545013,0.421046227217,0.4291975351950041,0.3156929526011423
10973.396,0.8577557575600685,0.13871871920951728,0.4487096952822464,0.3851571522205083,0.1952846188325758,0.14490309966400228,0.8326019644737244,0.18162569403648376,0.4293898642063141,0.3818958103656769,0.17730063199996948,0.2105264961719513,-0.004050570323051134,0.04957130899512909,-0.019319831075932326,0.4317446339955708,0.421046227217,0.42638203070775765,0.30880461210891086
10973.416,0.865422000964827,0.14263231242394575,0.45154016214987747,0.3833121702644212,0.19567966073494908,0.14152334339133502,0.8421493768692017,0.18605820834636688,0.43465304374694824,0.3818958103656769,0.17730063199996948,0.2105264961719513,-0.001991181225652911,0.04922863664868083,-0.016887118402929224,0.4302803186353581,0.421046227217,0.42416904652091914,0.31187420816737865
10973.436,0.8730497027621081,0.14656508674643093,0.454271240283931,0.381385089855731,0.19663871611996667,0.13655390669969653,0.851696789264679,0.19049072265625,0.43991619348526,0.3818958103656769,0.17730063199996948,0.2105264961719513,8.757855004593029e-05,0.04884056444092607,-0.014355046798671,0.4289919745750492,0.421046227217,0.4265369977422907,0.31499044985591984
10973.456,0.8806367817907771,0.15050987792938725,0.45692615750113863,0.37935395142516715,0.19723955914351066,0.1327458608574834,0.851696789264679,0.19049072265625,0.43991619348526,0.3818958103656769,0.17730063199996948,0.2105264961719513,-0.008331905851514814,0.0486474095648023,-0.01700996401587862,0.4274575797912676,0.421046227217,0.42342697174790617,0.3084391608705963
10973.477,0.8882019625912356,0.15448266135727334,0.45963631170380964,0.37825904001467026,0.1986391713899689,0.1355077101305927,0.8706962466239929,0.19955581426620483,0.45044252276420593,0.3780774474143982,0.1853003203868866,0.21052618324756622,0.004306585048578233,0.048161110139790776,-0.009193788939603709,0.4271217533120732,0.42104485631,0.4268741402314138,0.3216505212465173
10973.497,0.8957390357523133,0.1584731503570393,0.462311562221201,0.37685365807993154,0.199524450002089,0.13376252587881438,0.8706962466239929,0.19955581426620483,0.45044252276420593,0.3780774474143982,0.1853003203868866,0.21052618324756622,-0.004090278748720571,0.04793950543087338,-0.011869039456995079,0.4262845633994756,0.42104485631,0.4247494420317901,0.31502607624430845
10973.517,0.9032569028433731,0.16246383378726242,0.465026603162366,0.37589335454478695,0.19953417150680108,0.13575204705528587,0.8805262446403503,0.20437362790107727,0.4559161961078644,0.3780774474143982,0.1853003203868866,0.21052618324756622,-0.0015225775014380723,0.0476528637414071,-0.009110407054501612,0.4254575190939318,0.42104485631,0.4232432416344698,0.3188733481904167
10973.536,0.9107670596611038,0.1664871015558133,0.46774297559683464,0.37550784087833877,0.20116338842315337,0.13581862172046788,0.8896000981330872,0.20882083475589752,0.46096882224082947,0.3780774474143982,0.1853003203868866,0.21052618324756622,0.0001937506906162234,0.047330198474698326,-0.006774153356005175,0.4258729733862764,0.42104485631,0.4260104895483198,0.32182890871821324
10973.557,0.9182684265240738,0.17050436186882412,0.47051398984660725,0.3750683431403122,0.2008630156461559,0.1385507124856061,0.8896000981330872,0.20882083475589752,0.46096882224082947,0.3780774474143982,0.1853003203868866,0.21052618324756622,-0.008182534134139663,0.04714945686201403,-0.009545167605777782,0.4253718283643181,0.42104485631,0.42316445481099735,0.31518029020092825
10973.576,0.9257655935156819,0.17454280959866447,0.4733951135223925,0.3748583496063145,0.20192238650597497,0.14405618379921972,0.9087786078453064,0.21847710013389587,0.4717056453227997,0.37409350275993347,0.19321823120117188,0.21052618324756622,0.004911259429644181,0.04684718879307911,-0.001689468199592814,0.42569207512010543,0.421045392752,0.42688344545488593,0.3290542307120614
10973.597,0.9332503170552552,0.17860288749303677,0.4763283438133503,0.37423617697049627,0.20300389471418354,0.1466615145446898,0.9087786078453064,0.21847710013389587,0.4717056453227997,0.37409350275993347,0.19321823120117188,0.21052618324756622,-0.0034645298035678902,0.04665634381973078,-0.004622698490550636,0.4256590750681557,0.421045392752,0.4249230738553255,0.3221625646341095
10973.617,0.9407271536458766,0.18265409746557837,0.47933032990373386,0.3738418295229084,0.20256049862265868,0.15009930451590095,0.9177568554878235,0.22311432659626007,0.47675827145576477,0.37409350275993347,0.19321823120117188,0.21052618324756622,-0.0017219826698382928,0.04649408042387651,-0.0025720584479690944,0.42512921645478663,0.421045392752,0.4233792408783792,0.3251083630857742
10973.636,0.9481884583325253,0.18671730854583574,0.4822598981840825,0.3730652343242938,0.2031605540084338,0.14647841401423403,0.9271091818809509,0.22794479131698608,0.4820214509963989,0.37409350275993347,0.19321823120117188,0.21052618324756622,0.00044541987937518276,0.046301650429530626,-0.00023844718768356588,0.4247391151528949,0.421045392752,0.42631657638802806,0.3284976519183842
10973.657,0.9556252330544255,0.19078286987680837,0.4851292507795518,0.37183873608689283,0.20327806654419456,0.143467629770335,0.9271091818809509,0.22794479131698608,0.4820214509963989,0.37409350275993347,0.19321823120117188,0.21052618324756622,-0.007896270034572352,0.046171663379125455,-0.003107799783152898,0.4237271829341032,0.421045392752,0.42371977293387536,0.32184084505335975
10973.677,0.9630605706272702,0.19488733625587434,0.4880353126965516,0.371766878667935,0.20522331896748408,0.14530309586003204,0.946080207824707,0.23800262808799744,0.49275827407836914,0.369943231344223,0.20105060935020447,0.21052618324756622,0.00521838896332185,0.046043778377792735,0.0047229613818175475,0.42459271159068496,0.421045541763,0.42781861338052435,0.33612631741269133
10973.697,0.9704975863461361,0.19907209647782398,0.49096474829327186,0.3718507859351784,0.20923801109291454,0.14647177983281606,0.946080207824707,0.23800262808799744,0.49275827407836914,0.369943231344223,0.20105060935020447,0.21052618324756622,-0.0031783127223990737,0.04584422530208247,0.001793525785097283,0.4265780692487923,0.421045541763,0.42585782774895115,0.3292128173881306
10973.717,0.9779537886776367,0.20334875215463954,0.4940117491210208,0.37281011656689095,0.2138327838361108,0.15235004138412186,0.9549588561058044,0.24282784759998322,0.49781090021133423,0.369943231344223,0.20105060935020447,0.21052618324756622,-0.001526127698633955,0.04566220357596784,0.003799151090313424,0.42962742839540996,0.421045541763,0.4235827246334466,0.3320219967847634
10973.736,0.9854404407043188,0.2077070373250991,0.4971427208629834,0.37433260132593327,0.21791425851822102,0.15654858709471212,0.9642074108123779,0.2478541135787964,0.503074049949646,0.369943231344223,0.20105060935020447,0.21052618324756622,0.0004840397098308802,0.045413599237139814,0.005931329086662607,0.43294601747813805,0.421045541763,0.42525732072403183,0.33492539154318446
10973.757,0.9929204133452548,0.21209855897042068,0.5002568608360504,0.37399863207265277,0.2195760822812566,0.15570699866411153,0.9642074108123779,0.2478541135787964,0.503074049949646,0.369943231344223,0.20105060935020447,0.21052618324756622,-0.008044308254107319,0.04514626567633732,0.0028171891135956306,0.4334884846791222,0.421045541763,0.42122636411584596,0.3275850462664185
10973.776,1.0003720521782449,0.21649800044719175,0.5033996644375147,0.37258194164136976,0.21997207383375203,0.15714018006978747,0.9825968742370605,0.258100301027298,0.5136004090309143,0.36563026905059814,0.20879419147968292,0.21052680909633636,0.0044990851608375185,0.04501629257406482,0.010200744593399591,0.43247816336089556,0.42104691267,0.4238460151071964,0.340991487695154
10973.797,1.0077789644955093,0.22088739279070646,0.5065227881623141,0.35271011033517097,0.209018683018137,0.1487201773668652,0.9825968742370605,0.258100301027298,0.5136004090309143,0.36563026905059814,0.20879419147968292,0.21052680909633636,-0.003966689674405676,0.04475716235684076,0.0070776208686001985,0.4098259102842547,0.42104691267,0.42813648278305755,0.33378867063462364
10973.816,1.0151355705646985,0.2252737592448228,0.5096665333847823,0.3871897931104762,0.2308613923190831,0.16546027486471904,0.9932001829147339,0.2641553580760956,0.5197056531906128,0.36563026905059814,0.20879419147968292,0.21052680909633636,-0.00017776384970341966,0.0446420021845346,0.010039119805830499,0.45061486229676506,0.42104691267,0.42350856512923113,0.3383840358852137
10973.837,1.0224737819253575,0.22968124469950651,0.5128594692938953,0.3669105680583135,0.22037427274941881,0.159646795466683,1.0008783340454102,0.26854002475738525,0.5241267085075378,0.36563026905059814,0.20879419147968292,0.21052680909633636,0.00024978418305636463,0.04445566065850347,0.011267239213642588,0.42783692210063523,0.42104691267,0.4260269008218469,0.3399677050091625
10973.869,1.029775237978848,0.23408839608026333,0.5160718689626009,0.22125624403667926,0.133550041835992,0.09734544450249812,1.0008783340454102,0.26854002475738525,0.5241267085075378,0.36563026905059814,0.20879419147968292,0.21052680909633636,-0.008132739297812691,0.04422447655946243,0.00805483954493691,0.2583433725960256,0.42104691267,0.4651406847773523,0.3336756118102252
10973.877,1.0370505422946712,0.23851606243545814,0.519311344974476,1.0393291880330688,0.6325237650633335,0.46278228743669253,1.0190480947494507,0.27917107939720154,0.5346530675888062,0.361152708530426,0.21644413471221924,0.21052618324756622,0.004547343450366757,0.04422940412579019,0.0153417226143302,1.2162156332407195,0.421045541763,0.4206317005920944,0.33367017442666536
10973.896,1.0443999769727257,0.24303251863950298,0.5225168308824236,0.36747173389470333,0.2258228101973127,0.16027429539388502,1.0190480947494507,0.27917107939720154,0.5346530675888062,0.361152708530426,0.21644413471221924,0.21052618324756622,-0.003933667572148573,0.04396862250892679,0.01213623670638253,0.4311382074449175,0.421045541763,0.4178578724851345,0.3387825238059437
10973.917,1.0517691303483176,0.24758916982224277,0.5256801839639264,0.3684576688050666,0.22783255915273767,0.15816765408606925,1.0280768871307373,0.2845821678638458,0.5399162173271179,0.361152708530426,0.21644413471221924,0.21052618324756622,-0.0019302427267272777,0.04388711036059387,0.01423603336319157,0.4330362677219388,0.421045541763,0.41507128559300893,0.3420269007853855
10973.937,1.0591211263439637,0.25215409474974915,0.5288479027333906,0.36759979977427937,0.22824624637033664,0.1583859384697528,1.037105679512024,0.2899932861328125,0.5451793670654297,0.361152708530426,0.21644413471221924,0.21052618324756622,8.34536866135549e-05,0.043777589463288795,0.016331464332039136,0.4325407202678112,0.421045541763,0.4126385577848732,0.34523129330609215
10973.956,1.06642606703624,0.25669299981295257,0.5319342261037339,0.3652470346058411,0.2269452531552175,0.15431616851379729,1.037105679512024,0.2899932861328125,0.5451793670654297,0.361152708530426,0.21644413471221924,0.21052618324756622,-0.008379173295097839,0.043570444666603696,0.013245140961695823,0.42988690835093213,0.421045541763,0.40917154556785995,0.33812820548418276
10973.976,1.073566401822395,0.26113065282919473,0.5350239962312382,0.3570167392999543,0.22188265080726477,0.15448850637184444,1.0550475120544434,0.30100443959236145,0.5557056665420532,0.35651540756225586,0.2239990532398224,0.21052618324756622,0.004399122659387945,0.04374375234133088,0.020681670310815026,0.4202553946756716,0.421044915915,0.4134417339364486,0.3526739052942422
10973.997,1.0805725184720953,0.2655225502206638,0.5381927092207706,0.35030583250923425,0.2195948695886316,0.15843564948756947,1.0550475120544434,0.30100443959236145,0.5557056665420532,0.35651540756225586,0.2239990532398224,0.21052618324756622,-0.003729216382483698,0.04354978038037829,0.017512957321282663,0.41334640607642337,0.421044915915,0.413039823531651,0.3456247175236713
10974.016,1.0874991844385518,0.26989051593488356,0.5413731921096506,0.34633329831526094,0.21839828570622125,0.1590241444405321,1.0639604330062866,0.30660441517829895,0.560968816280365,0.35651540756225586,0.2239990532398224,0.21052618324756622,-0.0012535931164192188,0.04359371194271128,0.019595624170714365,0.4093518252023024,0.421044915915,0.41769627893567823,0.3494536066356245
10974.036,1.0943788637660132,0.2742914640301598,0.5446642133568995,0.3439839663655653,0.2200474047590092,0.16455106235885286,1.0728733539581299,0.31220439076423645,0.5662319660186768,0.35651540756225586,0.2239990532398224,0.21052618324756622,0.001250168709665319,0.04356964589984412,0.02156775266177724,0.4082233051250571,0.421044915915,0.4230121584226244,0.35291779612521823
10974.057,1.1012508200022264,0.27875379536054407,0.5480308021166043,0.3435978118031586,0.22311656651434292,0.16832943798156308,1.0728733539581299,0.31220439076423645,0.5662319660186768,0.35651540756225586,0.2239990532398224,0.21052618324756622,-0.006793638309596468,0.04333669796447072,0.018201163902072492,0.40952403687529976,0.421044915915,0.42252194588433023,0.34530011580239584
10974.077,1.1081401684888088,0.2832756834979732,0.5514100118511654,0.32806421366519495,0.2153280065563315,0.16091474927385022,1.0905793905258179,0.32359081506729126,0.5767582654953003,0.35172203183174133,0.23145410418510437,0.21052618324756622,0.006162608284822093,0.043539786577850084,0.025348253644134844,0.3922486536287449,0.421045601368,0.43149023096543093,0.3600693643099555
10974.097,1.1150693385154256,0.28787924739455284,0.5548019587685533,0.3646931592911493,0.2422928366591162,0.1785235219655948,1.0905793905258179,0.32359081506729126,0.5767582654953003,0.35172203183174133,0.23145410418510437,0.21052618324756622,-0.002004612703997398,0.04325569495552277,0.021956306726746977,0.43762473153078374,0.421045601368,0.42819444607307927,0.35104134864649655
10974.117,1.1220563550221478,0.29255701343135887,0.5582186233364723,0.3493508253284888,0.23388830183519624,0.17083322839222123,1.099372386932373,0.3293771743774414,0.5820214152336121,0.35172203183174133,0.23145410418510437,0.21052618324756622,0.00026221641069114343,0.043246016035553,0.02380279189713974,0.42020441096182404,0.421045601368,0.431794398774322,0.35468594140269616
10974.136,1.1290823443977358,0.2972815652397001,0.5616577760534428,0.35129946877172985,0.23622759041190608,0.17195763584477072,1.1081655025482178,0.33516353368759155,0.5872845649719238,0.35172203183174133,0.23145410418510437,0.21052618324756622,0.0024721008784810428,0.04320239025437602,0.025626788918481025,0.423142970214262,0.421045601368,0.43508102884206695,0.3576636992859257
10974.157,1.1361340481339628,0.30204558520615493,0.5651075667882767,0.35258518680365325,0.23820099831754124,0.17248953673792836,1.1081655025482178,0.33516353368759155,0.5872845649719238,0.35172203183174133,0.23145410418510437,0.21052618324756622,-0.005885421780823727,0.042946476738642866,0.022176998183647156,0.4253273429414892,0.421045601368,0.4325465554127083,0.3498279483156205
10974.176,1.14319926548016,0.30686530457149824,0.5685847540680782,0.3532608673342749,0.2409859682838229,0.17385936400209284,1.1256279945373535,0.3469201624393463,0.5978109240531921,0.346771240234375,0.23880727589130402,0.21052618324756622,0.00676046342847326,0.04321385582878828,0.02922616998511396,0.4274366479475523,0.421045362949,0.43626724391105554,0.3637682292802741
10974.199,1.1502548257053353,0.311714852372336,0.5720169827471591,0.3207072829502143,0.2204339909387132,0.15601039449769136,1.1256279945373535,0.3469201624393463,0.5978109240531921,0.346771240234375,0.23880727589130402,0.21052618324756622,-0.0016488494327100423,0.042932225260739414,0.025793941306033075,0.3889814811460484,0.421045362949,0.4444208399190445,0.3571477455148667
10974.217,1.1573008978568362,0.3165979688560775,0.5754547124483904,0.39144845286052715,0.27128424909631205,0.19098498340143294,1.134297251701355,0.35289034247398376,0.6030740737915039,0.346771240234375,0.23880727589130402,0.21052618324756622,0.0004521099691183715,0.04296626253054958,0.02761936134311349,0.47604101104226415,0.421045362949,0.43688767448256016,0.3575453338873109
10974.237,1.1643573810410741,0.3215373293410581,0.5788919597648414,0.3360230087920941,0.23520764215513598,0.1636784436497113,1.1429665088653564,0.3588605225086212,0.6083372235298157,0.346771240234375,0.23880727589130402,0.21052618324756622,0.0025137544177582932,0.04294497874476506,0.02944526376497425,0.409955908328117,0.421045362949,0.4424641400867956,0.3628647254885561
10974.257,1.1714361998594385,0.3264888292037284,0.5823124997283176,0.37256941148829564,0.260605255926822,0.18002841912811665,1.1429665088653564,0.3588605225086212,0.6083372235298157,0.346771240234375,0.23880727589130402,0.21052618324756622,-0.00597465722437342,0.042693715038349615,0.026024723801498117,0.4544890350546783,0.421045362949,0.4358168513942832,0.35365041484739124
10974.276,1.178533284655313,0.3314794186561416,0.5857618402069408,0.35485423978597697,0.2495294726152137,0.17246702392739638,1.1601775884628296,0.37098217010498047,0.6188635230064392,0.34166792035102844,0.24605463445186615,0.21052680909633636,0.00654283969834929,0.043064953308011286,0.03310168279949843,0.4336453704248686,0.42104613781,0.43848165006320844,0.36848880618708113
10974.296,1.1856326146637999,0.33651358350486926,0.5891935247851308,0.3549665004165992,0.2517082424308883,0.171584228905754,1.1601775884628296,0.37098217010498047,0.6188635230064392,0.34166792035102844,0.24605463445186615,0.21052680909633636,-0.002009158003079742,0.042801928755841254,0.029669998221308447,0.43498721107990773,0.42104613781,0.4353689703394725,0.3606658540641512
10974.316,1.1927109611262918,0.3415658949832258,0.5926366039059523,0.3539173231168721,0.2526155739123136,0.172153956037319,1.1687192916870117,0.3771335184574127,0.6241267323493958,0.34166792035102844,0.24605463445186615,0.21052680909633636,-3.409713514728949e-05,0.04290285397815154,0.031490128443443455,0.43466253228756746,0.42104613781,0.4327020609428952,0.36399170034543926
10974.337,1.199755460408805,0.3466639105201973,0.5960936889285632,0.3522249641500044,0.25490077686619306,0.17285425114249217,1.1772609949111938,0.38328489661216736,0.6293898820877075,0.34166792035102844,0.24605463445186615,0.21052680909633636,0.0019445829081307063,0.042933858406680486,0.03329619315914434,0.43458338366397686,0.42104613781,0.43444758413045537,0.36711972960661127
10974.357,1.2067632074543957,0.3517593425930367,0.5995553481557776,0.3503873522718871,0.2547716036364095,0.17308296135694295,1.1772609949111938,0.38328489661216736,0.6293898820877075,0.34166792035102844,0.24605463445186615,0.21052680909633636,-0.006567535854981113,0.04267444872462817,0.02983453393192992,0.433036460108573,0.42104613781,0.43049999598446875,0.35938477733746754
10974.377,1.2137489093554785,0.3568511543170945,0.6030446476719353,0.3492850950465174,0.2545905861973336,0.17446497580407824,1.1942131519317627,0.39576616883277893,0.639916181564331,0.3364119231700897,0.25319230556488037,0.21052618324756622,0.005980858852174718,0.04313065615388386,0.036871533892395725,0.43206736495502995,0.421045511961,0.4332712914743547,0.37378652624185366
10974.396,1.2207065369642982,0.3619484696385142,0.60650505126576,0.3478813804333906,0.25486576606541983,0.17302017968745895,1.1942131519317627,0.39576616883277893,0.639916181564331,0.3364119231700897,0.25319230556488037,0.21052618324756622,-0.0024920951252886056,0.04288736050589339,0.03341113029857101,0.43110836742153413,0.421045511961,0.430608275588191,0.36607434588228044
10974.417,1.2276375875580143,0.36706028177406647,0.6100181632356569,0.3465525297097606,0.25559060679528106,0.1756555985069865,1.2026233673095703,0.4020959734916687,0.6451793313026428,0.3364119231700897,0.25319230556488037,0.21052618324756622,-0.0004312664487968222,0.04304677593059288,0.03516116806698588,0.43047083489727794,0.421045511961,0.42845359606294675,0.3694952477170656
10974.437,1.234548053850388,0.3722061855800498,0.6135707471199726,0.3290698234363274,0.2450430383726879,0.16917066115273127,1.2110337018966675,0.40842577815055847,0.6504424810409546,0.3364119231700897,0.25319230556488037,0.21052618324756622,0.001629630331810794,0.04315238045297993,0.036871733920981975,0.4101400444776301,0.421045511961,0.43382680938318907,0.3736467133304587
10974.457,1.2414360568744125,0.37738196779253347,0.6171320409781366,0.36252647494422024,0.27240959012738075,0.18743651884843732,1.2110337018966675,0.40842577815055847,0.6504424810409546,0.3364119231700897,0.25319230556488037,0.21052618324756622,-0.006829372226162395,0.042911315812199924,0.033310440062818025,0.4532984319134957,0.421045511961,0.4275115325750534,0.3638718479085892
10974.477,1.2483153464838246,0.3825930774195153,0.6207298263769823,0.34396448046309636,0.26055548134340495,0.17988926993835833,1.2277193069458008,0.42126113176345825,0.6609688401222229,0.3310081958770752,0.2602176070213318,0.21052618324756622,0.005736527054088732,0.043433944430084546,0.04023901374524064,0.4313459691184982,0.421045869589,0.43049093191759213,0.37916819671086216
10974.496,1.2551599069416401,0.38779914198336324,0.6242854601924461,0.3422280229144335,0.2603032282103887,0.17778169078548184,1.2277193069458008,0.42126113176345825,0.6609688401222229,0.3310081958770752,0.2602176070213318,0.21052618324756622,-0.0027056572239876377,0.04318993756838652,0.03668337992977677,0.4298291446370991,0.421045869589,0.42797344857627745,0.37135688329548877
10974.517,1.2619735151508915,0.39301951208128116,0.6278332710695164,0.3406804104551319,0.2610185048901988,0.17739054384963965,1.2359944581985474,0.4277665615081787,0.6662319898605347,0.3310081958770752,0.2602176070213318,0.21052618324756622,-0.0006147463656881111,0.04338076683179166,0.038398718791018305,0.4290337191884189,0.421045869589,0.4259946296055118,0.3748285735442738
10974.537,1.2687707174135807,0.398268699418466,0.6313880065124151,0.3398601131270419,0.2624593668535123,0.17773677214105782,1.2442697286605835,0.43427202105522156,0.6714951395988464,0.3310081958770752,0.2602176070213318,0.21052618324756622,0.0014741087288780465,0.043524299215606146,0.040107133086431324,0.4292589115765373,0.421045869589,0.428412842742839,0.3781263857091084
10974.557,1.2755467508211593,0.40352732580539913,0.6349512776414521,0.3388016703715345,0.2629313193409178,0.17816355644796017,1.2442697286605835,0.43427202105522156,0.6714951395988464,0.3310081958770752,0.2602176070213318,0.21052618324756622,-0.006945293273168167,0.043304171884326455,0.03654386195739434,0.4287240597088968,0.421045869589,0.4252011286106098,0.3703132594595391
10974.577,1.28230457418729,0.40882387123007036,0.6385311707568464,0.33789116832989224,0.2648272712518667,0.1789946557820877,1.260681390762329,0.4474557638168335,0.68202143907547,0.32545575499534607,0.26712846755981445,0.2105262726545334,0.005662439064922434,0.04390810825008008,0.04349026831862357,0.4291586356159053,0.421045213938,0.42849001601690023,0.38494240287863146
10974.596,1.2890501477567589,0.41415059331929915,0.6421119015195579,0.33727867846607845,0.2663361044556263,0.1790365381316661,1.260681390762329,0.4474557638168335,0.68202143907547,0.32545575499534607,0.26712846755981445,0.2105262726545334,-0.0027725609388897093,0.04366158106526815,0.03990953755591209,0.4296093240386871,0.421045213938,0.42600547508359093,0.37698797866573086
10974.616,1.2957729801984998,0.41949711909331266,0.6457197338702014,0.3361416220797122,0.2673262886948404,0.1803916175282398,1.2688177824020386,0.4541339874267578,0.6872845888137817,0.32545575499534607,0.26712846755981445,0.2105262726545334,-0.0006846763258574889,0.043884240389045995,0.04156485494358031,0.42933502837248894,0.421045213938,0.42398659502442093,0.3804298228544032
10974.637,1.3024792112029666,0.4248748418574196,0.6493504931911531,0.3353115502160192,0.2688861381994767,0.18153796604362207,1.276954174041748,0.46081218123435974,0.6925477385520935,0.32545575499534607,0.26712846755981445,0.2105262726545334,0.0014001053863468976,0.04405745780775469,0.043197245360940384,0.42965500854457006,0.421045213938,0.4263519750882402,0.3836865296224035
10974.657,1.3091914323547524,0.43029115468675005,0.6530152913068903,0.3356110575819655,0.27081564146061227,0.1832399057828586,1.276954174041748,0.46081218123435974,0.6925477385520935,0.32545575499534607,0.26712846755981445,0.2105262726545334,-0.007060525799740688,0.04382833399172803,0.03953244724520322,0.4311041555306838,0.421045213938,0.422621434948953,0.3756035232336178
10974.676,1.3159020979334102,0.4357420603378627,0.6567229106470277,0.3355332789560795,0.27254528257447225,0.1853809670196845,1.293084740638733,0.47433850169181824,0.703074038028717,0.3197607398033142,0.2739201486110687,0.21052618324756622,0.005492796713195195,0.044498834404620095,0.04635112738168934,0.4321370496534289,0.421045333147,0.4253345773122207,0.3901422492863982
10974.696,1.322607192397761,0.44122295713145565,0.6604135743686534,0.33525472321021943,0.2740448396736645,0.18453318607725913,1.293084740638733,0.47433850169181824,0.703074038028717,0.3197607398033142,0.2739201486110687,0.21052618324756622,-0.003000503335131504,0.044262980346214384,0.0426604636600636,0.4328746250226886,0.421045333147,0.4223646100437777,0.38204279644612016
10974.717,1.3293005816308874,0.44673423817038094,0.6641228477054497,0.33466946164901773,0.27556405194024935,0.18546366683576523,1.3010787963867188,0.48118650913238525,0.7083372473716736,0.3197607398033142,0.2739201486110687,0.21052618324756622,-0.000988163419688503,0.044524730991476295,0.04421439966622387,0.4333870995341573,0.421045333147,0.4197362354360587,0.38536754670315093
10974.736,1.3359812041128591,0.45227390929444594,0.6678383300329874,0.3340311240912971,0.2769835561972043,0.1857741163728305,1.309072732925415,0.48803451657295227,0.7136003971099854,0.3197607398033142,0.2739201486110687,0.21052618324756622,0.0010186782506774773,0.04474202889001197,0.045762067076997925,0.4338018069854214,0.421045333147,0.42146533738770914,0.3885769629023331
10974.757,1.3426403174508716,0.45783181230064923,0.6715406748551569,0.3171006351612509,0.2646620479292976,0.1763021343989179,1.309072732925415,0.48803451657295227,0.7136003971099854,0.3197607398033142,0.2739201486110687,0.21052618324756622,-0.007486946373264438,0.0445301213813496,0.04205972225482846,0.41291750872855204,0.421045333147,0.4203474013752685,0.3816855696500378
10974.777,1.34927139446256,0.46338934242049484,0.6752531724156436,0.3490040532424818,0.29250158525144776,0.1953946084442766,1.3249150514602661,0.501897394657135,0.7241266965866089,0.31392425298690796,0.2805914580821991,0.21052680909633636,0.005059876655249259,0.045282437873185054,0.048873524170965243,0.4552559306621379,0.421046316624,0.4199202913949291,0.3939757399533277
10974.797,1.3558500186270175,0.46893375556858624,0.67892761362973,0.3289312082156914,0.27722065739851875,0.18372206070030636,1.3249150514602661,0.501897394657135,0.7241266965866089,0.31392425298690796,0.2805914580821991,0.21052680909633636,-0.0033752250327060453,0.045079724395194344,0.04519908295687891,0.4300727405689489,0.421046316624,0.4172946323971137,0.38761771964865516
10974.816,1.3623654331080215,0.4744688850290994,0.6825946272526737,0.3257707240430897,0.27675647301961676,0.18335068114318528,1.3327630758285522,0.508912205696106,0.7293898463249207,0.31392425298690796,0.2805914580821991,0.21052680909633636,-0.0012424756763207284,0.045399318819397926,0.04679521907224693,0.427358398482676,0.421046316624,0.4154896453377646,0.39137530986632624
10974.836,1.3688240242780487,0.48000815179087275,0.6862645263131154,0.3229295585236828,0.2769633381078118,0.18349495303476765,1.3409250974655151,0.5162075757980347,0.7348635792732239,0.31392425298690796,0.2805914580821991,0.21052680909633636,0.0013547063854774527,0.04568274495201162,0.04859905296010847,0.4253225590630492,0.421046316624,0.4185075958801078,0.395433791961077
10974.856,1.375230216199431,0.4855589923830301,0.6899559756721951,0.320309596062121,0.27754202960180807,0.18457246794995735,1.3409250974655151,0.5162075757980347,0.7348635792732239,0.31392425298690796,0.2805914580821991,0.21052680909633636,-0.006950725150586652,0.045473775481870427,0.044907603601028745,0.4237028731157425,0.421046316624,0.41606678174332146,0.3875487546564116
10974.877,1.3815911752831607,0.49112587284008,0.6936767523492016,0.3180479541795421,0.27834402284642185,0.18603883384626077,1.3561581373214722,0.530120313167572,0.7451793551445007,0.307947039604187,0.2871372401714325,0.21052618324756622,0.005376345412253302,0.04624392615709835,0.05150260279529917,0.42251162018010635,0.421045333147,0.4205196836324399,0.40216944833760765
10974.896,1.3879152203176899,0.49669755892601675,0.6974005323353636,0.3162022517195586,0.2785843042907552,0.18618899930403707,1.3561581373214722,0.530120313167572,0.7451793551445007,0.307947039604187,0.2871372401714325,0.21052618324756622,-0.002877249609629179,0.04601428317603079,0.047778822809137145,0.4212879777412611,0.421045333147,0.41931810200331093,0.39417005102323727
10974.917,1.3942109454602696,0.5022758982676068,0.701159597879366,0.31478625715074354,0.2789169670987803,0.18795327721311186,1.3638567924499512,0.5372987389564514,0.7504425048828125,0.307947039604187,0.2871372401714325,0.21052618324756622,-0.0006000652710524412,0.04634235531951835,0.04928290700344651,0.42045698844578006,0.421045333147,0.422809718039784,0.39776898833463004
10974.937,1.4004947952566886,0.5078757068139048,0.7049432099117788,0.3141924898140943,0.2799904273087907,0.18918060161651268,1.3715554475784302,0.5444771647453308,0.7557056546211243,0.307947039604187,0.2871372401714325,0.21052618324756622,0.0016757933462409579,0.04662986471575663,0.05076244470934543,0.4207353506207546,0.421045333147,0.4263763332921749,0.40116415099537506
10974.956,1.4067822937701338,0.513499837910208,0.7087628588815945,0.314374925665394,0.28120655480902285,0.1909824484866153,1.3715554475784302,0.5444771647453308,0.7557056546211243,0.307947039604187,0.2871372401714325,0.21052618324756622,-0.006580094632104461,0.0464459667258257,0.04694279573952975,0.4216992517564606,0.421045333147,0.42431905132791453,0.3929980157757878
10974.976,1.4130875794132778,0.5191760133226442,0.7126317401484703,0.31526428215032004,0.2838087706156124,0.193444063339567,1.3868000507354736,0.5589946508407593,0.7662319540977478,0.30183520913124084,0.2935560643672943,0.21052618324756622,0.006144217715430524,0.04731602948738206,0.0536002139492775,0.42410469143793295,0.421045899391,0.4285230899002439,0.4078323067720936
10974.997,1.4194018923378167,0.5248803355718332,0.7165198531983743,0.3157156462487667,0.28521611247916673,0.19440565250863745,1.3868000507354736,0.5589946508407593,0.7662319540977478,0.30183520913124084,0.2935560643672943,0.21052618324756622,-0.002179851929885984,0.04713719155503134,0.0497121008993735,0.42539964058940205,0.421045899391,0.426770852708315,0.3995565784411478
10975.017,1.4257140260520336,0.5306262305611981,0.7204363645064022,0.3156066857039562,0.28729474946197103,0.19582556539712295,1.394345998764038,0.566333532333374,0.7714951634407043,0.30183520913124084,0.2935560643672943,0.21052618324756622,-1.7075385540604726e-05,0.04752856240431514,0.051058798934302096,0.42671606810967266,0.421045899391,0.42924041101652005,0.4029090512341688
10975.037,1.432027341843547,0.5364168725924976,0.7243727822199283,0.3156657895687795,0.28953210155865666,0.1968208856720059,1.4021936655044556,0.5739660263061523,0.7769688367843628,0.30183520913124084,0.2935560643672943,0.21052618324756622,0.002539647658194432,0.047890890347638784,0.0525960545644345,0.4282699428395463,0.421045899391,0.43214905269028275,0.4065442153630516
10975.057,1.4383187569269738,0.5422218348301566,0.7283454038360023,0.314570754164473,0.2902481118766159,0.19863108079936603,1.4021936655044556,0.5739660263061523,0.7769688367843628,0.30183520913124084,0.2935560643672943,0.21052618324756622,-0.005829247948075406,0.04773610573884128,0.04862343294836047,0.42795637259460634,0.421045899391,0.4292651307533863,0.3983238141634441
10975.077,1.4445880915083313,0.5480726619276004,0.7323478376670126,0.31346672908954676,0.29254135489240984,0.20012169156434714,1.4168275594711304,0.5885075926780701,0.7872846126556396,0.29558736085891724,0.299844354391098,0.21052618324756622,0.0063925798165662545,0.048628856526475805,0.054936774988627035,0.42869416746959765,0.421044558287,0.432731055990666,0.4126507553668421
10975.096,1.4508339692612209,0.5539630367648385,0.736351485730425,0.31229388763766025,0.2945187418554757,0.2001824031662483,1.4168275594711304,0.5885075926780701,0.7872846126556396,0.29558736085891724,0.299844354391098,0.21052618324756622,-0.001996410142747238,0.04843321790461462,0.05093312692521468,0.42918155161808214,0.421044558287,0.43060601322387965,0.4042315499444718
10975.117,1.457053772546217,0.5598967167635525,0.7403940138030782,0.3109901642430143,0.2966839999292225,0.2021264036282511,1.4242172241210938,0.5960037112236023,0.7925477623939514,0.29558736085891724,0.299844354391098,0.21052618324756622,0.00011698120217888339,0.04880512551783743,0.052153748590873183,0.4297105614572253,0.421044558287,0.4328490311501816,0.4073914943488981
10975.136,1.463258953134356,0.565884072024577,0.7444419642971636,0.31025902940018396,0.2993677630446936,0.20239752469984962,1.4316068887710571,0.6034997701644897,0.7978109121322632,0.29558736085891724,0.299844354391098,0.21052618324756622,0.0022079278615951617,0.04911129177255922,0.0533689478350996,0.43102507513352384,0.421044558287,0.43533918065577093,0.41032012020612696
10975.156,1.4679076583065163,0.5703920025491874,0.7474840429337848,0.2324352586029367,0.22539652622560027,0.1521039318277401,1.4316068887710571,0.6034997701644897,0.7978109121322632,0.29558736085891724,0.299844354391098,0.21052618324756622,-0.004116521453833864,0.048958394545322914,0.0503268691984784,0.3236919640016376,0.421044558287,0.4516130199841724,0.41104441760104216
10975.177,1.4740861308783084,0.5764657103950146,0.7515673104915828,0.2942129796256643,0.28922418315086096,0.19444131228700787,1.446226954460144,0.6186460256576538,0.8083372116088867,0.2892109155654907,0.3060009777545929,0.21052618324756622,0.008445612958999732,0.04983958595434774,0.056769901117303956,0.4124356274800984,0.421045780182,0.45831546888078106,0.41995356819124685
10975.197,1.4802687543106026,0.5826265813412199,0.7556514208985714,0.3254012332746516,0.32425636558578025,0.21495317931255745,1.446226954460144,0.6186460256576538,0.8083372116088867,0.2892109155654907,0.3060009777545929,0.21052618324756622,-7.567237010416838e-05,0.04956045580516549,0.05268579071031532,0.45919814203520926,0.421045780182,0.4523966962398696,0.40789152712295595
10975.219,1.4864835071075184,0.5889008385681613,0.7597599824514206,0.28248876348533786,0.2851935103045777,0.18675279784961818,1.453457236289978,0.6262960433959961,0.8136003613471985,0.2892109155654907,0.3060009777545929,0.21052618324756622,0.0018117613384572642,0.049858333597120025,0.05384037889577786,0.40123103645919034,0.421045780182,0.4593454583216912,0.4148011815610807
10975.237,1.4942858191835526,0.5967984816279355,0.7648927425854565,0.41064800403608237,0.4156654242333395,0.27014527023496554,1.460687518119812,0.6339461207389832,0.8188635110855103,0.2892109155654907,0.3060009777545929,0.21052618324756622,0.0014835229384260289,0.050065877457461556,0.05397076850005378,0.5840962484625793,0.421045780182,0.4373640891535569,0.40251473011121847
10975.257,1.5005894561968822,0.603275896914962,0.769006978271433,0.3317703691185443,0.34091659404984864,0.21653872031190305,1.460687518119812,0.6339461207389832,0.8188635110855103,0.2892109155654907,0.3060009777545929,0.21052618324756622,-0.007344848036810368,0.049788357063053054,0.049856532814077203,0.47549161357742525,0.421045780182,0.4281848422751953,0.4015529483389064
10975.276,1.506884924002356,0.6097501656785708,0.7730941746649929,0.31477339026682183,0.32371343817337367,0.2043598196735298,1.4752682447433472,0.6497088074684143,0.8296003937721252,0.2827056646347046,0.31202229857444763,0.21052680909633636,0.005275505465816035,0.05068013913887984,0.05650621910713238,0.4513664137396354,0.421046793461,0.4284907631403081,0.41785322945038184
10975.296,1.5131145172980265,0.6161615513247543,0.777135134972442,0.31147966477672157,0.320569282302177,0.2020480153680477,1.4752682447433472,0.6497088074684143,0.8296003937721252,0.2827056646347046,0.31202229857444763,0.21052680909633636,-0.0034568963432867125,0.05045600666643349,0.05246525879968322,0.44685773047113264,0.421046793461,0.4236546487920897,0.40968896254869797
10975.317,1.5192355732436718,0.6224926104746777,0.7811926921783245,0.30605279727558304,0.3165529574892648,0.20287786028969773,1.4823358058929443,0.6575093865394592,0.834863543510437,0.2827056646347046,0.31202229857444763,0.21052680909633636,-0.0015453229659568718,0.05084662637225551,0.05367085133211247,0.4402136336734558,0.421046793461,0.4201473700172074,0.413291076664188
10975.337,1.5252288890265262,0.6287225646120438,0.7852511303261025,0.2996657891634357,0.31149770688983347,0.20292190740292398,1.4891207218170166,0.664997935295105,0.8399161696434021,0.2827056646347046,0.31202229857444763,0.21052680909633636,0.00011070513114627353,0.05118290732068019,0.0546650393172996,0.43215661765980806,0.421046793461,0.4221202804338767,0.4165215664393275
10975.357,1.531118636215548,0.6349089129534775,0.7893311917355083,0.28046415184962964,0.29458801624976677,0.1942886385372074,1.4891207218170166,0.664997935295105,0.8399161696434021,0.2827056646347046,0.31202229857444763,0.21052680909633636,-0.008220314827026162,0.051005886948918965,0.05058497790789385,0.4066594220024615,0.421046793461,0.42197219057625485,0.409799777066316
10975.377,1.5369320137833067,0.6410906785461292,0.7934464897054554,0.30596724040460227,0.32535608381978726,0.21659462999456372,1.5030903816223145,0.6807461977005005,0.8504425287246704,0.27607399225234985,0.31790345907211304,0.21052618324756622,0.004529175462846459,0.05193556427294652,0.05699603901921502,0.4465088866558706,0.421045660973,0.4227972315710872,0.42174397305384004
10975.396,1.5426940094213712,0.6472942464081786,0.7975396801956804,0.2880997818969397,0.31017839309569656,0.2046595245067853,1.5030903816223145,0.6807461977005005,0.8504425287246704,0.27607399225234985,0.31790345907211304,0.21052618324756622,-0.003722379331924708,0.05170710079108441,0.052902848528989965,0.4232049208721994,0.421045660973,0.4212602992880664,0.4149140467522944
10975.417,1.5484334997397942,0.6535421686237122,0.8016388532967681,0.2869745159409818,0.31239611079827373,0.20495865506854954,1.509992241859436,0.6886937618255615,0.8557056784629822,0.27607399225234985,0.31790345907211304,0.21052618324756622,-0.0014807415016926048,0.05206891795166923,0.05406682516621408,0.4240550688533231,0.421045660973,0.42407310753918886,0.4179918456569883
10975.437,1.5541526220607862,0.6598305963241318,0.8057094522674808,0.28595611604335974,0.31442138501411665,0.20352994853119305,1.5171700716018677,0.6969592571258545,0.8611793518066406,0.27607399225234985,0.31790345907211304,0.21052618324756622,0.0011676248696801117,0.0523916323809398,0.05546989953915982,0.42485223267794436,0.421045660973,0.4274818367028647,0.42142242865650625
10975.456,1.5598444617102087,0.6661510619808224,0.8097407182559109,0.28459198246491535,0.3160232828276341,0.2015632994171036,1.5171700716018677,0.6969592571258545,0.8611793518066406,0.27607399225234985,0.31790345907211304,0.21052618324756622,-0.007123465987215024,0.05214887047235296,0.05143863355072975,0.42511427013848185,0.421045660973,0.4251293863484006,0.4128693138108966
10975.476,1.5655238546499595,0.6725146506817647,0.8137606661325177,0.2839696469813379,0.3181794350401716,0.20099739382595597,1.5305290222167969,0.7126801609992981,0.8714951276779175,0.2693195343017578,0.32364457845687866,0.21052618324756622,0.005161913392872777,0.05302132746562922,0.05773446154539974,0.42629844993704813,0.421044915915,0.42900058849377587,0.42712874993121597
10975.497,1.5711751905333595,0.6789004696943505,0.8177247267921885,0.26911123255796465,0.3040866196640073,0.18876479332825274,1.5305290222167969,0.7126801609992981,0.8714951276779175,0.2693195343017578,0.32364457845687866,0.21052618324756622,-0.0031518410161825404,0.052756463506234044,0.05377040088572893,0.40589966956602813,0.421044915915,0.4343022149375396,0.42008296520277766
10975.517,1.5768070701434602,0.6853314537268439,0.8217164077508062,0.2964147163174571,0.3384728438112957,0.21008847150361934,1.537261962890625,0.720771312713623,0.8767582774162292,0.2693195343017578,0.32364457845687866,0.21052618324756622,-0.0009756782682372352,0.05309281650617079,0.055041869665423016,0.4497171089178643,0.421044915915,0.4298743288765892,0.42013550088186885
10975.537,1.5824313108170993,0.6918246767368745,0.8257410195099838,0.2812120336758163,0.3246611504944451,0.20123058795448584,1.5439949035644531,0.7288624048233032,0.882021427154541,0.2693195343017578,0.32364457845687866,0.21052618324756622,0.0011642337785457875,0.05336473802057304,0.05628040764455722,0.4293075741670269,0.421044915915,0.4326590686445614,0.42460239004868383
10975.557,1.5880401093982839,0.6983648422500348,0.8297715007815027,0.28043992905310716,0.32700827565087603,0.2015240635715486,1.5439949035644531,0.7288624048233032,0.882021427154541,0.2693195343017578,0.32364457845687866,0.21052618324756622,-0.007232063155832819,0.053082753718745476,0.05224992637303827,0.4305686236329339,0.421044915915,0.42942468695918395,0.41588160171566857
10975.576,1.5936513067760467,0.7049868773538736,0.8338407674652725,0.2805598689075344,0.3311017552148234,0.2034633342025499,1.5572892427444458,0.7451847195625305,0.8925477862358093,0.26244837045669556,0.3292420506477356,0.21052618324756622,0.005330587557984049,0.053941181440129715,0.058707018770536856,0.4337332882617224,0.421045690775,0.4321706207803975,0.43020292336880017
10975.597,1.5992582015931551,0.7116477042592122,0.8378795733525677,0.28034474084930117,0.3330413452596627,0.20194029436035288,1.5572892427444458,0.7451847195625305,0.8925477862358093,0.26244837045669556,0.3292420506477356,0.21052618324756622,-0.003153337733956558,0.053630041613215905,0.05466821288324164,0.43508695922749946,0.421045690775,0.42914251249975083,0.42138895192354564
10975.617,1.6048607108317807,0.7183457478598401,0.8419271621562642,0.2801254619251653,0.3349021800240832,0.20237944018040693,1.5638504028320312,0.7534157633781433,0.8978109359741211,0.26244837045669556,0.3292420506477356,0.21052618324756622,-0.0011542453788479963,0.053948299957401386,0.05588377381785692,0.4363839205303792,0.421045690775,0.42620585184314086,0.4243088590500187
10975.636,1.6104591584034336,0.7250827675578828,0.8459859967903327,0.279922378576532,0.33685098489478454,0.20294173169899676,1.5704116821289062,0.7616468071937561,0.9030740857124329,0.26244837045669556,0.3292420506477356,0.21052618324756622,0.0008215459774950397,0.05422226860487675,0.057088088922100155,0.43776183812128777,0.421045690775,0.4237521538289449,0.42708790657421014
10975.657,1.616035583400506,0.7318223693094705,0.8500466776993778,0.2655440474945451,0.320933416760286,0.1933657575844296,1.5704116821289062,0.7616468071937561,0.9030740857124329,0.26244837045669556,0.3292420506477356,0.21052618324756622,-0.007701971376367592,0.053960328939619204,0.053027408013055055,0.41636615747375805,0.421045690775,0.4223798822084363,0.41997124293248117
10975.677,1.621579839554245,0.7385647356032878,0.8541358872140581,0.29180295545636525,0.35486138388077265,0.21522155340158794,1.5833593606948853,0.7782453894615173,0.9136003851890564,0.25545910000801086,0.33469536900520325,0.21052680909633636,0.00481345799306495,0.05488342114887136,0.05946449797499831,0.4592434511877324,0.421046733856,0.4178434026951817,0.4313966148959193
10975.697,1.6270727741557096,0.7452812571043139,0.858215430108924,0.2746467300672409,0.3358260750439739,0.20397714473884238,1.5833593606948853,0.7782453894615173,0.9136003851890564,0.25545910000801086,0.33469536900520325,0.21052680909633636,-0.0036361404013414735,0.05462851838959151,0.055384955080132414,0.43367284948115004,0.421046733856,0.4149461202940786,0.42479150520459896
10975.716,1.6325014728212888,0.7519712297343413,0.8622991572500641,0.271434933273033,0.3344986314940662,0.20418635705254987,1.5897458791732788,0.7866127490997314,0.9188635349273682,0.25545910000801086,0.33469536900520325,0.21052680909633636,-0.0015160676774748708,0.05500706491836997,0.056564377677304045,0.43061930148157956,0.421046733856,0.4129164234808871,0.4281700044635487
10975.737,1.6378578268313793,0.7586186344572838,0.8663927837356922,0.2678177004986787,0.3323702361398732,0.20468132427693497,1.5961323976516724,0.7949801683425903,0.9241267442703247,0.25545910000801086,0.33469536900520325,0.21052680909633636,0.0006868836317354583,0.05534167306469405,0.057733960534632534,0.4266986734976877,0.421046733856,0.4158979732385466,0.4315275386762024
10975.756,1.6431518368586369,0.7652627355006387,0.8704769743357715,0.26470050138117657,0.33220505219070695,0.20420953001808342,1.5961323976516724,0.7949801683425903,0.9241267442703247,0.25545910000801086,0.33469536900520325,0.21052680909633636,-0.007579206198824021,0.055104528955876586,0.05364976993455317,0.4246054707441639,0.421046733856,0.4134903998316621,0.42309781235456384
10975.776,1.648389144576245,0.7718884282158759,0.8745780427265158,0.261865385874695,0.33128463575462697,0.20505341953273967,1.6087278127670288,0.8118476271629333,0.9346530437469482,0.24835531413555145,0.3399977684020996,0.21052618324756622,0.005223980925876531,0.056057727787142304,0.060075001020432395,0.42212542843778367,0.421044945717,0.4180516866505329,0.4381739055991233
10975.797,1.6535704646064318,0.7784886075959891,0.8786825696978224,0.24672952523946184,0.3142942561862867,0.19545366529435437,1.6087278127670288,0.8118476271629333,0.9346530437469482,0.24835531413555145,0.3399977684020996,0.21052618324756622,-0.002933985711242173,0.055812895806470225,0.05597047404912581,0.39942916390206407,0.421044945717,0.42444784780783584,0.43124142773842
10975.816,1.6587108763697533,0.7851186319820171,0.8828068929769523,0.2705479875399259,0.3489486518919344,0.21706964626733027,1.6149367094039917,0.8203475475311279,0.93991619348526,0.24835531413555145,0.3399977684020996,0.21052618324756622,-0.0005807588429043165,0.056186447685177124,0.05710930050830776,0.44136528049415,0.421044945717,0.4212942876856062,0.4312548103142172
10975.836,1.6638295439007853,0.7917765476842635,0.887004266258297,0.2559333765692886,0.33289578513532964,0.20986866408174293,1.6211456060409546,0.8288475275039673,0.9451793432235718,0.24835531413555145,0.3399977684020996,0.21052618324756622,0.001771755625328851,0.05650696397806989,0.0581750769652748,0.4197376665520502,0.421044945717,0.4255027898764448,0.4358342501080106
10975.857,1.668939116465903,0.7984779292306856,0.8912383756681279,0.2554786282503131,0.33506907731379015,0.21170547048692556,1.6211456060409546,0.8288475275039673,0.9451793432235718,0.24835531413555145,0.3399977684020996,0.21052618324756622,-0.006412784942446969,0.056261961637522916,0.053940967555443864,0.42118903194472096,0.421044945717,0.42383981877319094,0.42690440885279224
10975.876,1.674048880249599,0.8052424840739825,0.89551525594178,0.255488189179217,0.33822774215745993,0.2138440136779392,1.6333831548690796,0.8459763526916504,0.9557057023048401,0.24114440381526947,0.34515058994293213,0.21052618324756622,0.006373233495703869,0.05720429326627931,0.060190446363060035,0.42370727282916476,0.421045780182,0.4284402697724169,0.44133300673295156
10975.896,1.6791579780283545,0.8120362995209855,0.8998103770010082,0.2554548889322023,0.33969077234273937,0.2147560529567191,1.6333831548690796,0.8459763526916504,0.9557057023048401,0.24114440381526947,0.34515058994293213,0.21052618324756622,-0.0018787291874189996,0.05695377091230036,0.0558953253038319,0.4248801252677896,0.421045780182,0.4271936860588263,0.43232571326171404
10975.917,1.6842529937035906,0.8188322563892929,0.9041127128490094,0.2547507837794123,0.3397978434388555,0.21511679241492998,1.6394116878509521,0.8546051383018494,0.9609688520431519,0.24114440381526947,0.34515058994293213,0.21052618324756622,0.0003839705925595127,0.057361087485190046,0.05685613919414245,0.42457282029677773,0.421045780182,0.43046521013269323,0.43531791941556475
10975.936,1.6893277944393816,0.8256554823146665,0.908432975242802,0.25374003678401286,0.3411612962612304,0.21601311968491355,1.6454403400421143,0.8632338643074036,0.9662320017814636,0.24114440381526947,0.34515058994293213,0.21052618324756622,0.002642093690344339,0.05771709268142094,0.057799026538661646,0.42506527292295715,0.421045780182,0.43413379392973916,0.4380974365832583
10975.957,1.6943769777984974,0.8324900326386268,0.9127668250409287,0.24043730280770484,0.32545477732151973,0.20637379990450183,1.6454403400421143,0.8632338643074036,0.9662320017814636,0.24114440381526947,0.34515058994293213,0.21052618324756622,-0.005603156447875835,0.05752027762796503,0.05346517674053497,0.40454103586693463,0.421045780182,0.43925681677646905,0.43072481429417564
10975.976,1.6993945415053493,0.8393505759138775,0.9171309867166377,0.2640823003573909,0.3610812250087733,0.22969271977134725,1.657314658164978,0.8806165456771851,0.9767583012580872,0.23382490873336792,0.3501502275466919,0.21052618324756622,0.007170625085532463,0.0584993929740147,0.05962731454144943,0.4472365419949531,0.421045452356,0.44067175435484723,0.44205688841636215
10975.996,1.7043927318487508,0.8462530758169201,0.9214835214283278,0.2499095171873513,0.34512499517598516,0.21762673559954568,1.657314658164978,0.8806165456771851,0.9767583012580872,0.23382490873336792,0.3501502275466919,0.21052618324756622,-0.0010947624666073873,0.05827516261456323,0.05527477982975937,0.4259969732630059,0.421045452356,0.44346912225290347,0.43482626138611646
10976.016,1.7093714610948743,0.8531744066634148,0.9258403374377461,0.24893646230073696,0.34606654231718165,0.21784080046615925,1.6631603240966797,0.889370322227478,0.9820214509963989,0.23382490873336792,0.3501502275466919,0.21052618324756622,0.0011446671921756246,0.05868818640242563,0.05618111355865285,0.42620230712344465,0.421045452356,0.44670184139459973,0.437709583833802
10976.037,1.714344285181184,0.8601732374206572,0.9301786505159519,0.24864120431006445,0.34994153785448107,0.21691565390555864,1.6690058708190918,0.8981240391731262,0.9872846007347107,0.23382490873336792,0.3501502275466919,0.21052618324756622,0.0033278207743510473,0.059031862408514435,0.05710595021875875,0.42916803643964146,0.421045452356,0.4499700830335338,0.4402221007417575
10976.057,1.7193440614809012,0.867234966385403,0.934526863059952,0.24998881498040085,0.3530864482295815,0.21741062719525864,1.6690058708190918,0.8981240391731262,0.9872846007347107,0.23382490873336792,0.3501502275466919,0.21052618324756622,-0.005066266647781696,0.05884217194362831,0.052757737674758665,0.43253691191455645,0.421045452356,0.44691329266204916,0.43113473990564
10976.076,1.7243495705673277,0.8743449220184347,0.9389002983771524,0.25027545433862425,0.35549778167615953,0.21867176587513285,1.6805115938186646,0.9157528281211853,0.9978109002113342,0.22640171647071838,0.35499492287635803,0.21052618324756622,0.0075183835830269045,0.05983190454539296,0.05891060183418184,0.4346860066050693,0.421045273542,0.4501086929040103,0.4454203180977355
10976.096,1.7293567214884467,0.8815161866340224,0.9432632935077477,0.25035754605048116,0.35856323077155844,0.21814975652500568,1.6805115938186646,0.9157528281211853,0.9978109002113342,0.22640171647071838,0.35499492287635803,0.21052618324756622,-0.0009655732626528378,0.05964110818615198,0.05454760670358649,0.43724653833205507,0.421045273542,0.4473873782053059,0.4363686187306002
10976.117,1.7343697137538752,0.8887111833767721,0.9476877023157435,0.2506496132659542,0.35974983712963265,0.22122044039495983,1.6861716508865356,0.9246277213096619,1.003074049949646,0.22640171647071838,0.35499492287635803,0.21052618324756622,0.001040105317695942,0.06009966008370447,0.05538634763390249,0.43841112892563516,0.421045273542,0.44900246617831885,0.43911904491765413
10976.137,1.7393719596519945,0.895946392582037,0.952144751892749,0.25011229490050924,0.3617604602553476,0.22285247884541287,1.6918317079544067,0.9335025548934937,1.0083372592926025,0.22640171647071838,0.35499492287635803,0.21052618324756622,0.003025188780155782,0.060509413250162125,0.056192507399853486,0.4397616288790687,0.421045273542,0.45067516644818806,0.4416827560211526
10976.157,1.7443715374516504,0.9032324555948288,0.9566351658644314,0.24997888997733722,0.3643031506316369,0.2245206985792178,1.6918317079544067,0.9335025548934937,1.0083372592926025,0.22640171647071838,0.35499492287635803,0.21052618324756622,-0.0055388398867212245,0.0603823968376524,0.051702093428171114,0.44178547843047206,0.421045273542,0.44641298167837207,0.4326681316656663
10976.177,1.7493736162480351,0.9105764946595489,0.9611706962773546,0.2501039398365226,0.3672019532613887,0.22677652066183543,1.7029637098312378,0.9513696432113647,1.018863558769226,0.2188783884048462,0.35968223214149475,0.21052618324756622,0.006872287260510958,0.06140628673186009,0.057692862491871444,0.4442547377226431,0.421045184135,0.44834457221537155,0.4466629821770775
10976.196,1.7543606123332145,0.9179556246788938,0.9657043734196421,0.24934980425352646,0.36895650095918997,0.22668385710942565,1.7029637098312378,0.9513696432113647,1.018863558769226,0.2188783884048462,0.35968223214149475,0.21052618324756622,-0.0017551434216826443,0.06127852554407079,0.05315918534958397,0.44528776898428013,0.421045184135,0.44437932343544,0.4376638825101282
10976.216,1.7593099301685302,0.9253558411473826,0.9702172384830341,0.24746589176038405,0.3700108234163616,0.22564325316467423,1.7084357738494873,0.9603617191314697,1.024126648902893,0.2188783884048462,0.35968223214149475,0.21052618324756622,0.00013012729620850635,0.061754144326498395,0.05390941041985897,0.44511007808811864,0.421045184135,0.4408336418670054,0.44039029436352894
10976.236,1.7642256394736995,0.9327887229000389,0.9747229328277328,0.24578546525309847,0.37164408762470424,0.22528471723001844,1.7152209281921387,0.9715118408203125,1.0306529998779297,0.2188783884048462,0.35968223214149475,0.21052618324756622,0.004534060278132142,0.062292727397753364,0.055930067050196874,0.4455360291334252,0.421045184135,0.4421391073553533,0.44566627953971893
10976.256,1.7691121495019901,0.940254032715039,0.9792273638431741,0.24432550143142107,0.3732654907758084,0.2252215507876322,1.7152209281921387,0.9715118408203125,1.0306529998779297,0.2188783884048462,0.35968223214149475,0.21052618324756622,-0.004107129793888067,0.06216466670601271,0.051425636034755584,0.4460868209681109,0.421045184135,0.43761372430219325,0.43674667764496555
10976.276,1.7739700769012077,0.9477619908515724,0.9837406486532123,0.2428963699555747,0.37539790681847474,0.2256642404969847,1.724661111831665,0.9874511957168579,1.0399161577224731,0.21125853061676025,0.3642098009586334,0.21052618324756622,0.005731416597812459,0.06303774966518313,0.05617550906926083,0.4470902083752446,0.421045064926,0.43896429354021993,0.44803832875882554
10976.297,1.778804365961734,0.9553108775558838,0.9882588332243282,0.24171445302104433,0.37744433520733217,0.22590922855086176,1.724661111831665,0.9874511957168579,1.0399161577224731,0.21125853061676025,0.3642098009586334,0.21052618324756622,-0.0029472290572869625,0.0628951974332362,0.051657324498144974,0.4481701186677191,0.421045064926,0.4344015347436884,0.43902719563721326
10976.317,1.7836029635266493,0.9628910885316402,0.9927662774675919,0.22850464596116787,0.360962427437229,0.214640202072227,1.7299426794052124,0.9965564608573914,1.0451792478561401,0.21125853061676025,0.3642098009586334,0.21052618324756622,-0.0011225259131823623,0.06333658754147571,0.0524129703885482,0.42716993553881233,0.421045064926,0.4373138618137916,0.4431198263775281
10976.337,1.788344802434815,0.9704608153369094,0.9972384659960114,0.2495704688477684,0.39840667395665674,0.23537834359813997,1.7352241277694702,1.0056617259979248,1.0504424571990967,0.21125853061676025,0.3642098009586334,0.21052618324756622,0.0007433574773393105,0.06372093539745842,0.05320399120308528,0.4700748552571746,0.421045064926,0.4307863819007522,0.4426209073311276
10976.359,1.793017655385875,0.9780237694786404,1.001668129673223,0.23364264754790076,0.37814770707829715,0.22148318385574792,1.7352241277694702,1.0056617259979248,1.0504424571990967,0.21125853061676025,0.3642098009586334,0.21052618324756622,-0.00786339299721013,0.06357763384619956,0.04877432752587363,0.44445022856188154,0.421045064926,0.4257759278941267,0.43563408998728914
10976.377,1.7976205577575999,0.9855843627875556,1.0060768117991812,0.23014511858122108,0.37802966543750444,0.2204341062930949,1.7455942630767822,1.0239814519882202,1.0609687566757202,0.20354445278644562,0.36857709288597107,0.21052618324756622,0.004592133692782285,0.06449793876897685,0.054891944876539034,0.4425051160355512,0.42104563117,0.4276744956709871,0.44987336264038474
10976.397,1.8021404495699458,0.9931266340400506,1.0104400129123405,0.22599459061236257,0.3771135626165219,0.21816005565320573,1.7455942630767822,1.0239814519882202,1.0609687566757202,0.20354445278644562,0.36857709288597107,0.21052618324756622,-0.003917561875602646,0.06429730714800695,0.05052874376337968,0.4395534221076803,0.42104563117,0.4241686975940831,0.44122534062405716
10976.417,1.8065955322810319,1.0006995809089796,1.0148020054125386,0.22275413556970103,0.3786473434726204,0.2180996250249797,1.7506828308105469,1.033195972442627,1.0662319660186768,0.20354445278644562,0.36857709288597107,0.21052618324756622,-0.001908401939219536,0.06464211978635961,0.051429960606138136,0.4391809772662192,0.42104563117,0.42113041655124234,0.4438937069608271
10976.437,1.81098480846146,1.0082487308560593,1.0190942237678784,0.21946380901661253,0.3774574973457444,0.2146109177623041,1.7557713985443115,1.0424103736877441,1.0714950561523438,0.20354445278644562,0.36857709288597107,0.21052618324756622,0.00015378183791731753,0.064926996132464,0.05240083238446536,0.43648471928185784,0.42104563117,0.41900786954417973,0.4466910388064037
10976.457,1.8152941099894597,1.0157448238019178,1.0233548230036007,0.21546507639528675,0.37480464728474444,0.21302996178146533,1.7557713985443115,1.0424103736877441,1.0714950561523438,0.20354445278644562,0.36857709288597107,0.21052618324756622,-0.008213209235363252,0.06470353871738403,0.04814023314874305,0.4321808375246038,0.42104563117,0.4156837054766104,0.43820917186233627
10976.476,1.8195548989395764,1.0232359751833546,1.0276381081115846,0.21303944750118595,0.374557569063667,0.2141642553945215,1.7657536268234253,1.0609444379806519,1.0820214748382568,0.19574227929115295,0.3727816939353943,0.2105274349451065,0.004474714657693498,0.06554755507708518,0.05438336672667221,0.4307592765476367,0.421047776937,0.4191489323542144,0.45256998914521085
10976.497,1.8237598497643717,1.0306984158708121,1.0318813646677636,0.2102475412542935,0.37312203439866554,0.2121628278236133,1.7657536268234253,1.0609444379806519,1.0820214748382568,0.19574227929115295,0.3727816939353943,0.2105274349451065,-0.0038099527043279104,0.06530718194604994,0.050140110170493246,0.4281380668362239,0.421047776937,0.41720516825161363,0.4439581124671099
10976.517,1.8279205846992865,1.03816563655912,1.036180844206914,0.20803674674120234,0.37336103440724844,0.21497397695282966,1.7720173597335815,1.0728734731674194,1.0887583494186401,0.19574227929115295,0.3727816939353943,0.2105274349451065,0.0013816009501752616,0.06578674381977802,0.052577505211726105,0.427260803517838,0.421047776937,0.42037573620681057,0.45003302768221554
10976.537,1.832042432188669,1.045670273906678,1.0404929011614739,0.20609237446462597,0.3752318673697104,0.21560284772328528,1.7755407094955444,1.0795835256576538,1.0925477743148804,0.19574227929115295,0.3727816939353943,0.2105274349451065,0.0006770946666897031,0.0658945737859207,0.05205487315340651,0.42793565225407504,0.421047776937,0.42347896223260256,0.4493246532235221
10976.556,1.8361091241670997,1.053190606489073,1.0447983089973545,0.20333459891709568,0.37601662911153877,0.21527039178933238,1.7755407094955444,1.0795835256576538,1.0925477743148804,0.19574227929115295,0.3727816939353943,0.2105274349451065,-0.007584758166675212,0.0656322366038044,0.047749465317525885,0.42727743477676006,0.421047776937,0.4209951122841203,0.44042771980632717
10976.576,1.840135337515711,1.060750226595208,1.0491539751694008,0.20131066744448028,0.3779810053328756,0.21778330861736864,1.7851306200027466,1.0983237028121948,1.103074073791504,0.18784929811954498,0.3768180310726166,0.21052618324756622,0.0051671664578975575,0.06641223874035468,0.05392009862210312,0.42802432966905063,0.421045362949,0.4250059243731805,0.45443129192749715
10976.597,1.844130659791603,1.0683606184377994,1.0534866883249638,0.19976611379023673,0.3805195921212631,0.21663565777342383,1.7851306200027466,1.0983237028121948,1.103074073791504,0.18784929811954498,0.3768180310726166,0.21052618324756622,-0.0031355923702466176,0.06609810270197948,0.04958738546654007,0.4295227304084854,0.421045362949,0.42302223639873776,0.4452164533877181
10976.617,1.8481136816394246,1.0760306719458972,1.0578382166374993,0.19915109238673404,0.3835026753965188,0.21757641562202532,1.7898268699645996,1.1077440977096558,1.1083372831344604,0.18784929811954498,0.3768180310726166,0.21052618324756622,-0.0009728477738664733,0.06634868013833298,0.05049906649696112,0.4318793298676085,0.421045362949,0.42133437238118426,0.44753889975797145
10976.637,1.8520898056080182,1.0837727835514268,1.062157653166912,0.19880619842534009,0.38710558026803144,0.21597182646591476,1.794523000717163,1.1171646118164062,1.113600492477417,0.18784929811954498,0.3768180310726166,0.21052618324756622,0.0011303151146910481,0.06654076651167432,0.051442839310505084,0.43491758720367535,0.421045362949,0.4235674313072918,0.4496927625581405
10976.657,1.856041112904533,1.0915569661486175,1.0664596649231177,0.1975653648214345,0.3892091298510401,0.21510058780559554,1.794523000717163,1.1171646118164062,1.113600492477417,0.18784929811954498,0.3768180310726166,0.21052618324756622,-0.0073078292140474725,0.06623311313778915,0.04714082755429927,0.4362196072920449,0.421045362949,0.4199024667009955,0.44055905664537065
10976.676,1.8599519487279275,1.0993911811934958,1.070813540192486,0.19554179118323387,0.39171075227098795,0.21769376348346575,1.8037161827087402,1.1361024379730225,1.1241267919540405,0.17987537384033203,0.38068875670433044,0.21052618324756622,0.005257448830114763,0.06695175117870959,0.05331325176155444,0.43750653271139306,0.421045213938,0.4226167227805545,0.4542470567375724
10976.697,1.8638150927725077,1.1072490611203363,1.0751589156233232,0.19315720222479446,0.39289399633344924,0.2172687715371139,1.8037161827087402,1.1361024379730225,1.1241267919540405,0.17987537384033203,0.38068875670433044,0.21052618324756622,-0.0032012611590079808,0.06658940061036563,0.04896787633071731,0.4374794965865739,0.421045213938,0.4196122303595291,0.4450137449594605
10976.716,1.867636612776998,1.1151096244691252,1.0795485151821964,0.19107600022035076,0.3930281674308675,0.2194799779388688,1.8083930015563965,1.1460003852844238,1.1296004056930542,0.17987537384033203,0.38068875670433044,0.21052618324756622,-0.0007090103589672547,0.06680974388902161,0.05005189051085779,0.4366862039092766,0.421045213938,0.4172268614908194,0.4477949436369131
10976.737,1.8714184274594863,1.1229603496008687,1.0839432535909483,0.18909073412028113,0.39253625657860436,0.21973692043280013,1.812709927558899,1.1551368236541748,1.134653091430664,0.17987537384033203,0.38068875670433044,0.21052618324756622,0.0009712826661698246,0.06694079513318278,0.05070983783971572,0.43539279614505955,0.421045213938,0.41937043077798325,0.44957979499356704
10976.757,1.875163145053543,1.1307588252400302,1.0883423653142494,0.17831988544128566,0.37135598283806204,0.2094815106451435,1.812709927558899,1.1551368236541748,1.134653091430664,0.17987537384033203,0.38068875670433044,0.21052618324756622,-0.0073799763156313335,0.06663502931412339,0.046310726116414624,0.41170136528163165,0.421045213938,0.4191302749451038,0.4418991943872086
10976.776,1.8788720909951584,1.1385196419639279,1.0927437020905535,0.1952076811352555,0.4084640380948689,0.2316493040131642,1.821502447128296,1.1742639541625977,1.1451793909072876,0.17182157933712006,0.3843914270401001,0.21052618324756622,0.005344145235224598,0.06738228256501433,0.052435688816734105,0.4524776417818139,0.42104563117,0.4197355748514424,0.453052386183724
10976.796,1.8825342179500777,1.1462195178164674,1.0971543791413505,0.18310634774196807,0.3849937926185717,0.22053385253503657,1.821502447128296,1.1742639541625977,1.1451793909072876,0.17182157933712006,0.3843914270401001,0.21052618324756622,-0.0028813329122180896,0.06710488343081761,0.0480250117659371,0.42613133441793083,0.42104563117,0.4183995975071808,0.44579509057620337
10976.816,1.8861633735950045,1.1538799602986365,1.1015901051785781,0.18145778224238063,0.38302212410009584,0.2217863018565408,1.8257980346679688,1.1838737726211548,1.1504424810409546,0.17182157933712006,0.3843914270401001,0.21052618324756622,-0.0005435984938562642,0.06740406087241203,0.04885237586237645,0.42367926108300624,0.42104563117,0.4218914907831982,0.44849370572908215
10976.836,1.8897589403555397,1.1615261932973822,1.1060269487325385,0.1797783380391858,0.3823116499637096,0.22184217771335138,1.830093502998352,1.193483591079712,1.1557056903839111,0.17182157933712006,0.3843914270401001,0.21052618324756622,0.001824472738320166,0.06766026150754714,0.04967874165137265,0.4223375708822941,0.42104563117,0.4260563606546045,0.4510257260731162
10976.856,1.8933158636841876,1.1691566564609757,1.1104926700442999,0.1778461664285118,0.38152315817134735,0.22328606558319478,1.830093502998352,1.193483591079712,1.1557056903839111,0.17182157933712006,0.3843914270401001,0.21052618324756622,-0.006289718317464724,0.06744854395849549,0.045213020339611276,0.4208161865347175,0.42104563117,0.4247868913893706,0.44208550179457173
10976.876,1.896840967319024,1.176803216989813,1.1149643091839854,0.17625518173797725,0.382328026433524,0.2235819569793953,1.8384814262390137,1.2127915620803833,1.1662319898605347,0.16369272768497467,0.38792237639427185,0.21052618324756622,0.006623331698340125,0.06824315712685894,0.0512676806765493,0.4208796635243441,0.421045213938,0.43013998978183243,0.4561147912077286
10976.897,1.9003323328282051,1.1844717210699587,1.1194842762627428,0.17456827545524228,0.3834252039989123,0.22599835393293988,1.8384814262390137,1.2127915620803833,1.1662319898605347,0.16369272768497467,0.38792237639427185,0.21052618324756622,-0.0014917272980933816,0.06800972570470153,0.04674771359779184,0.4211723555978319,0.421045213938,0.4339898045031887,0.44692469389122713
10976.917,1.9037981500463406,1.1921924592703879,1.1240166024111815,0.17329086091874996,0.3860369100481424,0.22661630743759814,1.8425737619400024,1.222489595413208,1.1714950799942017,0.16369272768497467,0.38792237639427185,0.21052618324756622,0.000870435105658051,0.06830508399950135,0.04747847758302015,0.4230174116040135,0.421045213938,0.4378818857791094,0.4492113828762913
10976.937,1.9072475812403753,1.199981239113844,1.1285476579504397,0.16425862828236015,0.37089427824850874,0.21576454948190446,1.8466660976409912,1.2321877479553223,1.1767582893371582,0.16369272768497467,0.38792237639427185,0.21052618324756622,0.0031807398974978696,0.06853654689698865,0.04821063138671855,0.4055093627872095,0.421045213938,0.44470545637284825,0.4525881279506983
10976.956,1.9106769098258256,1.2078197018981103,1.1330768238260913,0.18049097817938342,0.4125506728510631,0.23837715134716644,1.8466660976409912,1.2321877479553223,1.1767582893371582,0.16369272768497467,0.38792237639427185,0.21052618324756622,-0.005061945025209562,0.06830492264669,0.043681465511066886,0.45016129615925293,0.421045213938,0.43984296210358087,0.44065107457989333
10976.977,1.9140753270055184,1.2157183367167725,1.1375495227193775,0.16182938950424697,0.376125467543878,0.21298566157856158,1.8546456098556519,1.2516679763793945,1.1872845888137817,0.15548989176750183,0.39128294587135315,0.21052618324756622,0.0076783872878434314,0.06903122656481914,0.04973506609440426,0.40931346882713593,0.421045660973,0.44741628728331995,0.45696658941737567
10976.997,1.9174341363969938,1.223637702142132,1.141977773981767,0.16794046958537684,0.3959682712953468,0.22141256313477628,1.8546456098556519,1.2516679763793945,1.1872845888137817,0.15548989176750183,0.39128294587135315,0.21052618324756622,-0.000614910239740224,0.06875839748311476,0.04530681483201482,0.42994544305518656,0.421045660973,0.4500515946443305,0.4464430690221697
10977.016,1.920743792775197,1.2315722501750348,1.1463897537641303,0.17419244095592487,0.41760779120028896,0.23220946222680744,1.8585329055786133,1.2614500522613525,1.1925477981567383,0.15548989176750183,0.39128294587135315,0.21052618324756622,0.0016099369842949261,0.06899482332901379,0.046158044392607955,0.4522879634594206,0.421045660973,0.4462033622346787,0.44743242767858804
10977.037,1.9240107407312286,1.2395733635514379,1.1507815927277414,0.1633473977980176,0.4000556688114216,0.21959194817575983,1.8624200820922852,1.2712321281433105,1.1978108882904053,0.15548989176750183,0.39128294587135315,0.21052618324756622,0.003792014125846753,0.06914699730235467,0.047029295562663886,0.4318928096603426,0.421045660973,0.44962895377294626,0.4508905021002816
10977.056,1.927264798126625,1.2476314337911194,1.1551770978547626,0.16270286976627482,0.40290351197528174,0.2197752563462652,1.8624200820922852,1.2712321281433105,1.1978108882904053,0.15548989176750183,0.39128294587135315,0.21052618324756622,-0.004589992732955139,0.06885319119831085,0.04263379043564264,0.43429526146983527,0.421045660973,0.44699147825051416,0.44160316840785974
10977.076,1.930514478253491,1.2557686261196859,1.1595901589974889,0.1624840063545309,0.40685961645644614,0.22065305715156266,1.8699878454208374,1.2908761501312256,1.2083371877670288,0.14721789956092834,0.39446941018104553,0.21052618324756622,0.007987521023564825,0.06951410671351405,0.04874702876953996,0.43789087439896124,0.421045392752,0.45026908496285944,0.4549428808672469
10977.096,1.9337627218585296,1.2639739938819918,1.1640076686279754,0.16241218024838006,0.4102683881063427,0.22087548151950842,1.8699878454208374,1.2908761501312256,1.2083371877670288,0.14721789956092834,0.39446941018104553,0.21052618324756622,-0.0005264637902375226,0.06921476512550384,0.044329519139053364,0.44104925575247766,0.421045392752,0.44737427272849223,0.44556123650288293
10977.116,1.937008527231523,1.27218915686232,1.1684583387393723,0.162290268646125,0.4107581490074443,0.22253350556498666,1.8738155364990234,1.301132321357727,1.213810920715332,0.14721789956092834,0.39446941018104553,0.21052618324756622,0.0018874715902720482,0.0694802007749105,0.045352581975959705,0.4415064133629394,0.421045392752,0.4489127853853498,0.4482598653099674
10977.136,1.9402193067639284,1.2804131400132353,1.1728933533371015,0.16053897661676828,0.41119915753678515,0.22175072988162037,1.877348780632019,1.3105995655059814,1.2188634872436523,0.14721789956092834,0.39446941018104553,0.21052618324756622,0.003466680203741329,0.06965562050902427,0.0459701339065508,0.441281071067547,0.421045392752,0.45080653681815425,0.4499904193187363
10977.156,1.9433869171619467,1.2886344341115832,1.177347704678644,0.1583805198974565,0.4110647049084239,0.22271756707226276,1.877348780632019,1.3105995655059814,1.2188634872436523,0.14721789956092834,0.39446941018104553,0.21052618324756622,-0.005030594854793527,0.06941322344427946,0.04151578256500832,0.4403755123703896,0.421045392752,0.44710412367547275,0.4409628240825949
10977.177,1.9465153922736116,1.2968609563768587,1.1818106411035527,0.15642375559405822,0.4113261132922084,0.22314682126085889,1.8845012187957764,1.330398440361023,1.2293897867202759,0.1388815939426422,0.3974806070327759,0.21052618324756622,0.007513160193359299,0.07010044912863281,0.04757914561672316,0.439921393372207,0.421045035124,0.45001645823911707,0.45450228049026653
10977.197,1.9496034504446793,1.3051057555556336,1.186255530020674,0.15440290855001573,0.41223995892974435,0.22224444585121683,1.8845012187957764,1.330398440361023,1.2293897867202759,0.1388815939426422,0.3974806070327759,0.21052618324756622,-0.0009764484698649573,0.06983600087861484,0.0431342566996018,0.4400561063833509,0.421045035124,0.4471874038782958,0.4453687692236863
10977.216,1.9526591276024732,1.3133989222425773,1.190736721314468,0.15278385788635845,0.41465833433813326,0.22405956468480293,1.8879733085632324,1.340335488319397,1.2346529960632324,0.1388815939426422,0.3974806070327759,0.21052618324756622,0.0010175658309520413,0.07006281707559263,0.04391627474876447,0.4417484799329862,0.421045035124,0.4445285028153418,0.4474535801305326
10977.237,1.9556924663356754,1.3217378548322005,1.1952039202901998,0.1516669366568003,0.41694662947206196,0.22335994878171903,1.8915841579437256,1.3506699800491333,1.2401267290115356,0.1388815939426422,0.3974806070327759,0.21052618324756622,0.003398833439117812,0.07025233807994404,0.044922808721335805,0.4435165059829261,0.421045035124,0.4461111348314508,0.44985446587673494
10977.257,1.9587062257410106,1.3301059234303538,1.1996651471945778,0.1506879702771765,0.41840342993658625,0.22306134523431845,1.8915841579437256,1.3506699800491333,1.2401267290115356,0.1388815939426422,0.3974806070327759,0.21052618324756622,-0.00517914063184197,0.07001020577258217,0.0404615818169578,0.44456754150178934,0.421045035124,0.4418082146807824,0.440702224095034
10977.276,1.961690277668135,1.3384987398765236,1.2041241643249176,0.149202596352967,0.41964082229932703,0.22295085651212365,1.898179531097412,1.3702175617218018,1.2504425048828125,0.13048326969146729,0.40031662583351135,0.21052618324756622,0.006841042853962968,0.07066044665789581,0.046318340557894855,0.4452361836909762,0.421045452356,0.44385553179027837,0.4536149510551447
10977.297,1.9646433630698494,1.3468875960054907,1.2085447401481102,0.14062311436306246,0.3994693394624448,0.21050361062179856,1.898179531097412,1.3702175617218018,1.2504425048828125,0.13048326969146729,0.40031662583351135,0.21052618324756622,-0.001737611364977805,0.07041810113549593,0.0418977647347023,0.42337839150069145,0.421045452356,0.4474046681595382,0.44582103156644753
10977.317,1.9675579703003607,1.3552875687948571,1.2129934421902495,0.153400380551346,0.44210383101386863,0.23414221274130542,1.9014415740966797,1.3802255392074585,1.2557055950164795,0.13048326969146729,0.40031662583351135,0.21052618324756622,0.0002035193271017685,0.07066285300739991,0.04271215282622998,0.4678281930586166,0.421045452356,0.4412622408442762,0.4455371737162058
10977.337,1.9704301287248769,1.3637279714661232,1.2174515589599868,0.14360792123573432,0.4220201335924763,0.2229058385022719,1.9047036170959473,1.3902333974838257,1.260968804359436,0.13048326969146729,0.40031662583351135,0.21052618324756622,0.002124073392772357,0.07083784476894985,0.043517245399449234,0.4456417392835803,0.421045452356,0.44230693483484484,0.44887808204341595
10977.357,1.973260078230656,1.3722086821706896,1.2218738761329586,0.1414974752858656,0.4240355352190618,0.22111585864376412,1.9047036170959473,1.3902333974838257,1.260968804359436,0.13048326969146729,0.40031662583351135,0.21052618324756622,-0.006499876493878308,0.07058774915662601,0.03909492822647742,0.44685977563425666,0.421045452356,0.4374345142559507,0.43975364929041894
10977.376,1.9760454200957747,1.3807364086727523,1.2262867979953196,0.13926709325289488,0.426386325093827,0.2206460931132325,1.9110164642333984,1.410315990447998,1.2714951038360596,0.12202775478363037,0.40297752618789673,0.2105274349451065,0.00587896278152213,0.07119799544343089,0.04520830584073998,0.4483677637055242,0.421048283577,0.438865447070066,0.4529505871158648
10977.398,1.978790493736015,1.3892818727547178,1.2306515827104292,0.13071779238841194,0.4069268610335714,0.2078468911893577,1.9110164642333984,1.410315990447998,1.2714951038360596,0.12202775478363037,0.40297752618789673,0.2105274349451065,-0.0027820150440666,0.07090848732310465,0.04084352112563039,0.42722308380199636,0.421048283577,0.4374404274422877,0.445043760573211
10977.417,1.9814914753820525,1.397813274549223,1.2350093556697017,0.13504908231120943,0.42657008975474964,0.21788864797868743,1.9140671491622925,1.4203903675079346,1.2767583131790161,0.12202775478363037,0.40297752618789673,0.2105274349451065,-0.0009009529077078464,0.07109819390471891,0.0417489575093144,0.44724703113694003,0.421048283577,0.4336570685392991,0.4461640812023557
10977.436,1.984143510752057,1.4063211851741388,1.239386599211521,0.139580808945899,0.44778476972692,0.23038123904029428,1.9171178340911865,1.4304648637771606,1.2820215225219727,0.12202775478363037,0.40297752618789673,0.2105274349451065,0.0010213192314713383,0.0712342295203718,0.04263492331045171,0.46883467509350624,0.421048283577,0.4275546076009886,0.4469989218688307
10977.457,1.9867516706451704,1.4147718650049548,1.2437760486331033,0.13040799465282146,0.4225339915315736,0.21947247107432788,1.9171178340911865,1.4304648637771606,1.2820215225219727,0.12202775478363037,0.40297752618789673,0.2105274349451065,-0.007506637669431765,0.07098444755431481,0.03824547388886934,0.4420312552599392,0.421048283577,0.42316905269210026,0.43953141956351244
10977.476,1.9893127581117538,1.4231712787226756,1.2481566153748929,0.1280543733263721,0.41997068587687264,0.21902833708469652,1.9230064153671265,1.4506757259368896,1.2925478219985962,0.11351735889911652,0.40545332431793213,0.21052618324756622,0.005061436159155663,0.0716059185314613,0.04439120662370333,0.4389032820335373,0.421044647694,0.42577388480503275,0.4531729638197782
10977.497,1.9918211424442596,1.4315023882474371,1.2525244077540747,0.12541921663395794,0.4165554762668715,0.21838961897418716,1.9230064153671265,1.4506757259368896,1.2925478219985962,0.11351735889911652,0.40545332431793213,0.21052618324756622,-0.0033234925281133768,0.07135851692874279,0.040023414244521494,0.4348819599354604,0.421044647694,0.42324294093581466,0.44443541646863133
10977.516,1.9942875514969327,1.4397799728132465,1.2569049961082532,0.1233204526309655,0.4138792282814361,0.21902941770414597,1.925844430923462,1.4608120918273926,1.2978109121322632,0.11351735889911652,0.40545332431793213,0.21052618324756622,-0.0011281713958283292,0.07159286286608114,0.04090591602400995,0.4317334801899536,0.421044647694,0.4216018218621852,0.4470139155573155
10977.537,1.9967102393937561,1.4480172524629378,1.2612849245187996,0.12113439483852728,0.41186398247557143,0.21899642052253737,1.9286823272705078,1.4709484577178955,1.3030741214752197,0.11351735889911652,0.40545332431793213,0.21052618324756622,0.0011207261696226482,0.07178008759500172,0.04178919695642014,0.42918996274009646,0.421044647694,0.42477893721143145,0.44946708593788115
10977.556,1.9990902651993028,1.4562293258904904,1.2656740974281269,0.11900129027473431,0.41060367136866693,0.21945864546157354,1.9286823272705078,1.4709484577178955,1.3030741214752197,0.11351735889911652,0.40545332431793213,0.21052618324756622,-0.007111973138324011,0.07157758310544812,0.03740002404709286,0.42738713583968324,0.421044647694,0.42254208009302985,0.44066563615163445
10977.577,2.0014317130474084,1.464442755942469,1.2700544953763013,0.11707239241337412,0.4106715026273223,0.2190198974238622,1.934144139289856,1.4912787675857544,1.3136004209518433,0.10495691746473312,0.407754123210907,0.21052618324756622,0.00569901209788224,0.0722171057589876,0.04354592557554193,0.42691955073401194,0.421045571566,0.42697253064632723,0.4543881252559693
10977.596,2.0037334912019253,1.4726489516266072,1.2744064478022927,0.11508890772333442,0.41030978419795194,0.21759762129482035,1.934144139289856,1.4912787675857544,1.3136004209518433,0.10495691746473312,0.407754123210907,0.21052618324756622,-0.002507418396971474,0.07199625542482094,0.03919397314955053,0.4260330471550553,0.421045571566,0.4258648768650667,0.44554281184982414
10977.617,2.0059948365676985,1.4808695410569306,1.2787577686489315,0.11306726828618997,0.41102947150719477,0.21756604232719132,1.9368730783462524,1.501880407333374,1.3190741539001465,0.10495691746473312,0.407754123210907,0.21052618324756622,0.00022073990899068932,0.07224420554759539,0.04031638525121495,0.4261786932616341,0.421045571566,0.42929641293191073,0.44846695393584024
10977.637,2.008218340030427,1.4891128024899145,1.283111270128482,0.1111751731340085,0.4121630716401998,0.21767507397276767,1.9393919706344604,1.5116664171218872,1.3241267204284668,0.10495691746473312,0.407754123210907,0.21052618324756622,0.0020984101340780284,0.07239703952584527,0.04101545029998488,0.4267686028630231,0.421045571566,0.43302774078649353,0.4503059606909339
10977.657,2.010410157900374,1.4974025397883126,1.287466466365295,0.10437227952713023,0.39474939518397123,0.207390297002742,1.9393919706344604,1.5116664171218872,1.3241267204284668,0.10495691746473312,0.407754123210907,0.21052618324756622,-0.006158264069206824,0.07217421217289133,0.03666025406317175,0.4081884104804739,0.421045571566,0.43372800664171585,0.4423091656603019
10977.677,2.012575196706176,1.5057628618536012,1.2918431107270056,0.11394941083028141,0.4400169507992702,0.2303497032451031,1.9444246292114258,1.5321072340011597,1.3346530199050903,0.09634997695684433,0.409872442483902,0.21052618324756622,0.006560785953207655,0.07277006171071813,0.04280990917808469,0.45438365296736416,0.421044826508,0.43445450295453336,0.4533568827618367
10977.697,2.014719582499732,1.5142006007937727,1.2962060349769942,0.10721928967546644,0.4218869469993673,0.21814621249466434,1.9444246292114258,1.5321072340011597,1.3346530199050903,0.09634997695684433,0.409872442483902,0.21052618324756622,-0.0018248736405748651,0.07251687946143968,0.03844698492809617,0.43515432053625985,0.421044826508,0.4322203140100655,0.4454892188219217
10977.717,2.0168443141985013,1.5227186680170304,1.3005756276442577,0.1062365849361494,0.42590336115358607,0.21847963335840884,1.9468334913253784,1.5423541069030762,1.3399162292480469,0.09634997695684433,0.409872442483902,0.21052618324756622,0.00023392973246514834,0.07271183573875505,0.03934060160378916,0.4388074154469756,0.421044826508,0.4298939499047422,0.4475797404681844
10977.736,2.018950019037104,1.5312957113596986,1.3049378188049436,0.10528524192784385,0.42885216712404794,0.21810955802953536,1.9492422342300415,1.5526008605957031,1.3451793193817139,0.09634997695684433,0.409872442483902,0.21052618324756622,0.002241777863075587,0.07285642784743707,0.04024150057677023,0.44144783352515643,0.421044826508,0.4316091691555855,0.449588894272848
10977.757,2.0210372537278785,1.5398947281565873,1.3092924344400223,0.10436173454592965,0.4299508398741585,0.21773078176898303,1.9492422342300415,1.5526008605957031,1.3451793193817139,0.09634997695684433,0.409872442483902,0.21052618324756622,-0.006287272662009399,0.07263911362846251,0.035886884941691566,0.4423145003903813,0.421044826508,0.42727084433713697,0.4406601065315221
10977.777,2.02310534136381,1.5484845208741684,1.3136673538473804,0.10340438179431087,0.4294896358696797,0.21874597036313145,1.9538434743881226,1.5731431245803833,1.3557056188583374,0.08770137280225754,0.41181084513664246,0.21052618324756622,0.006234292794534142,0.07325562467858678,0.04203826501095698,0.44166601636131114,0.421045958996,0.4296461494521538,0.4541314791683232
10977.797,2.0251542873721915,1.5570234272169714,1.3180286793561735,0.1024473004168478,0.42694531713082895,0.2180662754348946,1.9538434743881226,1.5731431245803833,1.3557056188583374,0.08770137280225754,0.41181084513664246,0.21052618324756622,-0.002226259686552443,0.07307612783491525,0.037676939502163886,0.438999190048599,0.421045958996,0.42680877714375326,0.44548385054662387
10977.817,2.027171634085551,1.5655148331244821,1.3224175634253759,0.10086733566576285,0.42457029536626956,0.2194442034553274,1.9560359716415405,1.5834383964538574,1.360968828201294,0.08770137280225754,0.41181084513664246,0.21052618324756622,-0.0001139494985232109,0.07335886864777895,0.03855126477591808,0.4363376870713928,0.421045958996,0.4247772692241529,0.4481058619506364
10977.836,2.029155502341447,1.5739627508731149,1.3268210555160014,0.09919341280166327,0.4223958874608336,0.22017460454649462,1.958228588104248,1.5937336683273315,1.3662320375442505,0.08770137280225754,0.41181084513664246,0.21052618324756622,0.002052156825063732,0.0736023436621264,0.03941098202824911,0.4338481556726411,0.421045958996,0.42754058002790646,0.45062425538103273
10977.857,2.031103156968977,1.582370776485979,1.3312287534751417,0.09738273137436845,0.42040128063402465,0.220384897952205,1.958228588104248,1.5937336683273315,1.3662320375442505,0.08770137280225754,0.41181084513664246,0.21052618324756622,-0.0062534898186511895,0.07348953642054355,0.0350032840691088,0.4315021279304323,0.421045958996,0.4249553418264113,0.4420454919782557
10977.876,2.0330065469768823,1.5907556259912479,1.3356649005547752,0.09516950039319837,0.4192424752542971,0.22180735397683182,1.9623963832855225,1.614368200302124,1.376758337020874,0.07901214808225632,0.41356560587882996,0.21052618324756622,0.006512738230354195,0.07416827571711618,0.041093436466098865,0.42987820103130175,0.42104563117,0.4291891521470247,0.455800794304545
10977.897,2.034876366326663,1.5991039565078122,1.3400821893419859,0.0934909674869887,0.41741652581910677,0.22086443935571423,1.9623963832855225,1.614368200302124,1.376758337020874,0.07901214808225632,0.41356560587882996,0.21052618324756622,-0.001714408139283927,0.07405002285609472,0.03667614767888816,0.4277352228543477,0.42104563117,0.4320636561556044,0.4471879274426385
10977.916,2.0367039141738816,1.607425808256828,1.344490340406868,0.09137739236725238,0.41609258747955025,0.22040755325934125,1.964371681213379,1.6247073411941528,1.382021427154541,0.07901214808225632,0.41356560587882996,0.21052618324756622,0.0006110353050518547,0.07436551580922612,0.037531086747673026,0.4259862076888252,0.42104563117,0.4356606193775827,0.4498868685770345
10977.936,2.0384872053803944,1.615742397567994,1.3488746462751864,0.0891645603236923,0.41582946554922723,0.21921529341113472,1.9663469791412354,1.6350464820861816,1.3872846364974976,0.07901214808225632,0.41356560587882996,0.21052618324756622,0.002952282206657556,0.07461999698937702,0.038409990222311174,0.4252573084769793,0.42104563117,0.43983878046767516,0.45242556162364833
10977.956,2.0402338373986337,1.6240790705964097,1.3532305262662288,0.08733160091005997,0.4168336514116796,0.21779399954736434,1.9663469791412354,1.6350464820861816,1.3872846364974976,0.07901214808225632,0.41356560587882996,0.21052618324756622,-0.005239870021456098,0.07451238621929315,0.03405411023126881,0.42585794720458087,0.42104563117,0.43827909550548977,0.44377128774238717
10977.977,2.0419427041117184,1.632463006411395,1.3575788631535937,0.08544333565236885,0.41919679074011534,0.21741684436349984,1.9700794219970703,1.6557642221450806,1.397810935974121,0.07028836756944656,0.41513675451278687,0.21052618324756622,0.007566890476140391,0.07516661585756906,0.04023207282052743,0.42778442651632936,0.421045094728,0.44304861518567856,0.45745277025122166
10977.997,2.043623228180207,1.6409004312502395,1.3619089713125092,0.08402620343023348,0.4218712419713892,0.21650540796074252,1.9700794219970703,1.6557642221450806,1.397810935974121,0.07028836756944656,0.41513675451278687,0.21052618324756622,-0.0007102090341707286,0.07502745704604484,0.035901964661611885,0.4301253565762695,0.421045094728,0.44581977901935793,0.44866249380021206
10978.017,2.045278289237377,1.649392898201525,1.366254443221085,0.08275305285669111,0.42462334755499936,0.21727359542404814,1.9718366861343384,1.6661427021026611,1.403074026107788,0.07028836756944656,0.41513675451278687,0.21052618324756622,0.0014832831420038533,0.07531284663449787,0.03681958288670306,0.4325803938290168,0.421045094728,0.44884018231659517,0.4511229525784214
10978.036,2.0469079503044467,1.6579362953171703,1.3706310470614689,0.0814830533517141,0.4271698557729481,0.21883019201441603,1.973593831062317,1.6765210628509521,1.4083372354507446,0.07028836756944656,0.41513675451278687,0.21052618324756622,0.003636556411604073,0.07554554336292223,0.03770618838927575,0.43484224893411594,0.421045094728,0.4516894203511453,0.4534039251939588
10978.057,2.0485174258974705,1.6665170028020149,1.3750386039083176,0.08047377964943461,0.429035374232861,0.2203778423376237,1.973593831062317,1.6765210628509521,1.4083372354507446,0.07028836756944656,0.41513675451278687,0.21052618324756622,-0.0047603883886279,0.07543848475993153,0.03329863154242707,0.43649398380155024,0.421045094728,0.44876192958525646,0.4446349275269914
10978.078,2.0501008231503377,1.6751454045894731,1.3794967844343946,0.07916986264883025,0.4314200894027341,0.2229090263192603,1.9768893718719482,1.6973127126693726,1.4188635349273682,0.0615336112678051,0.41652435064315796,0.21052618324756622,0.007842880183655568,0.07609070492656768,0.03936675049297356,0.43860306693462814,0.421045035124,0.452261869198894,0.4580015395086831
10978.096,2.051639251922656,1.6838351218444685,1.3839640755520581,0.07692143861422769,0.4344858627402833,0.22336455587830092,1.9768893718719482,1.6973127126693726,1.4188635349273682,0.0615336112678051,0.41652435064315796,0.21052618324756622,-0.0006415337396895489,0.07595247498600392,0.03489945937531003,0.4412126931982111,0.421045035124,0.44965261553756997,0.4490237088527047
10978.118,2.053118717630868,1.6926034154226828,1.3884557009250929,0.0672484412797939,0.3985587989944502,0.20416478967556345,1.978427767753601,1.7077258825302124,1.4241267442703247,0.0615336112678051,0.41652435064315796,0.21052618324756622,0.0013279150208881946,0.07619490564784515,0.035671043345231856,0.4041457610700956,0.421045035124,0.45719851135896583,0.45302842073609706
10978.137,2.054537273367046,1.7014446890530337,1.3929578028071103,0.07880865200976737,0.49118186835203476,0.25011677122278975,1.9799660444259644,1.7181389331817627,1.4293898344039917,0.0615336112678051,0.41652435064315796,0.21052618324756622,0.003239104101241258,0.07634837377072391,0.036432031596881354,0.4973765815394548,0.421045035124,0.44834574843326924,0.4503941316088613
10978.156,2.0558905468338247,1.7103608590050585,1.3974622351989754,0.06766367333744769,0.44580849759151003,0.22522161958833606,1.9799660444259644,1.7181389331817627,1.4293898344039917,0.0615336112678051,0.41652435064315796,0.21052618324756622,-0.0054329825464463945,0.07612825496771554,0.03192759920501631,0.45079793559443776,0.421045035124,0.4432974794433497,0.44362159670978396
10978.177,2.0572037462018002,1.7193153597099693,1.4019877519376114,0.06253330324044237,0.4264047954958752,0.21550079709000022,1.9828232526779175,1.7389954328536987,1.4399161338806152,0.05275142565369606,0.4177284240722656,0.21052618324756622,0.0069038170308645865,0.07662963138501483,0.03792838194300385,0.43084981617197277,0.4210460186,0.447758855458594,0.45747751096409595
10978.197,2.0584888303469735,1.7282579860219478,1.4064892513981937,0.06763600763986877,0.4706645427299433,0.23692102423827116,1.9828232526779175,1.7389954328536987,1.4399161338806152,0.05275142565369606,0.4177284240722656,0.21052618324756622,-0.0017836919024385132,0.07640281965774433,0.03342688248242154,0.47538874026002415,0.4210460186,0.4403898321863815,0.4462319728562184
10978.217,2.059731965422165,1.7371926515843468,1.4110010071796588,0.06215675375822233,0.4467332781101972,0.22558778906833196,1.9841419458389282,1.7494386434555054,1.4451793432235718,0.05275142565369606,0.4177284240722656,0.21052618324756622,6.238443899489292e-05,0.07657552798175397,0.03417833604391296,0.450931981528707,0.4210460186,0.4364403319773288,0.4492988673324942
10978.237,2.06093798445559,1.7461012304410937,1.415501533444743,0.06030095166992759,0.445428942827622,0.22502631324929445,1.9854607582092285,1.759881854057312,1.4504424333572388,0.05275142565369606,0.4177284240722656,0.21052618324756622,0.001940622668933004,0.0767003992998285,0.034940899912495826,0.4493954706699589,0.4210460186,0.4330875965192411,0.4512368993481061
10978.256,2.0621069459957626,1.7549430085445445,1.4200248429922866,0.05844807701267266,0.44208890520310196,0.22616547739281553,1.9854607582092285,1.759881854057312,1.4504424333572388,0.05275142565369606,0.4177284240722656,0.21052618324756622,-0.006629510308216766,0.07651849377948365,0.030417590364952174,0.4458525795140943,0.4210460186,0.42850359871883037,0.44239076912147535
10978.277,2.063209800360733,1.7637729533480622,1.4245567038704907,0.052516874520792234,0.42047356205944747,0.21580289895552116,1.987922191619873,1.7812126874923706,1.4611793756484985,0.04394662752747536,0.4187477231025696,0.2105274349451065,0.006282752954444276,0.07702529047172994,0.03662267177800782,0.4236381425683964,0.421047449112,0.43390682080937387,0.45682149909843706
10978.296,2.0642619337054944,1.772561469840475,1.4290863468368589,0.05537543919729551,0.4625534995950084,0.23840226138487605,1.987922191619873,1.7812126874923706,1.4611793756484985,0.04394662752747536,0.4187477231025696,0.2105274349451065,-0.0022174347112544762,0.07679637212694997,0.03209302881163967,0.4657378465324109,0.421047449112,0.4277511622406509,0.4457228636633358
10978.317,2.065257587977709,1.7813119730750646,1.433628274197202,0.049782713609648734,0.4375251617199293,0.22709636801219746,1.9889768362045288,1.7912626266479492,1.4662319421768188,0.04394662752747536,0.4187477231025696,0.2105274349451065,-0.0005733126746836972,0.07692489785619577,0.03260366797961689,0.4402227815926798,0.421047449112,0.4250566175424311,0.44830897185834223
10978.337,2.0661896521698004,1.7900819827137022,1.4380883757787726,0.046603209607788944,0.4385004819621904,0.22300507909394543,1.9900755882263184,1.8017313480377197,1.4714951515197754,0.04394662752747536,0.4187477231025696,0.2105274349451065,0.0014756160215715006,0.07698623902881464,0.033406775741002814,0.4408113209423808,0.421047449112,0.4267365231955328,0.4501067810109749
10978.356,2.0670883302427634,1.798784475821885,1.442546583971307,0.04493390364716694,0.43512465539963807,0.22291040962185416,1.9900755882263184,1.8017313480377197,1.4714951515197754,0.04394662752747536,0.4187477231025696,0.2105274349451065,-0.00692714050052314,0.07675715740720203,0.028948567548468418,0.4372980701066983,0.421047449112,0.4232999775444436,0.4412183274302848
10978.377,2.067934783269234,1.8074494713228944,1.4469556182513834,0.04232265132261037,0.43324977504101353,0.22045171399901003,1.9920521974563599,1.8226896524429321,1.482021450996399,0.03512277826666832,0.41957855224609375,0.21052618324756622,0.005750113568462865,0.07718397595466013,0.03506583274501551,0.4351596269852053,0.421046048403,0.4267263842698922,0.4543295795974384
10978.397,2.0687377424204145,1.8160676187942557,1.4513134073224496,0.040147957558146104,0.43090737355866215,0.2178894535485544,1.9920521974563599,1.8226896524429321,1.482021450996399,0.03512277826666832,0.41957855224609375,0.21052618324756622,-0.0025660059596300036,0.07692814666618061,0.030708043673949303,0.4326207676016475,0.421046048403,0.42482757779950364,0.4454710146003642
10978.417,2.069493102158904,1.824650488416998,1.4556807621455303,0.037767986927085724,0.42914348116678064,0.21836774116912916,1.992930293083191,1.8331791162490845,1.4872846603393555,0.03512277826666832,0.41957855224609375,0.21052618324756622,-0.0003219369944730162,0.07703569031840973,0.03160389819382514,0.430641289553658,0.421046048403,0.42766218778624854,0.4476853879051842
10978.436,2.0701970158500664,1.8332599720443938,1.460037682052683,0.03519568455735203,0.43047418136039245,0.21784599535287993,1.993808388710022,1.8436685800552368,1.492547869682312,0.03512277826666832,0.41957855224609375,0.21052618324756622,0.0019014167220529257,0.07707104574036361,0.032510187629628984,0.4317267243607186,0.421046048403,0.4307928796279327,0.4496011713267215
10978.462,2.0708557865486545,1.8419024004297837,1.4643798983356717,0.026350827943907734,0.3456971354206252,0.17368865132207542,1.993808388710022,1.8436685800552368,1.492547869682312,0.03512277826666832,0.41957855224609375,0.21052618324756622,-0.0064274540375675576,0.0767991454299385,0.028167971346640286,0.3465404372969093,0.421046048403,0.44753513507286347,0.44385989025667905
10978.477,2.071469859272904,1.8505956244704689,1.4687126726782216,0.04093818161325112,0.5795482693312217,0.28885162281283844,1.9953434467315674,1.8646637201309204,1.5030741691589355,0.026280926540493965,0.4202233850955963,0.21052618324756622,0.006237085056937221,0.07716372704786822,0.03436149648071396,0.5807029980673964,0.421044379473,0.43081148401961866,0.44665285776439173
10978.496,2.0720503631539016,1.859356995343408,1.4730260211552157,0.029025194051887176,0.43806854367723225,0.21566742386461532,1.9953434467315674,1.8646637201309204,1.5030741691589355,0.026280926540493965,0.4202233850955963,0.21052618324756622,-0.002206334718096203,0.07685860031320559,0.0300481480037198,0.438809738390226,0.421044379473,0.4282508369043186,0.4442335350357193
10978.521,2.0726051028121755,1.8681752104226432,1.4773035149107692,0.022189586329664644,0.3527286031488806,0.17109975021217744,1.9960004091262817,1.8751693964004517,1.5083372592926025,0.026280926540493965,0.4202233850955963,0.21052618324756622,-0.00018791858796042994,0.07692309418377603,0.031033744381833372,0.353259687840921,0.421044379473,0.44539111072834303,0.44993789516957916
10978.537,2.073131313529542,1.8770211166433008,1.4815908638428161,0.03508071449245938,0.5897270814000589,0.28582326214755566,1.9966574907302856,1.8856749534606934,1.513600468635559,0.026280926540493965,0.4202233850955963,0.21052618324756622,0.001806588981774086,0.07694069600312337,0.03200960479274295,0.5905074691636357,0.421044379473,0.42685371605759015,0.44168591219230924
10978.556,2.0736187591486095,1.8858987844899717,1.4858780474251871,0.024372280952845517,0.4438833923238549,0.21435917911387162,1.9966574907302856,1.8856749534606934,1.513600468635559,0.026280926540493965,0.4202233850955963,0.21052618324756622,-0.006750591194158524,0.07666496237145302,0.02772242121037194,0.44435107257599277,0.421044379473,0.42268318752251505,0.4390845995836645
10978.577,2.0740691696066937,1.8947656370420682,1.4901701535147578,0.022520522905769124,0.44334262763547033,0.21460530449336618,1.997750163078308,1.9066977500915527,1.5241267681121826,0.017429647967219353,0.420684814453125,0.21052618324756622,0.0057467062959448804,0.07703208062913525,0.03395661459742483,0.44371619299500537,0.421045720577,0.42490660953052767,0.4520266525755139
10978.596,2.0744814138601466,1.9035697080646248,1.4944728593664256,0.02061221267219387,0.44020355111821813,0.21513529257869454,1.997750163078308,1.9066977500915527,1.5241267681121826,0.017429647967219353,0.420684814453125,0.21052618324756622,-0.0027317753253556496,0.07674638035138465,0.02965390874575702,0.44049368937013067,0.421045720577,0.4218666952509336,0.44320219087917545
10978.616,2.074855281495002,1.9123297483443724,1.498793734032092,0.018693381742354544,0.4380020139778213,0.21604373327860626,1.9981859922409058,1.9172148704528809,1.5293898582458496,0.017429647967219353,0.420684814453125,0.21052618324756622,-0.0006431544595038507,0.07682207160109987,0.03059612421375757,0.4382119306772568,0.421045720577,0.4195681668309811,0.4453587825562982
10978.636,2.0752215027088066,1.9209797995475932,1.5031716696274269,0.018311060689835113,0.43250256015160043,0.21889677976196378,1.9986391067504883,1.9281526803970337,1.5348635911941528,0.017429647967219353,0.420684814453125,0.21052618324756622,0.0019815740290076937,0.07689204740910777,0.031691921566725956,0.43275133510524827,0.421045720577,0.42256563833673594,0.44800617694920153
10978.657,2.075553486209949,1.929508630102101,1.5075836425798979,0.01659917505675695,0.4264415277160769,0.22059864761873366,1.9986391067504883,1.9281526803970337,1.5348635911941528,0.017429647967219353,0.420684814453125,0.21052618324756622,-0.006211968611465261,0.0766751055637144,0.02727994861425498,0.42663839434901474,0.421045720577,0.4207648708914096,0.4393068456505664
10978.676,2.0758391866996355,1.9379858999435444,1.5120147344713144,0.014285024485315849,0.4238634921014721,0.22155459458614168,1.9992716312408447,1.9487732648849487,1.5451793670654297,0.008569949306547642,0.42095813155174255,0.21052637696266174,0.006270562265659391,0.07706904592757413,0.033164632594115284,0.42397063334556945,0.421045362949,0.42585966102887873,0.45207173274353607
10978.696,2.0760947196599,1.946408736869736,1.516429254384763,0.012776648012945204,0.421141846300388,0.2207259956676148,1.9992716312408447,1.9487732648849487,1.5451793670654297,0.008569949306547642,0.42095813155174255,0.21052637696266174,-0.001813554809319445,0.07683806950939295,0.02875011268066663,0.42121388537475013,0.421045362949,0.4297089591913511,0.44319176235960633
10978.717,2.076298385951019,1.9548349696892233,1.5208279270116671,0.010183314555733722,0.42131164096516815,0.21993363134040314,1.9994858503341675,1.9592971801757812,1.5504425764083862,0.008569949306547642,0.42095813155174255,0.21052637696266174,0.0006200384720694025,0.07693953796722205,0.029614649396719095,0.42129440851980404,0.421045362949,0.43425574501120623,0.4453262955697881
10978.736,2.0764875429603413,1.9632650519226682,1.525239447111456,0.009457850465903807,0.42150411166304347,0.22057600498463314,1.9997000694274902,1.9698212146759033,1.5557056665420532,0.008569949306547642,0.42095813155174255,0.21052637696266174,0.0030523727288940357,0.07700637884181491,0.03046621943059713,0.42149750744963216,0.421045362949,0.4388086284430315,0.44735231157906896
10978.757,2.076641658395327,1.9717163822242516,1.529658062350822,0.007705771749821628,0.42256651510837867,0.22093076198356762,1.9997000694274902,1.9698212146759033,1.5557056665420532,0.008569949306547642,0.42095813155174255,0.21052637696266174,-0.005057914847025914,0.07679854992336838,0.0260476041912312,0.4225259115452248,0.421045362949,0.43777049288121034,0.43835662258515173
10978.776,2.0767444410767144,1.9802252223773666,1.5341095409400298,0.005139134069252993,0.4254420076464654,0.2225739294555318,1.9999070167541504,1.9908714294433594,1.5662319660186768,-0.0002944793086498976,0.4210451543331146,0.21052637696266174,0.00782075756217408,0.07717620910987688,0.03212242507864693,0.42534423027005974,0.42104524374,0.44272616234779577,0.4512475823597649
10978.797,2.0768058807541876,1.9887935661136515,1.5385418901409624,0.0030719838735922015,0.4284171868048936,0.22161746004179286,1.9999070167541504,1.9908714294433594,1.5662319660186768,-0.0002944793086498976,0.4210451543331146,0.21052637696266174,-0.0004031169198712341,0.07692587534283946,0.027690075877714326,0.4282934224259244,0.42104524374,0.4458693583522084,0.44204646783025714
10978.816,2.0768004215334614,1.997449800354818,1.5429847214784032,-0.0002729610363012928,0.4328117120488757,0.22214156686718725,1.9998996257781982,2.0013976097106934,1.5714951753616333,-0.0002944793086498976,0.4210451543331146,0.21052637696266174,0.0018078237904476328,0.07698083761330307,0.028510453883230147,0.43263674556386394,0.42104524374,0.4488496576873623,0.4437697704504971
10978.837,2.0767579064348807,2.0061695780066464,1.547417241941442,-0.0021257549291857055,0.43598888262155666,0.22162602316726315,1.999892234802246,2.0119235515594482,1.5767583847045898,-0.0002944793086498976,0.4210451543331146,0.21052637696266174,0.003955515758135658,0.07697917628988692,0.02934114276314781,0.4358200426186066,0.42104524374,0.4518155219157397,0.44538751309586316
10978.857,2.0766841221322387,2.014921916001599,1.5518480224888669,-0.003513538220937287,0.416777999746949,0.21098954987094082,1.999892234802246,2.0119235515594482,1.5767583847045898,-0.0002944793086498976,0.4210451543331146,0.21052637696266174,-0.0044528151741184425,0.07672129160836241,0.02491036221572296,0.41663661075897357,0.42104524374,0.4517716853477685,0.4369421945922129
10978.877,2.076563408858905,2.023706728025033,1.55629957484877,-0.006035663666549656,0.43924060116209884,0.22257761799029824,1.9996559619903564,2.032973527908325,1.5872846841812134,-0.009156404994428158,0.42094624042510986,0.21052637696266174,0.008150957034661314,0.07703369953036611,0.03098510933244336,0.43910695303234937,0.421045809984,0.4551215683503495,0.44882044201941607
10978.897,2.076411258333403,2.0325164992414337,1.5607227500427556,-0.008007922394755283,0.4636721692785711,0.23279869441744233,1.9996559619903564,2.032973527908325,1.5872846841812134,-0.009156404994428158,0.42094624042510986,0.21052637696266174,-0.0003161818137587243,0.07675600576483829,0.026561934138457755,0.4635679764025311,0.421045809984,0.449620298810517,0.43881571747845893
10978.917,2.0762301288624396,2.041354822921922,1.5651486033124467,-0.009056473548789521,0.44191618405495053,0.22129266349984744,1.999427080154419,2.043497323989868,1.5925477743148804,-0.009156404994428158,0.42094624042510986,0.21052637696266174,0.0017087068228155134,0.07681392401554821,0.02739917100243372,0.4418579880354972,0.421045809984,0.4513672979230405,0.44145060808472536
10978.936,2.0760134357519613,2.05022901806567,1.5695722527503204,-0.010834655523680438,0.44370975717773076,0.2211824718888604,1.999198079109192,2.054020881652832,1.597810983657837,-0.009156404994428158,0.42094624042510986,0.21052637696266174,0.0036978330855689536,0.07681994061499117,0.028238730907516496,0.4436961623426063,0.421045809984,0.45308302597275996,0.4431009487372944
10978.957,2.0757629824984765,2.059119857764653,1.5739788379214237,-0.0119263454036758,0.42337331898627506,0.2098373890937574,1.999198079109192,2.054020881652832,1.597810983657837,-0.009156404994428158,0.42094624042510986,0.21052637696266174,-0.004855282044056332,0.07658074317132255,0.023832145736413235,0.42340913060865093,0.421045809984,0.4519543554346401,0.4347497239225307
10978.977,2.0754631539302735,2.068025991567893,1.5783902184183827,-0.01578045095785855,0.46874388437531506,0.2321779208897335,1.998518705368042,2.075061321258545,1.6083372831344604,-0.01801728829741478,0.420660138130188,0.21052637696266174,0.007619429025308162,0.07688880497010175,0.029947064716077776,0.46885020275153577,0.421045809984,0.4510224016762857,0.4456765094656081
10978.996,2.0751080853384707,2.076931882701202,1.5828025312420222,-0.017753429591366516,0.44529455669622264,0.22061564119722527,1.998518705368042,2.075061321258545,1.6083372831344604,-0.01801728829741478,0.420660138130188,0.21052637696266174,-0.0009509009619574726,0.07660631770112702,0.025534751892438257,0.4454756088958461,0.421045809984,0.4478073346536185,0.43751823407536994
10979.017,2.074725934872576,2.0858064114766526,1.587220086374084,-0.019107523294308683,0.4437264387628437,0.2208777565982671,1.9980683326721191,2.0855777263641357,1.613600492477417,-0.01801728829741478,0.420660138130188,0.21052637696266174,0.0010302951580688888,0.07665101932715221,0.02638040610333303,0.4439803980109209,0.421045809984,0.44503158050199143,0.4393888469149609
10979.036,2.0743280264781903,2.094657865164005,1.591643651766749,-0.019895419718861485,0.44257268435796543,0.22117826962842085,1.9976178407669067,2.0960941314697266,1.618863582611084,-0.01801728829741478,0.420660138130188,0.21052637696266174,0.0030350405427140496,0.07666357662974405,0.02721993084433505,0.4428912506091334,0.421045809984,0.4468127832407931,0.44116767199705476
10979.057,2.073914492210916,2.1034692712248027,1.5960848310226194,-0.02067671336326957,0.44057030303026107,0.22205896278867837,1.9976178407669067,2.0960941314697266,1.618863582611084,-0.01801728829741478,0.420660138130188,0.21052637696266174,-0.00544355909709273,0.07645874294239985,0.02277875158846454,0.4409522637464019,0.421045809984,0.44297350289894116,0.4322760481932162
10979.076,2.073485938774545,2.112244441024166,1.600535729220454,-0.02142767182002244,0.4387584899984995,0.2225449099071136,1.9964957237243652,2.1171154975891113,1.6293898820877075,-0.026868555694818497,0.4201880991458893,0.21052637696266174,0.007158208161935369,0.07681133029340285,0.028854152867253458,0.439201630487443,0.421046257019,0.4459476188786822,0.4450622361679453
10979.096,2.073033669623063,2.1209815723822523,1.6049391587483972,-0.022613457573611884,0.4368565678947734,0.22017147639235152,1.9964957237243652,2.1171154975891113,1.6293898820877075,-0.026868555694818497,0.4201880991458893,0.21052637696266174,-0.001251107072013485,0.0766253119262329,0.02445072333931031,0.43737390105918733,0.421046257019,0.443639375778488,0.4362654612228153
10979.117,2.072550180033562,2.1297040613526845,1.6093157671272844,-0.02302331378505763,0.41535661762696746,0.20840992279779819,1.9958239793777466,2.127620220184326,1.634653091430664,-0.026868555694818497,0.4201880991458893,0.21052637696266174,0.0008724240927545364,0.07674953509496829,0.02533732430337965,0.41593513946780547,0.421046257019,0.4490251629602757,0.4391193594287322
10979.136,2.0720165929089416,2.138460461690419,1.6136457630996746,-0.02808353287441226,0.46086317566458956,0.22789452485984646,1.995152235031128,2.138124942779541,1.639916181564331,-0.026868555694818497,0.4201880991458893,0.21052637696266174,0.0029573756797040517,0.076808176739181,0.026270418464656498,0.4616431462473716,0.421046257019,0.444407884065768,0.43952924288825357
10979.156,2.0714278847255447,2.1472645006222852,1.6179275264121267,-0.029435409169199817,0.4402019465837018,0.2140881656179326,1.995152235031128,2.138124942779541,1.639916181564331,-0.026868555694818497,0.4201880991458893,0.21052637696266174,-0.005535776569010238,0.0766215467844669,0.021988655152204384,0.44109992836999906,0.421046257019,0.4407191380576631,0.43155787074319074
10979.177,2.0707795034078185,2.1561396718050485,1.6222085717110093,-0.03087530084584087,0.42262719920292463,0.203859299958234,1.993587851524353,2.159118175506592,1.6504426002502441,-0.035706643015146255,0.41953009366989136,0.21052637696266174,0.006941416181618346,0.07693659302433262,0.028234028539234846,0.42365544344403205,0.421046853065,0.4462566461070039,0.4450521205923841
10979.197,2.070071671427268,2.1650628789861304,1.6264684570050012,-0.03539159902675079,0.4461603590443543,0.21299426469494603,1.993587851524353,2.159118175506592,1.6504426002502441,-0.035706643015146255,0.41953009366989136,0.21052637696266174,-0.0016796754115221899,0.07669610744303193,0.02397414324524294,0.447438434068651,0.421046853065,0.44245613593563393,0.4353360605787987
10979.217,2.0693196183718516,2.1740167360204676,1.6307352622267373,-0.039581739758271194,0.47125563338039694,0.22456869587809328,1.9926952123641968,2.1696064472198486,1.6557056903839111,-0.035706643015146255,0.41953009366989136,0.21052637696266174,0.0001876669503490299,0.07675099363817087,0.024970428157173874,0.4727804193987229,0.421046853065,0.43582758419596723,0.43649515733946675
10979.237,2.0685321074032412,2.1829951833923085,1.6349990125912695,-0.03937554842966078,0.4489223685822428,0.21318751822195622,1.991802453994751,2.1800947189331055,1.6609688997268677,-0.035706643015146255,0.41953009366989136,0.21052637696266174,0.002028377528281799,0.07675765819036495,0.025969887135598224,0.450523740329528,0.421046853065,0.43234083714916155,0.4391341489500642
10979.257,2.0677118684869358,2.1919845251701746,1.6392460265744542,-0.039058996016737534,0.42806389420812885,0.2022387611153858,1.991802453994751,2.1800947189331055,1.6609688997268677,-0.035706643015146255,0.41953009366989136,0.21052637696266174,-0.006670043013140248,0.07654487067795088,0.021722873152413502,0.42973295793170774,0.421046853065,0.429900610959457,0.43102145204902137
10979.278,2.0668791651118474,2.200959534540485,1.6435149606618773,-0.043826493425165015,0.4723689142210673,0.22468074144056915,1.98979651927948,2.201050043106079,1.6714951992034912,-0.04453176632523537,0.4186811149120331,0.21052512526512146,0.005690675195335958,0.07687235326266414,0.02798023854161391,0.47430471581070655,0.421042710543,0.42412098162406786,0.4422648313707006
10979.296,2.0660547465584505,2.209870795223512,1.6478254803534045,-0.04122092766894965,0.44556303414162707,0.2155259845716546,1.98979651927948,2.201050043106079,1.6714951992034912,-0.04453176632523537,0.4186811149120331,0.21052512526512146,-0.0029262967002649954,0.07671088373412427,0.02366971885008673,0.4474138896897722,0.421042710543,0.4200728699018925,0.4346094681762524
10979.317,2.065208610715197,2.218686739768696,1.6521692375464376,-0.04029218301434056,0.4198068831275673,0.20684558063223613,1.9886386394500732,2.2119357585906982,1.6769688129425049,-0.04453176632523537,0.4186811149120331,0.21052512526512146,-0.0005047949853979753,0.07686534608281058,0.024799575396067253,0.42169283870396135,0.421042710543,0.42432453805500214,0.4380665735919209
10979.337,2.064342173070722,2.2273929387078706,1.6565612576230793,-0.04560198128758294,0.4582209967930464,0.23115895139935858,1.9875699281692505,2.2219841480255127,1.6820213794708252,-0.04453176632523537,0.4186811149120331,0.21052512526512146,0.0011873868626784464,0.07695338014860319,0.02546012184774593,0.4604430368425793,0.421042710543,0.419532392621773,0.4383415425505185
10979.356,2.0634177986744104,2.236019373471059,1.6609469366985166,-0.04621871981457393,0.43132173815001434,0.21928395376707843,1.9875699281692505,2.2219841480255127,1.6820213794708252,-0.04453176632523537,0.4186811149120331,0.21052512526512146,-0.00714975730301077,0.07680343731880021,0.021074442772308632,0.43373122467572656,0.421042710543,0.4165561169865363,0.4305044371491339
10979.39,2.0624255940034506,2.2446099689098746,1.6652913060214671,-0.030066808211408058,0.260321073907861,0.13164755524313235,1.9851232767105103,2.2428925037384033,1.6925476789474487,-0.053334083408117294,0.4176536798477173,0.21052637696266174,0.005584011776393535,0.07711949661372758,0.027256372925981598,0.26199663189828154,0.421045273542,0.4622061040106512,0.44980615455524
10979.396,2.0613943421160927,2.253167676251515,1.6695959641036109,-0.14732169816396729,1.2225296199852977,0.6149511544666827,1.9851232767105103,2.2428925037384033,1.6925476789474487,-0.053334083408117294,0.4176536798477173,0.21052637696266174,-0.002701763393379736,0.0769126456627455,0.022951714843837845,1.2310993530205414,0.421045273542,0.4223006640701051,0.4108282189214414
10979.416,2.060259478591098,2.261802429680984,1.6739037728130852,-0.05674317625365165,0.4317376715032846,0.21539043548860495,1.9837899208068848,2.2533340454101562,1.6978108882904053,-0.053334083408117294,0.4176536798477173,0.21052637696266174,-0.0005527919525772484,0.07693504546647592,0.02390711547732005,0.435285053928292,0.421045273542,0.4204356630883548,0.43653439671922134
10979.437,2.0590823638047766,2.270487484424293,1.678166291482179,-0.05605308506122155,0.41357403538304877,0.20297707947447244,1.9824565649032593,2.26377534866333,1.7030739784240723,-0.053334083408117294,0.4176536798477173,0.21052637696266174,0.0015380274767258966,0.07690383797477345,0.02490768694189316,0.4171992807300862,0.421045273542,0.4257818052691716,0.43903398434827023
10979.457,2.0578547360488018,2.2791730612738172,1.6823971470380816,-0.06461198715577914,0.45713562365357835,0.22267660820266727,1.9824565649032593,2.26377534866333,1.7030739784240723,-0.053334083408117294,0.4176536798477173,0.21052637696266174,-0.006904882928799313,0.07664395838855954,0.020676831385990635,0.46148761576108205,0.421045273542,0.4193026294721515,0.42886445869378387
10979.477,2.056579897998498,2.287883501984298,1.6866345459954908,-0.0637419025137995,0.43552203551453206,0.2118699478658331,1.9795081615447998,2.2850441932678223,1.713810920715332,-0.062115054577589035,0.41643771529197693,0.21052637696266174,0.00608761931867474,0.07688338653445656,0.027176374719841245,0.4399705232072448,0.421044707298,0.4221150962400615,0.44260175949183356
10979.497,2.0553247445895524,2.296514949209807,1.6908404597320463,-0.06275767045161555,0.43157236130527615,0.2102956868423132,1.9795081615447998,2.2850441932678223,1.713810920715332,-0.062115054577589035,0.41643771529197693,0.21052637696266174,-0.002308712502317496,0.07664464986575438,0.0229704609832857,0.4359820957865104,0.421044707298,0.419792445937698,0.43401960210526236
10979.516,2.0540384718173974,2.3050627257560707,1.6951060007478242,-0.06431363860634536,0.42738882730386196,0.21327705078424053,1.9780173301696777,2.2950387001037598,1.7188634872436523,-0.062115054577589035,0.41643771529197693,0.21052637696266174,-0.0005208318288290239,0.0766774008551863,0.023757486495828095,0.43206511300784006,0.421044707298,0.4223789461972377,0.4358099877379674
10979.537,2.052721882344136,2.313581019305128,1.6994030953859391,-0.06582947366163354,0.4259146774435576,0.21485473190105495,1.9764645099639893,2.3054497241973877,1.7241266965866089,-0.062115054577589035,0.41643771529197693,0.21052637696266174,0.0017160587139896794,0.07667046331504503,0.024723601200669743,0.4308400761634614,0.421044707298,0.4255857353636944,0.43779629804225817
10979.557,2.051369275415122,2.322079101243804,1.703720222057048,-0.06440985376060546,0.4046705684960514,0.20557746052272435,1.9764645099639893,2.3054497241973877,1.7241266965866089,-0.062115054577589035,0.41643771529197693,0.21052637696266174,-0.006555344118286462,0.07644794000973434,0.020406474529560903,0.40963723401661944,0.421044707298,0.42612233723070336,0.4295366760100452
10979.577,2.049965963117497,2.3305776694917677,1.7080373119040289,-0.07385854198642453,0.4472930657196404,0.22721525512322474,1.9731398820877075,2.3262367248535156,1.7346529960632324,-0.07086861878633499,0.4150407314300537,0.21052637696266174,0.00621049192643545,0.07669759003241136,0.026615684159203568,0.45319190014778704,0.421047717333,0.4270983264376934,0.4409326531901876
10979.597,2.0485374466827446,2.339091049476015,1.7123622829625351,-0.0680245921289975,0.405399046856563,0.20595100277973327,1.9731398820877075,2.3262367248535156,1.7346529960632324,-0.07086861878633499,0.4150407314300537,0.21052637696266174,-0.002087621206540621,0.07645696989850821,0.0222907131006973,0.41094137481051884,0.421047717333,0.4323251720230632,0.4334358014150341
10979.617,2.047087154476504,2.3476050962005903,1.7167098491278958,-0.07633116874857572,0.44810772234057356,0.22881927185828518,1.9713681936264038,2.3366127014160156,1.739916205406189,-0.07086861878633499,0.4150407314300537,0.21052637696266174,0.0001336730720309237,0.07651258659089204,0.02320635627829315,0.45444417370796153,0.421047717333,0.42789931043763674,0.43412416311856694
10979.637,2.0456016926875726,2.356129232122604,1.7210587098134384,-0.07427308944494253,0.42620679609137785,0.21744303427238532,1.9695963859558105,2.3469886779785156,1.745179295539856,-0.07086861878633499,0.4150407314300537,0.21052637696266174,0.0023402524123916687,0.07651718499851223,0.02412058572641751,0.43252272767388444,0.421047717333,0.4308367247912273,0.4367028515810365
10979.656,2.044080191906094,2.3646584037971237,1.7254078623460334,-0.07607503907228119,0.42645858371667733,0.21745762662500012,1.9695963859558105,2.3469886779785156,1.745179295539856,-0.07086861878633499,0.4150407314300537,0.21052637696266174,-0.005988722152691471,0.0763163925138112,0.019771433193822574,0.43308681458275405,0.421047717333,0.42817161538715,0.4278508270635958
10979.676,2.0425071274213398,2.373184055310507,1.7297530520544473,-0.07865322424313802,0.42628257569863326,0.21725948543571283,1.9658349752426147,2.367701292037964,1.7557055950164795,-0.07958994805812836,0.41345515847206116,0.21052637696266174,0.00672265287069569,0.07657339976258365,0.0259525429620322,0.4333582886747956,0.421045988798,0.43202814946173784,0.4405696986748236
10979.697,2.040898322197693,2.3816873776260703,1.7340731668262033,-0.08044026118059042,0.4251661157688834,0.21600573858308397,1.9658349752426147,2.367701292037964,1.7557055950164795,-0.07958994805812836,0.41345515847206116,0.21052637696266174,-0.0015983475368848681,0.07633846953749862,0.02163242819027622,0.4325871260091594,0.421045988798,0.43031462536531345,0.43171905982486714
10979.716,2.0392812900288524,2.3901401105008446,1.7384032897689972,-0.08085160844025817,0.4226366437294911,0.21650614713496866,1.9637656211853027,2.378451108932495,1.7611793279647827,-0.07958994805812836,0.41345515847206116,0.21052637696266174,0.0010725737462528358,0.07640745110336022,0.022776038195785553,0.4302020878885849,0.421045988798,0.43347426303552633,0.43428932310380475
10979.737,2.0376387416208734,2.3985669135705736,1.7427449318396167,-0.08212742039715483,0.4213401534772522,0.21708210352623603,1.961855411529541,2.388374090194702,1.766231894493103,-0.07958994805812836,0.41345515847206116,0.21052637696266174,0.0029242083106612114,0.07640978846888284,0.023486962653486376,0.4291789560218697,0.421045988798,0.43714898513823236,0.43583054492770223
10979.756,2.0359631229439668,2.406993032031662,1.7470853174018797,-0.08378093385112544,0.42130592308354825,0.21701927812815153,1.961855411529541,2.388374090194702,1.766231894493103,-0.07958994805812836,0.41345515847206116,0.21052637696266174,-0.005333562359786366,0.07622447768772296,0.01914657709122336,0.4294695013976328,0.421045988798,0.43511983020343326,0.4270352485177687
10979.776,2.034230107305853,2.4154555634163013,1.751438234908872,-0.08665078190379247,0.4231265692227215,0.2176458753448639,1.9575704336166382,2.409414529800415,1.7769688367843628,-0.0882754996418953,0.411685973405838,0.21052637696266174,0.007830021930484963,0.07649764972764392,0.025530601875490833,0.43180946720463126,0.421043813229,0.43941336933888214,0.44016181246580344
10979.797,2.032426525991219,2.4239639918818474,1.755768235760781,-0.09017906572973079,0.4254214232680196,0.2165000425907209,1.9575704336166382,2.409414529800415,1.7769688367843628,-0.0882754996418953,0.411685973405838,0.21052637696266174,-0.0005338170853724077,0.07625507492469069,0.0212006010235819,0.43474997335231425,0.421043813229,0.43760815467666453,0.4311510937846298
10979.816,2.030577927254678,2.432491038937488,1.760096912849841,-0.0924299368250367,0.42635235277272704,0.2164338544482777,1.9554518461227417,2.419294834136963,1.782021403312683,-0.0882754996418953,0.411685973405838,0.21052637696266174,0.001176157619452261,0.07626719177099603,0.021924490462842172,0.43612875882883123,0.421043813229,0.4399542631518912,0.43261691458215823
10979.837,2.0286863594561058,2.441021478882473,1.7644247546460965,-0.09457838993514975,0.42652199727872253,0.2163920898277354,1.953244924545288,2.4295871257781982,1.7872846126556396,-0.0882754996418953,0.411685973405838,0.21052637696266174,0.0032958256460351495,0.07623183105256827,0.022859858009543155,0.4367502194807617,0.421043813229,0.44263775767506747,0.4343928730898682
10979.857,2.026757476977975,2.4495356536699004,1.7687439986422782,-0.09644412390444206,0.42570873936208536,0.21596219980436926,1.953244924545288,2.4295871257781982,1.7872846126556396,-0.0882754996418953,0.411685973405838,0.21052637696266174,-0.00510218353491425,0.07600004508808259,0.01854061401336149,0.43636206461850974,0.421043813229,0.4396832945453681,0.4255378781748601
10979.876,2.024789375624742,2.458030306985952,1.7730817002981558,-0.09840506765948528,0.42473266579331415,0.21688508278914873,1.9486149549484253,2.450122833251953,1.7978109121322632,-0.09692168980836868,0.40974071621894836,0.21052637696266174,0.007557858135657952,0.07620990281208632,0.024729211834107367,0.4358427876057574,0.421047836542,0.4433494898602668,0.4381355710505185
10979.897,2.022775043794056,2.466516814540589,1.7773988927799724,-0.10071659153210158,0.4243253777225868,0.21585962408611883,1.9486149549484253,2.450122833251953,1.7978109121322632,-0.09692168980836868,0.40974071621894836,0.21052637696266174,-0.000832441509107034,0.07594595737244955,0.020412019352290756,0.43596205049316283,0.421047836542,0.4412044083815683,0.429188395981276
10979.916,2.0207165680475017,2.4750043889405653,1.781720588674747,-0.1029237873348387,0.4243787200281418,0.21608479475366069,1.9461919069290161,2.4603662490844727,1.8030741214752197,-0.09692168980836868,0.40974071621894836,0.21052637696266174,0.0012890369679638206,0.07593772867927287,0.021353532800472808,0.43652207663489234,0.421047836542,0.4433940623342941,0.4310429742724393
10979.937,2.0186184618771024,2.4834891210347463,1.7860479587864015,-0.10490530851767485,0.42423660469978935,0.2163685055780085,1.9436719417572021,2.471019744873047,1.8085477352142334,-0.09692168980836868,0.40974071621894836,0.21052637696266174,0.003826455206669065,0.07588032986549229,0.022499776427831852,0.43685342691406587,0.421047836542,0.44616008568204224,0.4331810158827892
10979.957,2.016473737091624,2.491971855038924,1.7903671005744293,-0.1072362392715705,0.42413670019963007,0.21595708939667235,1.9436719417572021,2.471019744873047,1.8085477352142334,-0.09692168980836868,0.40974071621894836,0.21052637696266174,-0.0045920599464427045,0.07561749341102493,0.018180634639804127,0.43731081731819677,0.421047836542,0.44301503338806786,0.42422456564911576
10979.976,2.0142808540450896,2.500461167699455,1.7947116316104736,-0.10964415232433335,0.4244656330172732,0.21722655179747713,1.938707709312439,2.49104380607605,1.8188635110855103,-0.10552623122930527,0.40760672092437744,0.21052637696266174,0.0075986696523706425,0.07577761624808664,0.02415187947503661,0.4382154368386372,0.421045154333,0.4461775478089133,0.4362150527689652
10979.996,2.0120510447191977,2.5089606036429406,1.7990176882032882,-0.11149046630230121,0.4249717972036642,0.21530282965561096,1.938707709312439,2.49104380607605,1.8188635110855103,-0.10552623122930527,0.40760672092437744,0.21052637696266174,-0.0008586316161841405,0.07549516034415017,0.01984582288222203,0.4391766258589303,0.421045154333,0.4436658602445641,0.42721172945994657
10980.017,2.0097890968544947,2.517458329655474,1.8033162996933179,-0.11309739323268221,0.42488630061739574,0.21493057449679032,1.9360694885253906,2.5012338161468506,1.8241267204284668,-0.10552623122930527,0.40760672092437744,0.21052637696266174,0.0011993470799868712,0.07547434701519279,0.020810420735148938,0.43951318203581,0.421045154333,0.44561290371664375,0.42905206721064904
10980.037,2.007491052910247,2.525967160211432,1.8076051424425734,-0.11490219720986619,0.4254415277886231,0.21444213745809726,1.9334313869476318,2.5114240646362305,1.8293898105621338,-0.10552623122930527,0.40760672092437744,0.21052637696266174,0.0032373029794938706,0.07540461272908032,0.02178466811956037,0.44052437831526264,0.421045154333,0.4476265925688877,0.43075991256356433
10980.057,2.0051635082870254,2.5344690319003367,1.81185963236835,-0.11637723115855084,0.42509358443594525,0.2127244962841864,1.9334313869476318,2.5114240646362305,1.8293898105621338,-0.10552623122930527,0.40760672092437744,0.21052637696266174,-0.005253623542552377,0.07515961141282163,0.017530178193783774,0.440585221030203,0.421045154333,0.44402689914983146,0.42194805079456876
10980.077,2.0027905063403963,2.54296425537619,1.8161214016857785,-0.11865009733965322,0.42476117382202505,0.21308846588615396,1.927941083908081,2.5317466259002686,1.8399162292480469,-0.11408428847789764,0.4052940309047699,0.21052637696266174,0.007297048938414324,0.07533275732575193,0.02379482756226836,0.44085990355461296,0.421044498682,0.4470568235913272,0.43446681664572473
10980.096,2.0003654876515977,2.5514740517116627,1.8203493964832393,-0.12125093443728487,0.4254898167643512,0.2113997398684272,1.927941083908081,2.5317466259002686,1.8399162292480469,-0.11408428847789764,0.4052940309047699,0.21052637696266174,-0.001229607269122121,0.0750530056207724,0.01956683276480753,0.44225482718773235,0.421044498682,0.4441786269381698,0.4255634775574195
10980.118,1.9978974682454873,2.5599936223553375,1.8245647797494464,-0.117524733620722,0.4056938401626163,0.20073253647993083,1.9250890016555786,2.541879177093506,1.8451793193817139,-0.11408428847789764,0.4052940309047699,0.21052637696266174,0.0007445221888488403,0.07502434019055453,0.020614539632267448,0.4222057654056169,0.421044498682,0.4485642023404287,0.42803327325707097
10980.137,1.995404531980882,2.5685267013986923,1.8287921742303388,-0.13120717181972577,0.4491094233289636,0.22249444636003018,1.9222368001937866,2.552011489868164,1.8504425287246704,-0.11408428847789764,0.4052940309047699,0.21052637696266174,0.002699640478376144,0.07495986344740718,0.021650354494331614,0.46772199148493204,0.421044498682,0.44304065726607683,0.42855103150227103
10980.157,1.9928433641999084,2.5771077311077626,1.8329728526453755,-0.12805838904588449,0.42905148544414795,0.20903392074727048,1.9193742275238037,2.562140703201294,1.8557056188583374,-0.11834544688463211,0.40407881140708923,0.21052631735801697,0.004586397495363813,0.07483776403861676,0.02273276621296194,0.4475805988593276,0.421052634716,0.4444278825862245,0.4308381223852493
10980.177,1.9902476311169237,2.5857080784711073,1.837155262796818,-0.12978665415820426,0.4300173681969583,0.2091205075865795,1.9193742275238037,2.562140703201294,1.8557056188583374,-0.11834544688463211,0.40407881140708923,0.21052631735801697,-0.004080953595942172,0.07457751894323954,0.018550356061519446,0.4490156144786569,0.421052634716,0.43986656282763664,0.4220472103249149
10980.196,1.9876152593013074,2.594296564837337,1.8413114700378488,-0.13161859077794022,0.4294243183021042,0.2078103620470054,1.9193742275238037,2.562140703201294,1.8557056188583374,-0.11834544688463211,0.40407881140708923,0.21052631735801697,-0.012750554765273994,0.07435227776465465,0.014394148820488617,0.44897975741374546,0.421052634716,0.4335658227858628,0.4134215536618545
10980.217,1.9849159518690693,2.602883748548754,1.845403609926397,-0.1349653716089599,0.4293591855614825,0.20460699442294814,1.913255214691162,2.5822842121124268,1.866231918334961,-0.12258979678153992,0.40280506014823914,0.21052637696266174,-0.00039554090848663986,0.07456169057674576,0.020828308408563867,0.4498702733075171,0.42104652524,0.42962311255622043,0.42611502099636833
10980.236,1.982204186724163,2.611415304856386,1.849468774203328,-0.13558825724235193,0.42657781537229006,0.20325821384210993,1.910190463066101,2.5923542976379395,1.8714951276779175,-0.12258979678153992,0.40280506014823914,0.21052637696266174,0.001483841428541962,0.07447883327426884,0.022026353474589477,0.44741862676278543,0.42104652524,0.426398621339171,0.42813910527520604
10980.257,1.979448233820781,2.619901262522856,1.8534970879939545,-0.1377976451786269,0.4242978833528271,0.20141568954524788,1.9071153402328491,2.602421283721924,1.876758337020874,-0.12682552635669708,0.4014979302883148,0.21052631735801697,0.0033911555962223734,0.07433772405317726,0.023261249026919506,0.44589430126861046,0.421052604914,0.4277685433452697,0.4300583127607508
10980.276,1.9766615920763424,2.6283451707904995,1.8575069232009431,-0.13933208721889148,0.4221954133729603,0.2004917603450542,1.9071153402328491,2.602421283721924,1.876758337020874,-0.12682552635669708,0.4014979302883148,0.21052631735801697,-0.005198070955584125,0.07403856511686034,0.019251413819930896,0.44436402565733635,0.421052604914,0.4236194055054642,0.42149415744416696
10980.296,1.9738702315638503,2.6367122665359837,1.861562301696835,-0.13956802562155698,0.41835478726507924,0.20276892479016806,1.9071153402328491,2.602421283721924,1.876758337020874,-0.12682552635669708,0.4014979302883148,0.21052631735801697,-0.013713902216327994,0.07378357476409585,0.015196035324039014,0.4408063793158394,0.421052604914,0.41825299084028755,0.4130184791630801
10980.317,1.97108549846045,2.644996277873785,1.8656538769249429,-0.1326063382646015,0.3944767303936436,0.19483691563512073,1.900573492050171,2.6224312782287598,1.8872846364974976,-0.1310429573059082,0.40013474225997925,0.21052637696266174,-0.001100134892280287,0.07402642744454191,0.02163075957255467,0.4159883872602442,0.421046406031,0.4231340244848041,0.4266815812530963
10980.336,1.9682989105568764,2.6531975578041314,1.869713889174603,-0.14666252123891627,0.4316463121181915,0.21368485524265132,1.8972975015640259,2.632434606552124,1.8925477266311646,-0.1310429573059082,0.40013474225997925,0.21052637696266174,0.0010666817512679366,0.07396730638400176,0.022833837456561534,0.45569535738553374,0.421046406031,0.418872813446598,0.42762391262977206
10980.356,1.9655010658087222,2.6613249525429867,1.8737743007451753,-0.13989223740465917,0.4063697369338986,0.2030205785241806,1.8940110206604004,2.642434597015381,1.897810935974121,-0.13524937629699707,0.39873918890953064,0.21052631735801697,0.003300104322817878,0.07387003045029125,0.024036635228945835,0.4295992784125484,0.421052664518,0.42249298576054456,0.43047548491594223
10980.377,1.9626922368312167,2.6693901213038584,1.8778089758544372,-0.140441448872207,0.40325843803478323,0.2017337554586926,1.8940110206604004,2.642434597015381,1.897810935974121,-0.13524937629699707,0.39873918890953064,0.21052631735801697,-0.004938791110077334,0.07361601786798938,0.020001960119683915,0.4268454668381481,0.421052664518,0.4208368052092967,0.422025414614428
10980.396,1.9598537984595779,2.677414509811704,1.8818367138306606,-0.1419219185788464,0.4012194253835274,0.2013868988067775,1.8940110206604004,2.642434597015381,1.897810935974121,-0.13524937629699707,0.39873918890953064,0.21052631735801697,-0.013150291448579786,0.07338893324178822,0.015974222143460448,0.42540228137994235,0.421052664518,0.4177290537302002,0.41359989628872973
10980.417,1.956990496599033,2.6854226323275263,1.8859159149535083,-0.14316509303713792,0.40040612581878515,0.20396005615648072,1.8870495557785034,2.6623024940490723,1.9083372354507446,-0.13943642377853394,0.3972855508327484,0.21052637696266174,-0.0003048790997225888,0.07366262991239324,0.02242132049723633,0.42506103865418926,0.421044319868,0.42125354664976,0.4268553603921875
10980.436,1.954108804874978,2.693405982073508,1.8900174638514122,-0.14408458619960782,0.39916748729037727,0.20507744489072002,1.8835636377334595,2.672234535217285,1.9136004447937012,-0.13943642377853394,0.3972855508327484,0.21052637696266174,0.0020371199084118184,0.07362540941474896,0.023582980942288945,0.42421925321941756,0.421044319868,0.4253649266152874,0.4290650987292619
10980.457,1.9511934207892572,2.7013711893882824,1.8941463004426518,-0.1457692042828574,0.39826036573001866,0.20644182955747015,1.8800674676895142,2.6821630001068115,1.9188635349273682,-0.1436132788658142,0.39580368995666504,0.21052631735801697,0.004387144938563025,0.07354324373528608,0.02471723448471641,0.4239384341838719,0.421052664518,0.4302172036659422,0.43111282297135467
10980.477,1.9482399340231769,2.709318510124411,1.8983434463037556,-0.14767433830079235,0.3973660367977499,0.20985729305061268,1.8800674676895142,2.6821630001068115,1.9188635349273682,-0.1436132788658142,0.39580368995666504,0.21052631735801697,-0.0037792193099781927,0.073284544016712,0.020520088623612542,0.4237498210580863,0.421052664518,0.4292662444237626,0.4223439304528582
10980.496,1.9452503783581017,2.7172470509158044,1.902584989121014,-0.14947778326409186,0.39642703959708175,0.21207714087757984,1.8800674676895142,2.6821630001068115,1.9188635349273682,-0.1436132788658142,0.39580368995666504,0.21052631735801697,-0.011938276516283767,0.07305600603795558,0.016278545806354128,0.42349649007339846,0.421052664518,0.4266574057910842,0.41358809989906975
10980.517,1.942222613144374,2.725180097052741,1.9067951233930427,-0.15138826068307584,0.396652306838165,0.21050671359683779,1.872689127922058,2.7018802165985107,1.9293898344039917,-0.14777040481567383,0.39426493644714355,0.21052637696266174,0.0009290586408435518,0.07332753129886019,0.02259471101094901,0.4243866594951695,0.42104741931,0.4305135631871372,0.4266416300545989
10980.536,1.9391643923826698,2.7331180169773366,1.9109603110453062,-0.15291103808187506,0.39689599622112126,0.20825938260862814,1.868994951248169,2.7117366790771484,1.9346530437469482,-0.14777040481567383,0.39426493644714355,0.21052637696266174,0.0032552640293992616,0.07328243538276481,0.023692732701642072,0.42517133856681555,0.42104741931,0.434725991107287,0.42868844153483443
10980.556,1.936077854447415,2.7410551377998083,1.915075129870906,-0.15432689675936673,0.3968560411149208,0.2057409412754951,1.8652904033660889,2.7215895652770996,1.9399162530899048,-0.1519135683774948,0.3926927149295807,0.21052631735801697,0.005568715545208613,0.07320355969080011,0.024841123218998895,0.42565626546062646,0.421052604914,0.4393340739759497,0.4307268223207279
10980.577,1.932975461561862,2.7489855499982645,1.9191578410235346,-0.15511964428837913,0.3965206099502206,0.2041355576455454,1.8652904033660889,2.7215895652770996,1.9399162530899048,-0.1519135683774948,0.3926927149295807,0.21052631735801697,-0.0026455483425504474,0.07297128308982047,0.02075841206637019,0.4256542818268941,0.421052604914,0.43828569286712565,0.42217413651825975
10980.597,1.9298493496444546,2.7569273175871922,1.9232847786048177,-0.15630559586695336,0.3970883794377188,0.20634687905965238,1.8652904033660889,2.7215895652770996,1.9399162530899048,-0.1519135683774948,0.3926927149295807,0.21052631735801697,-0.010877099966922106,0.07278944277305575,0.01663147448508706,0.42663606144158056,0.421052604914,0.4354429405391742,0.41365719656223454
10980.616,1.9266944642092618,2.7648972732574357,1.9274251049089317,-0.1577442717561979,0.39849778350347664,0.20701631520118047,1.8574987649917603,2.7411468029022217,1.9504425525665283,-0.15603630244731903,0.3910652995109558,0.21052637696266174,0.0019013340048657824,0.07313353923676051,0.023017447657596612,0.42849516951772443,0.421045601368,0.438913446644652,0.4269023845552461
10980.637,1.9235188581040752,2.7728975741343644,1.9315263915986507,-0.1587803052558659,0.40001504383770414,0.20506433448147318,1.85359787940979,2.7509233951568604,1.9557056427001953,-0.15603630244731903,0.3910652995109558,0.21052637696266174,0.0041192197294617795,0.07317677112391933,0.02417925110154462,0.43031251656933606,0.421045601368,0.44275952189985907,0.4291835325260954
10980.656,1.9203107927357088,2.780921446341145,1.9356021779280048,-0.1604032684148175,0.40119361033027734,0.20378931646325799,1.849686861038208,2.7606959342956543,1.9609688520431519,-0.16014650464057922,0.38940778374671936,0.21052631735801697,0.006301821145389613,0.07319219983145113,0.025366674115147037,0.4320190222388066,0.421052634716,0.44643029793071465,0.43142008584666747
10980.677,1.9170668664685522,2.7889616834868933,1.9396703426943174,-0.1544726793970817,0.38286843553330885,0.19372213174004263,1.849686861038208,2.7606959342956543,1.9609688520431519,-0.16014650464057922,0.38940778374671936,0.21052631735801697,-0.002069523495419362,0.07303926876439239,0.021298509348834482,0.4128118857675801,0.421052634716,0.4515447290209958,0.42361772647186624
10980.697,1.9137688461983426,2.79702005132287,1.9437614256398583,-0.17358001421942734,0.42412462294093245,0.21532015502583232,1.849686861038208,2.7606959342956543,1.9609688520431519,-0.16014650464057922,0.38940778374671936,0.21052631735801697,-0.010476787553287053,0.07291213357483001,0.017207426403293535,0.4582152763038054,0.421052634716,0.44472001461366695,0.41416416153530633
10980.716,1.910413822884409,2.805122515128083,1.9479019232405745,-0.16775116569302181,0.405123190251827,0.20702488003129207,1.8414852619171143,2.7800848484039307,1.9714951515197754,-0.16423307359218597,0.3876940608024597,0.21052637696266174,0.002103253704258491,0.07330489476063193,0.02359322827920085,0.4384281186355483,0.421045362949,0.4468443585280565,0.4278660003632299
10980.737,1.9070135435444806,2.813260422112842,1.9520566960692458,-0.17001396699270743,0.406895349229064,0.2077386414290291,1.8373794555664062,2.7897772789001465,1.976758360862732,-0.16423307359218597,0.3876940608024597,0.21052637696266174,0.004113222982153272,0.07337196753791778,0.024701664793486122,0.4409394037874089,0.421045362949,0.44902227427508745,0.4300334354719829
10980.756,1.903568686012522,2.821427888336448,1.9562191457271132,-0.1722428766098335,0.4083733112085153,0.20812248290775498,1.8373794555664062,2.7897772789001465,1.976758360862732,-0.16423307359218597,0.3876940608024597,0.21052637696266174,-0.004444801223461917,0.07323263648689854,0.020539215135618738,0.4431697406358866,0.421045362949,0.4451647847260613,0.42153088003955347
10980.777,1.900095878513841,2.8296258046432623,1.960410067066539,-0.1736403749302574,0.40989581533177455,0.20954606696671502,1.8289645910263062,2.8090734481811523,1.9872846603393555,-0.17235837876796722,0.3841486871242523,0.21052512526512146,0.008005800003056115,0.07360683787591371,0.026874593272816494,0.44513053882929454,0.421043485403,0.44754353954580284,0.43452412153161324
10980.797,1.8965963059158435,2.8378279527538495,1.9646051991103932,-0.1749786298960607,0.41010740552040675,0.20975660218813366,1.8289645910263062,2.8090734481811523,1.9872846603393555,-0.17235837876796722,0.3841486871242523,0.21052512526512146,-0.0006026053871080704,0.07348814366187484,0.02267946122896225,0.44585622204920805,0.421043485403,0.44408740224116716,0.4260765243927317
10980.816,1.8930595347848063,2.846043673597758,1.9688542051075102,-0.17683855654800154,0.41078604218645465,0.21245029985121128,1.8246556520462036,2.8186771869659424,1.9925477504730225,-0.17235837876796722,0.3841486871242523,0.21052512526512146,0.0012884616977480445,0.07366380135955024,0.02369354536551227,0.44721668002059767,0.421043485403,0.4408247595482106,0.42837544421284734
10980.837,1.8894913933616073,2.85425441230875,1.9731148600658772,-0.17840707117227902,0.4105369355779761,0.21303274793307653,1.820346713066101,2.8282809257507324,1.9978108406066895,-0.17235837876796722,0.3841486871242523,0.21052512526512146,0.0031741433288210476,0.07379385903498599,0.024695980540812235,0.44761366564021365,0.421043485403,0.441943137196435,0.43057350796147204
10980.856,1.8859069731745652,2.862408233624269,1.9773605404048071,-0.17922100934819205,0.4076910657670623,0.21228401694186197,1.8160278797149658,2.8378801345825195,2.0030739307403564,-0.17639580368995667,0.38232165575027466,0.21052633225917816,0.005105413642677758,0.07388267792165135,0.025713390335549313,0.44533212005758654,0.421052634716,0.44363029764714,0.43279652495002074
10980.884,1.8822934138427627,2.8704933980465794,1.9816162764502292,-0.1290556904203783,0.2887558722228178,0.1519905730494452,1.8160278797149658,2.8378801345825195,2.0030739307403564,-0.17639580368995667,0.38232165575027466,0.21052633225917816,-0.0034357513104514466,0.07377629415978504,0.021457654290127248,0.31626939095592216,0.421052634716,0.4690360409551931,0.4280388056660565
10980.897,1.8786380791133142,2.8785187714581606,1.9858599523665372,-0.3046112274381635,0.6687811175968902,0.35363965967389566,1.8160278797149658,2.8378801345825195,2.0030739307403564,-0.17639580368995667,0.38232165575027466,0.21052633225917816,-0.01194058990958759,0.07368146434770556,0.017213978373819216,0.7348292732082039,0.421052634716,0.44129351825353014,0.40951663679941674
10980.916,1.8749046371795608,2.886543569339037,1.9900757643808336,-0.1866720967005709,0.40123989407154875,0.21079060072938655,1.8061152696609497,2.858808994293213,2.014652967453003,-0.18040864169597626,0.3804391026496887,0.21052762866020203,0.0026720412285118067,0.07412181819313475,0.024577203072169373,0.44248016600048634,0.421047717333,0.44298778694744756,0.43124460566499817
10980.937,1.8711108933763065,2.894583102503397,1.994262074307501,-0.18968719015857238,0.4019766582092208,0.2093154963288043,1.8023266792297363,2.866798162460327,2.0190742015838623,-0.18040864169597626,0.3804391026496887,0.21052762866020203,0.00293427990441731,0.07412598067075224,0.024812127276361284,0.44441690712900467,0.421047717333,0.4445375847185901,0.43158566519272284
10980.956,1.8672819379153793,2.902615340501201,1.9984625191064476,-0.1914477730421815,0.4016118998814422,0.21002223994274294,1.7979869842529297,2.8759241104125977,2.0241267681121826,-0.18440504372119904,0.3785235583782196,0.21052631735801697,0.00445264979474962,0.07412412749253189,0.02566424900573505,0.44484383568985725,0.421052604914,0.44617378564742344,0.4331543361334934
10980.976,1.863450520071501,2.91062300145733,2.002674184274808,-0.19157089218973364,0.40038304779771233,0.21058325841343237,1.7979869842529297,2.8759241104125977,2.0241267681121826,-0.18440504372119904,0.3785235583782196,0.21052631735801697,-0.004111356027755548,0.073976917435215,0.021452583837374473,0.44380757072538735,0.421052604914,0.44231663390815135,0.42467680176742684
10980.997,1.859676823990931,2.9185514854285843,2.006936792912033,-0.18868480404154717,0.3964241985901185,0.2131304318759734,1.7979869842529297,2.8759241104125977,2.0241267681121826,-0.18440504372119904,0.3785235583782196,0.21052631735801697,-0.01257645114735486,0.07392267787487165,0.017189975200149643,0.43902330818802565,0.421052604914,0.43718570470398777,0.41645618544450413
10981.016,1.85594302261713,2.92641172777701,2.011254635881113,-0.18669006868596796,0.39301211741270886,0.2158921484492986,1.7885780334472656,2.894756555557251,2.0346529483795166,-0.18837527930736542,0.37655267119407654,0.21052512526512146,8.74504869738564e-05,0.07443174085382452,0.023398312498403406,0.4350976806756678,0.421042948961,0.4392918518699504,0.429894170530722
10981.037,1.8522252408046127,2.9342275550918253,2.015552232103185,-0.18588909062181055,0.3907913657322312,0.2148798110989062,1.783868670463562,2.904170274734497,2.0399160385131836,-0.18837527930736542,0.37655267119407654,0.21052512526512146,0.0022763838004854833,0.07463832050671376,0.024363806409998467,0.4327499715580393,0.421042948961,0.4424331650099432,0.43241993072701945
10981.057,1.8484469407156365,2.9420362643782556,2.0198162015207166,-0.18891500444468498,0.3904354643129923,0.21319847087192073,1.7791495323181152,2.913579225540161,2.0451793670654297,-0.192332461476326,0.3745577931404114,0.21052633225917816,0.004444633614905678,0.07478087390553097,0.025363165544713073,0.4337375135786471,0.421052634716,0.44556249188801167,0.43472421592333244
10981.077,1.844549892161087,2.9498549301401153,2.024065134406959,-0.19485242774094508,0.39093328812000916,0.21244664432680999,1.7791495323181152,2.913579225540161,2.0451793670654297,-0.192332461476326,0.3745577931404114,0.21052633225917816,-0.003973352415346545,0.07468163283161927,0.021114232658470566,0.4367841934413888,0.421052634716,0.44259481465198114,0.42617086612927757
10981.097,1.8405359483581671,2.957687719928975,2.028319840917292,-0.20069719014161227,0.39163948943443666,0.21273532551200064,1.7791495323181152,2.913579225540161,2.0451793670654297,-0.192332461476326,0.3745577931404114,0.21052633225917816,-0.012455820025945762,0.07455671598837774,0.016859526148137682,0.4400125522475217,0.421052634716,0.4378606267987335,0.4175618663475964
10981.116,1.836433332339414,2.965534237132511,2.03254189502308,-0.2051308009331809,0.3923258601682262,0.21110270528478198,1.769345998764038,2.9322097301483154,2.0557055473327637,-0.19626349210739136,0.3725093603134155,0.21052762866020203,5.35443237121673e-05,0.07490814525135998,0.02316365230968387,0.44262814294583613,0.421049386263,0.4350307703175514,0.4304934047690775
10981.136,1.8322930011430538,2.9733659305171196,2.036652074751553,-0.20701655981348865,0.39158466922189067,0.20550898641917784,1.7644394636154175,2.9415223598480225,2.0609688758850098,-0.19626349210739136,0.3725093603134155,0.21052762866020203,0.002028722241415218,0.07492662967222885,0.02431680113345669,0.44284568424005133,0.421049386263,0.436569736610181,0.43266310920970175
10981.157,1.8281361193955032,2.9811526002204465,2.040684787145832,-0.1979467498944714,0.3707937954173296,0.19203392354786028,1.7595232725143433,2.9508299827575684,2.0662319660186768,-0.2001747488975525,0.3704259991645813,0.21052631735801697,0.004030778223693531,0.07490618608532237,0.025547178872844967,0.42023440081126573,0.421052664518,0.44193782711581236,0.43563542655049553
10981.177,1.8239035178967669,2.9889313098148698,2.0446818788135337,-0.22276849993076425,0.40940576812252427,0.21037324566594318,1.7595232725143433,2.9508299827575684,2.0662319660186768,-0.2001747488975525,0.3704259991645813,0.21052631735801697,-0.004522893451305143,0.07467309123008545,0.021550087205143065,0.46594976687291734,0.421052664518,0.43491658753761564,0.4257619315861133
10981.196,1.8195657652079245,2.996727986871225,2.0487278553912023,-0.21688763443738582,0.3898338528092577,0.20229882887901357,1.7595232725143433,2.9508299827575684,2.0662319660186768,-0.2001747488975525,0.3704259991645813,0.21052631735801697,-0.013138898051827694,0.07442511046991923,0.01750411062747448,0.445908318689906,0.421052664518,0.42926619267280997,0.4178023160803199
10981.217,1.8151262098523722,3.0045434150519195,2.052855454537991,-0.2219777677727694,0.39077140902618834,0.2063799573349261,1.749329924583435,2.969249725341797,2.07675838470459,-0.20405840873718262,0.368289053440094,0.21052512526512146,-0.0007682352340829812,0.07466060208149192,0.023902930166598946,0.4491498725595041,0.421042352915,0.42534985671270004,0.4304631537398115
10981.236,1.8106327024955617,3.0123634134309643,2.0569888025232177,-0.22467536783561692,0.39099991894370484,0.2066673992568288,1.744024395942688,2.978825330734253,2.0822319984436035,-0.20405840873718262,0.368289053440094,0.21052512526512146,0.001471960609992249,0.07456073245868552,0.02524319592038582,0.4506726963287354,0.421042352915,0.4216667828122877,0.43261736233340975
10981.257,1.8061633818197076,3.0201096368367666,2.061103192233766,-0.2234660338081538,0.3873111703168882,0.20571948554163103,1.7391175031661987,2.987658977508545,2.087284564971924,-0.20792819559574127,0.3661300241947174,0.21052633225917816,0.0029440827004896183,0.07442800220555441,0.026181372738157904,0.446910821746136,0.421052634716,0.42286161740545875,0.4341128910642973
10981.276,1.8017140773864098,3.027763341576111,2.065184986189327,-0.22246522166003552,0.38268523695887524,0.2040896977735989,1.7391175031661987,2.987658977508545,2.087284564971924,-0.20792819559574127,0.3661300241947174,0.21052633225917816,-0.005600551495017286,0.07413045895124315,0.02209957878259683,0.44242042977647894,0.421052634716,0.4191014036865575,0.4255652704095154
10981.297,1.7972856082215827,3.035315313455259,2.0692656822165465,-0.22142345823652115,0.3775985939491423,0.20403480135652133,1.7391175031661987,2.987658977508545,2.087284564971924,-0.20792819559574127,0.3661300241947174,0.21052633225917816,-0.014048184875677844,0.07387356295251378,0.01801888275537733,0.4375091520303349,0.421052634716,0.4141289943195582,0.41710351335016227
10981.316,1.7928573196408455,3.0427857904452726,2.073351079345247,-0.22141442903202616,0.3735238494925366,0.2042698564305655,1.7285385131835938,3.0058603286743164,2.097810983657837,-0.2117689996957779,0.3639167249202728,0.21052762866020203,-0.0013796280204776933,0.07415183893612398,0.02445990431258993,0.43398724791848564,0.421048074961,0.41220013726400784,0.4303085488940256
10981.336,1.7884194307360226,3.050194153495694,2.0774248474648824,-0.22189444525648191,0.37041815254666094,0.20368840599585156,1.723244309425354,3.014958143234253,2.103074073791504,-0.2117689996957779,0.3639167249202728,0.21052762866020203,0.0008152031649078205,0.07408581713664673,0.025649226326621477,0.4315585271764815,0.421048074961,0.4150517555541964,0.4324877099449411
10981.356,1.7839922292462198,3.0575259893258973,2.081511530296028,-0.22136007448530823,0.3665917915021716,0.20433414155281174,1.7179406881332397,3.02405047416687,2.10833740234375,-0.21558962762355804,0.3616717457771301,0.21052631735801697,0.0030822032693995985,0.0739859190763219,0.026825872047722132,0.4280139914905554,0.421052664518,0.4188537632085848,0.43463351002867945
10981.376,1.7795661563431686,3.064796124029658,2.0856380198872433,-0.22130364514772904,0.3635067351801004,0.20632447955626743,1.7179406881332397,3.02405047416687,2.10833740234375,-0.21558962762355804,0.3616717457771301,0.21052631735801697,-0.005119619148774356,0.073700039447787,0.02269938245650671,0.4253548717399148,0.421052664518,0.4173710937583775,0.4259863787029961
10981.396,1.7751235460421304,3.0720200273154346,2.0898076159201526,-0.22213051504706174,0.3611951642809459,0.2084798016409163,1.7179406881332397,3.02405047416687,2.10833740234375,-0.21558962762355804,0.3616717457771301,0.21052631735801697,-0.013288495676944161,0.07344639644356395,0.018529786423597372,0.42381097666247786,0.421052664518,0.4144578978623762,0.4173088079469265
10981.417,1.7706488109861884,3.079221920135538,2.093992330734034,-0.22373675281256408,0.36009464103006117,0.20923574070853196,1.7069809436798096,3.042025089263916,2.118863582611084,-0.21938036382198334,0.35937467217445374,0.21052512526512146,-0.0004091657248821434,0.07373624710848997,0.02487125187704997,0.42371392516806416,0.421043813229,0.41815054584615935,0.4304717683121827
10981.436,1.7661581640411546,3.086400646278685,2.098142898339948,-0.22453234724679252,0.3589363071495189,0.2075283802911663,1.7014964818954468,3.0510094165802,2.124126672744751,-0.21938036382198334,0.35937467217445374,0.21052512526512146,0.0019573157319348056,0.07368745614152371,0.02598377440480304,0.42316731389162626,0.421043813229,0.42239408067488937,0.4325860618071402
10981.457,1.76165298954767,3.093552575527969,2.102272148916287,-0.22525872466930966,0.35759646245639914,0.2064625288124464,1.696002721786499,3.059988021850586,2.129389762878418,-0.22315537929534912,0.3570531904697418,0.21052633225917816,0.004337297840175697,0.07360519525224421,0.02711761396213097,0.42243213043517946,0.421052604914,0.4274583452104859,0.4346619368275878
10981.476,1.7571323310289344,3.1006933969428307,2.106411333572352,-0.2260329259318472,0.357041070735287,0.20695923279873243,1.696002721786499,3.059988021850586,2.129389762878418,-0.22315537929534912,0.3570531904697418,0.21052633225917816,-0.0038060676852652645,0.0733435105262106,0.022978429306065973,0.4223996497502306,0.421052604914,0.42668225018127226,0.4259598179021804
10981.497,1.7525805361267406,3.1078335979497638,2.1105812959269445,-0.22758974512542224,0.3570100503713282,0.20849811774403917,1.696002721786499,3.059988021850586,2.129389762878418,-0.22315537929534912,0.3570531904697418,0.21052633225917816,-0.011964599463904251,0.0731238441785537,0.018808466951473424,0.42322018308696396,0.421052604914,0.4241066316488084,0.41729198049759797
10981.517,1.7479808576431957,3.1149968379184227,2.1147841556586373,-0.22998392417222605,0.3581619984251308,0.2101429865800513,1.6846669912338257,3.077727794647217,2.139916181564331,-0.22689898312091827,0.3546804189682007,0.21052762866020203,0.000878920766590921,0.07346328854836696,0.025132025905693745,0.42549058662496336,0.421047925949,0.42780150956024815,0.4304699347617916
10981.536,1.7433703937478962,3.1221521767643763,2.118979162832827,-0.23052319475994368,0.3577669422898677,0.20975035870491449,1.6789945363998413,3.086594820022583,2.145179510116577,-0.22689898312091827,0.3546804189682007,0.21052762866020203,0.003201412229558706,0.07347331207654034,0.02620034728374998,0.42547860770595947,0.421047925949,0.43196499074330497,0.4326326804434826
10981.557,1.7387341991891248,3.1292820305563227,2.1231788733465304,-0.2318097279335101,0.35649268958953934,0.20998552568057996,1.6733129024505615,3.095456123352051,2.150442600250244,-0.230622336268425,0.35227641463279724,0.21052631735801697,0.005532452252846341,0.07344065656853249,0.027263726903713703,0.42510843490708805,0.421052664518,0.4366491006735013,0.434698215784465
10981.576,1.734068250288078,3.1363870154992135,2.1273825279886824,-0.23329744506846428,0.3552492471690955,0.21018273212212812,1.6733129024505615,3.095456123352051,2.150442600250244,-0.230622336268425,0.35227641463279724,0.21052631735801697,-0.002656439644099118,0.07320856200771561,0.023060072261561704,0.4248780632055931,0.421052664518,0.435712775862744,0.425988012724541
10981.597,1.7293453827380427,3.1434907741171423,2.131597798613699,-0.23614337749660844,0.35518793088868594,0.2107635312462233,1.6733129024505615,3.095456123352051,2.150442600250244,-0.230622336268425,0.35227641463279724,0.21052631735801697,-0.010875420951152508,0.07299788860252404,0.018844801636545228,0.42637989471854737,0.421052664518,0.43277065041333973,0.41726028201741505
10981.616,1.7245472270466227,3.1506174368977495,2.1358385762001966,-0.23990778456576625,0.35633313902258457,0.2120388793202545,1.6616064310073853,3.1129531860351562,2.160968780517578,-0.23431245982646942,0.3498212397098541,0.21052512526512146,0.001891798690502329,0.07332503458443,0.025130204317381555,0.4294058291344457,0.421043038368,0.43594808954021697,0.43027686013319677
10981.637,1.7197043299649142,3.157756773568454,2.140057883536284,-0.2421448540801388,0.3569668335274409,0.21096536679975603,1.6557486057281494,3.1216986179351807,2.166231870651245,-0.23431245982646942,0.3498212397098541,0.21052512526512146,0.004101031226013387,0.07330557136538626,0.026173987114961328,0.43119143774223756,0.421043038368,0.4394860030710764,0.4322327557698924
10981.656,1.714822519970512,3.1648979223664315,2.144270527597609,-0.24409049971477856,0.357057439891073,0.21063220306165453,1.6498817205429077,3.1304380893707275,2.171495199203491,-0.2379869818687439,0.3473435342311859,0.21052633225917816,0.006286885164692904,0.07324795284043172,0.027224671605882378,0.43236799469660514,0.421052664518,0.4432972610210482,0.43411673949194385
10981.676,1.7099052430586918,3.172028736550291,2.1484771477824083,-0.24586384560800453,0.3565407092176209,0.21033100925451081,1.6498817205429077,3.1304380893707275,2.171495199203491,-0.2379869818687439,0.3473435342311859,0.21052633225917816,-0.0020639909063263004,0.07299551444819319,0.02301805142108293,0.4329472927297293,0.421052664518,0.44134176020355276,0.4253258136334633
10981.697,1.704935419122243,3.1791644702449,2.1527111721741643,-0.24849119681701834,0.35678668472266006,0.21170121958317997,1.6498817205429077,3.1304380893707275,2.171495199203491,-0.2379869818687439,0.3473435342311859,0.21052633225917816,-0.010447721844756324,0.07277372485048314,0.01878402702932691,0.4346406651993793,0.421052664518,0.43726626707170885,0.4165425302658442
10981.716,1.6999089592280419,3.186305366904817,2.1569543518568315,-0.2513229947045712,0.3570448329880629,0.21215898412872833,1.6378092765808105,3.1476850509643555,2.182021379470825,-0.2416285127401352,0.34481462836265564,0.21052762866020203,0.0021778317210648726,0.0730968975895875,0.02506702761399371,0.43646702828009204,0.421048045158,0.4395527471594257,0.42947636333434963
10981.737,1.6948411805848766,3.1934423647342394,2.1611291601675084,-0.25338893215272956,0.3568498914633223,0.20874041552929157,1.6317685842514038,3.1563055515289307,2.1872847080230713,-0.2416285127401352,0.34481462836265564,0.21052762866020203,0.004256965682340047,0.07306964859961065,0.026155547855562844,0.4375007909978378,0.421048045158,0.44236625002040614,0.43145488481320426
10981.758,1.689744756225548,3.2005616438613127,2.1653064851278327,-0.2548212179840414,0.35596395637827133,0.2088662480306523,1.6317685842514038,3.1563055515289307,2.1872847080230713,-0.2416285127401352,0.34481462836265564,0.21052762866020203,-0.004190133671693415,0.0728167632150813,0.02197822289523854,0.4376148495891173,0.421048045158,0.43947728650756035,0.4227219049087134
10981.777,1.684629081794042,3.207644639992818,2.169472871378739,-0.24360354435000967,0.3372855300613979,0.19839934527519087,1.619507074356079,3.173417091369629,2.1978108882904053,-0.24882972240447998,0.33964791893959045,0.21052512526512146,0.00842471905887204,0.07308505350810066,0.028338016911666486,0.4159082634498022,0.42104268074,0.4463490625924515,0.4364843887504286
10981.797,1.6794956238398862,3.2146928991293624,2.1736233557836626,-0.2701819975838345,0.37096100718200087,0.21844654762489293,1.619507074356079,3.173417091369629,2.1978108882904053,-0.24882972240447998,0.33964791893959045,0.21052512526512146,1.1544372890887056e-05,0.07281701890435434,0.02418753250674266,0.4587599802940955,0.42104268074,0.44144409192689643,0.4262547964017074
10981.817,1.6743254782076107,3.2217247533645703,2.1778353995106285,-0.2585072816081308,0.3515927117527211,0.21060218634369954,1.6132863759994507,3.181908369064331,2.2030742168426514,-0.24882972240447998,0.33964791893959045,0.21052512526512146,0.002116210862409096,0.07284667534423492,0.025238817332022823,0.4362397689140479,0.42104268074,0.44386251600329885,0.42908999354785926
10981.836,1.6691281003536205,3.2287342587356944,2.1820409598680826,-0.2598688927174733,0.35047526858043054,0.21027801788723516,1.6070655584335327,3.190399646759033,2.2083373069763184,-0.24882972240447998,0.33964791893959045,0.21052512526512146,0.004223365551478189,0.07282489113210136,0.026296347108235807,0.43615166973073516,0.42104268074,0.4467159483402828,0.43108655760690284
10981.856,1.6638917049164719,3.2357332814990576,2.186222157695769,-0.261819771851715,0.3499511381605199,0.20905989137977002,1.600836157798767,3.1988842487335205,2.2136003971099854,-0.25239673256874084,0.33701813220977783,0.21052633225917816,0.006314107713373145,0.07275977791233722,0.027378239414216132,0.4368949909068097,0.421052634716,0.449884348581031,0.43297728122746604
10981.877,1.6586152710893423,3.242730451901042,2.1904337815630273,-0.2638216913507219,0.34985852009157437,0.2105811933583055,1.600836157798767,3.1988842487335205,2.2136003971099854,-0.25239673256874084,0.33701813220977783,0.21052633225917816,-0.0021400686813337275,0.07250059014167988,0.02316661554695809,0.4380278153400219,0.421052634716,0.44718708179177785,0.424144203188116
10981.896,1.6532742897556236,3.2497419703239596,2.194659062713412,-0.2670490666801024,0.350575921138238,0.21126405751462227,1.600836157798767,3.1988842487335205,2.2136003971099854,-0.25239673256874084,0.33701813220977783,0.21052633225917816,-0.010644525539717762,0.07227004638527369,0.018941334396573417,0.4405405213452247,0.421052634716,0.44242476983079565,0.4153280622556877
10981.917,1.6478749903089673,3.2567788486412845,2.1988650048412293,-0.269964972351475,0.35184391589056563,0.21029710640540258,1.5875364542007446,3.2162766456604004,2.224547863006592,-0.2559288442134857,0.3343410789966583,0.21052762866020203,0.0026809863886377086,0.07262217084315213,0.025682858165362532,0.4433262251811993,0.421050518751,0.4439582920604045,0.42907079475910237
10981.936,1.6424519304413714,3.2638125647405714,2.2030337126222257,-0.27115299337387866,0.3516858049566647,0.2084353890452717,1.5816501379013062,3.223966598510742,2.2293899059295654,-0.2559288442134857,0.3343410789966583,0.21052762866020203,0.0037868557526147817,0.07259627211078201,0.026356193307339737,0.44394569479477514,0.421050518751,0.4456267823615869,0.4302165220884329
10981.956,1.6369984762651506,3.270829716562599,2.2071793054478785,-0.27267270880508737,0.3508575910937249,0.2072796412781183,1.575243353843689,3.23231840133667,2.2346532344818115,-0.25943541526794434,0.3316302001476288,0.21052631735801697,0.0057277255153077265,0.07255349547845291,0.027473929033932976,0.4442241772130881,0.421052634716,0.44764620786679354,0.4321717376164637
10981.977,1.6315376076462296,3.277807389709971,2.211307420836167,-0.2730434309400917,0.3488836573609884,0.20640576940991406,1.575243353843689,3.23231840133667,2.2346532344818115,-0.25943541526794434,0.3316302001476288,0.21052631735801697,-0.0028308905744380483,0.0723206549539393,0.023345813645644586,0.44290378180294565,0.421052634716,0.4439478128743323,0.4236084398029884
10981.997,1.6260389426202766,3.284761484741873,2.215456474932643,-0.2749332513166526,0.3477047516191243,0.20745270483814676,1.575243353843689,3.23231840133667,2.2346532344818115,-0.25943541526794434,0.3316302001476288,0.21052631735801697,-0.011393536340963222,0.07211557505735097,0.01919675954916844,0.44313657911419213,0.421052634716,0.43893263968208446,0.41502894734263845
10982.017,1.6204919202814116,3.2917051624592144,2.2196346769290844,-0.2641439208902772,0.33065131986332336,0.19896199982447496,1.5621066093444824,3.2487688064575195,2.2451794147491455,-0.26290592551231384,0.32887136936187744,0.21052512526512146,0.001068880421997341,0.07246538963222138,0.02554473782006106,0.42307036353375627,0.421041458845,0.44317897624508445,0.42873854004319867
10982.037,1.6149059937476162,3.2986355244351024,2.223787320782292,-0.2939961333540507,0.3647558934633214,0.2185602027977202,1.5555338859558105,3.256990432739258,2.2504425048828125,-0.26290592551231384,0.32887136936187744,0.21052512526512146,0.0029949489768850493,0.07245958271079786,0.02665518410052048,0.46833640665695997,0.421041458845,0.4372615943014313,0.42920141599641803
10982.057,1.6092874389935325,3.3055488676961864,2.227924889798732,-0.2675502263767797,0.3292068219463411,0.19702709601493562,1.5489528179168701,3.2652056217193604,2.2557055950164795,-0.2663590610027313,0.326095312833786,0.21052633225917816,0.00491341201304913,0.072413412975782,0.02778070521774767,0.4240812989609075,0.421052604914,0.4419365125881102,0.43277410391380167
10982.076,1.6036700112692173,3.3124137646298317,2.232060765894722,-0.2956540907781177,0.36131036495886487,0.2176776892808142,1.5489528179168701,3.2652056217193604,2.2557055950164795,-0.2663590610027313,0.326095312833786,0.21052633225917816,-0.0036547749496753934,0.07217494458245782,0.02364482912175747,0.4667177363336639,0.421052604914,0.43525566012443384,0.42268783042442853
10982.097,1.5980288785891672,3.3192423235474147,2.2362159625744833,-0.28205663399634656,0.3414279458716943,0.2077598339835288,1.5489528179168701,3.2652056217193604,2.2557055950164795,-0.2663590610027313,0.326095312833786,0.21052633225917816,-0.012209357079972435,0.07196774607599407,0.019489632441996196,0.44272569541007867,0.421052604914,0.42986410190121466,0.4148524304729223
10982.117,1.5923615798695367,3.326043923261605,2.240391123882158,-0.2833649359753374,0.3400799857020839,0.2087580653791839,1.5354725122451782,3.2813761234283447,2.2662320137023926,-0.2697749435901642,0.3232712745666504,0.21052762866020203,0.00028641660276147035,0.07232908351861433,0.02584088982023447,0.4425232531569485,0.421049684286,0.42687690513172966,0.4279331766925132
10982.137,1.5866851840673881,3.3328113079270434,2.2445423092178984,-0.28381979010123615,0.33836923326454316,0.20755926678248574,1.5287281274795532,3.2894577980041504,2.2714953422546387,-0.2697749435901642,0.3232712745666504,0.21052762866020203,0.002280106415440443,0.07234188514058881,0.026953033036740237,0.44151238228251033,0.421049684286,0.4285760393574574,0.4300816187166846
10982.157,1.5809914647922292,3.3395455915966257,2.2486743697925946,-0.2846859637517328,0.33671418347176457,0.20660302873029893,1.5219753980636597,3.297532558441162,2.2767584323883057,-0.2731647193431854,0.3204159140586853,0.21052631735801697,0.0042872608777688795,0.07231604580726883,0.028084062595711057,0.4408068619378358,0.421052634716,0.4307779315790926,0.43215559586356644
10982.177,1.5752910328624004,3.3462402409891205,2.252793614512134,-0.28502159651114267,0.3347324696478806,0.20596223599121172,1.5219753980636597,3.297532558441162,2.2767584323883057,-0.2731647193431854,0.3204159140586853,0.21052631735801697,-0.004205285174609316,0.07209237705739487,0.02396481787617155,0.43951981634660364,0.421052634716,0.4274466495969788,0.4236252004757196
10982.2,1.5695732666368933,3.352900785306313,2.2569280810631613,-0.24859853153245864,0.2895888833429959,0.17975941525386463,1.5081578493118286,3.31341552734375,2.2872846126556396,-0.27651602029800415,0.31751561164855957,0.21052512526512146,0.008359836181627344,0.07253311120170117,0.03035653159247831,0.381555014590741,0.421043068171,0.439913728344023,0.43937058726825917
10982.217,1.5638275291760748,3.359537210984215,2.261081685307938,-0.3379845565222084,0.3903779810570761,0.2443296614599515,1.5081578493118286,3.31341552734375,2.2872846126556396,-0.27651602029800415,0.31751561164855957,0.21052512526512146,-0.00011471407559017488,0.07229322097333647,0.0262029273477018,0.51622065388031,0.421043068171,0.4286401733874528,0.42566156076184697
10982.238,1.5580254101196798,3.366169565878916,2.265268921506723,-0.2762913836533674,0.3158264235749142,0.19939219995335167,1.5012450218200684,3.3213534355163574,2.2925477027893066,-0.27651602029800415,0.31751561164855957,0.21052512526512146,0.0019020021566221318,0.07231099794584978,0.02727878128258343,0.4194993237314295,0.421043068171,0.43358298805785056,0.4311500187821733
10982.256,1.5521796624525694,3.3728036120756073,2.2694494334107804,-0.3076709298441415,0.3491603261373734,0.22002694231610456,1.494323968887329,3.329284191131592,2.2978110313415527,-0.27984926104545593,0.3145945072174072,0.21052633225917816,0.0038888062624491612,0.07229175930263798,0.02836159793077231,0.46524519364995853,0.421052634716,0.4285387454118294,0.43143940658929303
10982.276,1.5463096998931927,3.3794260771338527,2.2736154333832754,-0.29349812796243224,0.331123252905041,0.20829999862020349,1.494323968887329,3.329284191131592,2.2978110313415527,-0.27984926104545593,0.3145945072174072,0.21052633225917816,-0.004657329564145697,0.07207658594445679,0.024195597958277304,0.4423634338182968,0.421052634716,0.4247157413400358,0.4236871332825538
10982.296,1.5404259842667054,3.3860236877888177,2.2777881079589006,-0.29418578131794165,0.32988053274104956,0.20863372877670605,1.494323968887329,3.329284191131592,2.2978110313415527,-0.27984926104545593,0.3145945072174072,0.21052633225917816,-0.013194593053694602,0.07190736413680444,0.020022923382652102,0.4419027649550873,0.421052634716,0.4192391871430664,0.4151841372756293
10982.318,1.5345362828531701,3.3925807933664496,2.2819292212260525,-0.29448507067033636,0.3278552788744383,0.20705566335307193,1.4801751375198364,3.3448727130889893,2.3083372116088867,-0.28313928842544556,0.3116218149662018,0.21052512526512146,-0.0006636239355492582,0.07232395625921326,0.026407990382834257,0.44059887316017904,0.421041578054,0.41633349262190117,0.4285001889672708
10982.336,1.528650745797377,3.3990802965405496,2.2860474642590005,-0.2942768528099953,0.3249751587274615,0.2059121516616357,1.4730966091156006,3.352663040161133,2.3136003017425537,-0.28313928842544556,0.3116218149662018,0.21052512526512146,0.0013910804259284204,0.07238016777749691,0.027552837483553194,0.43832185930399536,0.421041578054,0.4182029182912618,0.4308672182424307
10982.357,1.5227883953135155,3.4054935631088985,2.290161483660949,-0.29311752418667797,0.3206633284104482,0.20570097009293214,1.4660100936889648,3.3604464530944824,2.3188633918762207,-0.28640976548194885,0.3086337149143219,0.21052633225917816,0.0035261096277595452,0.07239187942657918,0.028701908215271743,0.43434797521863455,0.421052634716,0.4213056166279051,0.4332276099756607
10982.376,1.5169250308196172,3.4118327986833177,2.2942862320446666,-0.2931682246885182,0.3169617787140403,0.20623741918138228,1.4660100936889648,3.3604464530944824,2.3188633918762207,-0.28640976548194885,0.3086337149143219,0.21052633225917816,-0.00480815275928996,0.07217872957483264,0.024577159831554063,0.4316414916020368,0.421052634716,0.4190751537114193,0.42476851357339707
10982.397,1.5110770877315018,3.418098326045035,2.2984191690478664,-0.29239715439938335,0.3132763680790304,0.2066468501554754,1.4660100936889648,3.3604464530944824,2.3188633918762207,-0.28640976548194885,0.3086337149143219,0.21052633225917816,-0.013078077896555428,0.0719981686244057,0.02044422282835434,0.4284137747255023,0.421052634716,0.41533630810414296,0.4163781184771232
10982.416,1.5052179459925252,3.4243094725135843,2.3025594695015767,-0.29295708696908035,0.310557323448929,0.20701502269982863,1.4515360593795776,3.3757338523864746,2.329389810562134,-0.2896411716938019,0.30559974908828735,0.21052762866020203,-0.0002708435783481608,0.07239656390198843,0.02683034106055704,0.42680264244282845,0.421050131321,0.4184231578315159,0.4298648935099004
10982.437,1.499343748438132,3.4305009881201114,2.306717148104027,-0.29370987771325013,0.309575780319597,0.20788393011798337,1.4442949295043945,3.383373737335205,2.33465313911438,-0.2896411716938019,0.30559974908828735,0.21052762866020203,0.00202129026087685,0.07243800534404679,0.027935991010352712,0.426620196049744,0.421050131321,0.4221596441647501,0.43215252668555604
10982.457,1.4934581032282221,3.436674760607594,2.3108708303604475,-0.2942822604890696,0.3086886243673825,0.20768411281648277,1.4442949295043945,3.383373737335205,2.33465313911438,-0.2896411716938019,0.30559974908828735,0.21052762866020203,-0.006205613516511478,0.07224615625323377,0.02378230875393239,0.4263884966390714,0.421050131321,0.42026925279325683,0.4236088719099299
10982.476,1.4875711440415107,3.442823634084367,2.3150408264764395,-0.2943479593291475,0.30744367383194793,0.20849980579504904,1.4296537637710571,3.3984997272491455,2.345179319381714,-0.296005517244339,0.2994292080402374,0.21052512526512146,0.0066295135527051005,0.07262975426493068,0.030138492905274372,0.4255516289918229,0.421042889357,0.4250862320176774,0.4370163585005927
10982.496,1.481687194416299,3.4489430680998465,2.3192287345992417,-0.2941974812809184,0.3059717007951263,0.2093954061545853,1.4296537637710571,3.3984997272491455,2.345179319381714,-0.296005517244339,0.2994292080402374,0.21052512526512146,-0.0015544081635449972,0.0724540706665561,0.02595058478247214,0.4244014714774403,0.421042889357,0.4284142549753714,0.42850253266382876
10982.517,1.4757712816381543,3.455044804803717,2.323429215458489,-0.2957956389007803,0.3050868351868649,0.21002404295776905,1.4222536087036133,3.4059853553771973,2.350442409515381,-0.296005517244339,0.2994292080402374,0.21052512526512146,0.0007746102848483413,0.07259732001436664,0.027013194056892065,0.4248752454339898,0.421042889357,0.4323345733868815,0.43096905838785526
10982.536,1.4698248059165067,3.4611344448540087,2.3276421488113264,-0.29732378607589194,0.30448200250793717,0.21064666763728038,1.4148534536361694,3.413471221923828,2.355705499649048,-0.296005517244339,0.2994292080402374,0.21052512526512146,0.003093656762433228,0.07269155163743085,0.02806335083772149,0.4255120092169366,0.421042889357,0.4362419681851646,0.4332879664258361
10982.557,1.4638223111700652,3.4672292779562683,2.3318685942472426,-0.3001247373155206,0.3047416551063315,0.21132227179119803,1.4074456691741943,3.4209492206573486,2.360968828201294,-0.2991471588611603,0.2963043749332428,0.21052633225917816,0.005371626901742789,0.07274142623533277,0.02910023395405137,0.4276579947454693,0.421052604914,0.44072774466467624,0.43540868155496726
10982.577,1.4577455360484362,3.4733401312899264,2.3361309377386528,-0.2893702439033408,0.2909930159048101,0.20296873769759202,1.4074456691741943,3.4209492206573486,2.360968828201294,-0.2991471588611603,0.2963043749332428,0.21052633225917816,-0.0029350775480168623,0.0725690667176058,0.024837890462641177,0.4103192219748882,0.421052604914,0.4457568942507156,0.42731213835239856
10982.596,1.4515931880985449,3.479470682125646,2.3404034569043737,-0.3238077868324151,0.32266057029706974,0.22486942977202923,1.4074456691741943,3.4209492206573486,2.360968828201294,-0.2991471588611603,0.2963043749332428,0.21052633225917816,-0.011308993773403116,0.07242838904320881,0.020565371296920265,0.45705235786279585,0.421052604914,0.43890928763639125,0.4173179695299458
10982.616,1.4453496705179258,3.4856245887601736,2.3446766946601407,-0.3121758790241373,0.3076953317196712,0.21366188778368847,1.3920387029647827,3.4359068870544434,2.3717055320739746,-0.3022462725639343,0.2931351363658905,0.21052762866020203,0.001701575111309736,0.07287670249464379,0.027028837413833884,0.4382495733769219,0.421047538519,0.4409633330448662,0.43145005586064866
10982.637,1.439046287273373,3.4917806416189148,2.3489314326297523,-0.300161106874321,0.29314537421683406,0.20260656997532836,1.3847848176956177,3.4429421424865723,2.376758337020874,-0.3022462725639343,0.2931351363658905,0.21052762866020203,0.0033050262777077136,0.07292861495696418,0.027826904391121676,0.4194839398153301,0.421047538519,0.44622352696673045,0.4338244262456636
10982.657,1.4327270049674583,3.4979161780011285,2.353185178220838,-0.3325938055703774,0.32292296748097743,0.22388134689649863,1.3772211074829102,3.4502627849578857,2.382021427154541,-0.3053184449672699,0.28994134068489075,0.21052631735801697,0.00533302116923165,0.07296101294052512,0.028836248933703068,0.4634976780044443,0.421052664518,0.4417066405387852,0.4341780647583412
10982.691,1.426371451122508,3.5040250941559012,2.35745093416041,-0.18692805426516232,0.17967400455398427,0.12546340998870092,1.3772211074829102,3.4502627849578857,2.382021427154541,-0.3053184449672699,0.28994134068489075,0.21052631735801697,-0.003169717848468777,0.07277427470579617,0.024570492994131055,0.25923304196020486,0.421052664518,0.4861897753276699,0.4323642883311407
10982.697,1.4199881117433888,3.510100280448701,2.3617370004008786,-1.0638898966256711,1.0125310489006685,0.7143443734824794,1.3772211074829102,3.4502627849578857,2.382021427154541,-0.3053184449672699,0.28994134068489075,0.21052631735801697,-0.011668354693070763,0.07261812458874055,0.020284426753662377,1.4684300611434602,0.421052664518,0.44141486400659463,0.39167897549402547
10982.716,1.4135652613871834,3.5161532705147214,2.3660447816522723,-0.3211425178032591,0.30264950329440504,0.21538906256498044,1.3618112802505493,3.4646060466766357,2.392547845840454,-0.308347225189209,0.2867048680782318,0.21052512526512146,0.0008656951274295249,0.0730399987736249,0.026503064188181824,0.44119497497316784,0.42104357481,0.43889076034930646,0.43078501814308456
10982.737,1.4070793673284818,3.5221902558834666,2.370273317281156,-0.3242947029280009,0.30184926843067106,0.21142678143957558,1.354102611541748,3.471773624420166,2.397810935974121,-0.308347225189209,0.2867048680782318,0.21052512526512146,0.0028393732334719216,0.0730774338728074,0.027537618692965005,0.44293021149539014,0.42104357481,0.44060506466712873,0.43278302839330657
10982.756,1.4005664229283838,3.528199965538669,2.374473368682685,-0.32564722002740804,0.3004854827808856,0.21000257009095535,1.3463865518569946,3.478933334350586,2.403074026107788,-0.3113543391227722,0.28344979882240295,0.21052633225917816,0.004810588752782299,0.07307200294084287,0.028600657425103204,0.44299391845803904,0.421052634716,0.4425246295878341,0.43477504389047084
10982.776,1.3940375906742366,3.534176108556819,2.3786698650288347,-0.32644161270023664,0.2988071509009873,0.20982481730291122,1.3463865518569946,3.478933334350586,2.403074026107788,-0.3113543391227722,0.28344979882240295,0.21052633225917816,-0.0037317105647666216,0.07285917882205349,0.02440416107895338,0.4424451226048045,0.421052634716,0.4388988271752258,0.4261406229126906
10982.797,1.387496019697483,3.540111304642351,2.382880500968204,-0.31150337983591014,0.28262838501670823,0.2005064732971824,1.3463865518569946,3.478933334350586,2.403074026107788,-0.3113543391227722,0.28344979882240295,0.21052633225917816,-0.012255601139794053,0.07268103353592674,0.020193525139584168,0.4205098202691029,0.421052634716,0.43651846685344814,0.41813773298300605
10982.817,1.3809514194739145,3.5459969835371115,2.387167163197852,-0.34445264334148995,0.3097725734046539,0.22561380155765734,1.33067786693573,3.4929490089416504,2.413600444793701,-0.31431862711906433,0.2801532745361328,0.21052762866020203,0.00030160992227040717,0.07308506499241191,0.026433281595849234,0.46314462026966674,0.421048760414,0.43109082145797806,0.42986910060170724
10982.836,1.3744050399679946,3.5518221343111573,2.391445610131756,-0.327318975318623,0.2912575387224264,0.21392234670998114,1.3228199481964111,3.499952793121338,2.418863534927368,-0.31431862711906433,0.2801532745361328,0.21052762866020203,0.002377332985266427,0.07311496793698094,0.027417924795612336,0.43802660268382115,0.421048760414,0.4333189874737931,0.4327648835350969
10982.857,1.3678826534080795,3.5575709973512377,2.3957296923502818,-0.3105898361769638,0.2737553828526236,0.20400391516168198,1.3149547576904297,3.506948709487915,2.4241268634796143,-0.3172522783279419,0.27683261036872864,0.21052631735801697,0.004523091446152143,0.07309938315324735,0.028397171129332488,0.4139010522238718,0.421052604914,0.43966409996029615,0.43559431146839694
10982.877,1.3613716006502816,3.563243045909023,2.4000074089683086,-0.32555263788278593,0.28360242788308304,0.2138858308966705,1.3149547576904297,3.506948709487915,2.4241268634796143,-0.3172522783279419,0.27683261036872864,0.21052631735801697,-0.003796723385296581,0.07286398640609777,0.024119454511305705,0.4316235470014127,0.421052604914,0.4375422169700455,0.426091069200047
10982.897,1.3548280378796869,3.5688665044229095,2.4043033972473813,-0.32717813852259625,0.28117292568818,0.21479941394894828,1.3149547576904297,3.506948709487915,2.4241268634796143,-0.3172522783279419,0.27683261036872864,0.21052631735801697,-0.012108383693315065,0.07264350519487961,0.019823466232232967,0.4312358605877327,0.421052604914,0.43380038446920527,0.41728917354271916
10982.917,1.34823534924989,3.574470742924251,2.4086067525746446,-0.3469836121235403,0.2949599211478494,0.2264923856643468,1.2989548444747925,3.520630359649658,2.4346530437469482,-0.3201417624950409,0.2734702229499817,0.21052512526512146,0.00060012718675935,0.07298626493665195,0.026046291172303615,0.4552264660640617,0.421042412519,0.42948009043596597,0.4294636673326619
10982.936,1.3415697852346105,3.5800872386598837,2.4128576090531118,-0.3332782007567009,0.28082478677551176,0.21254282391871687,1.2909512519836426,3.5274672508239746,2.4399161338806152,-0.3201417624950409,0.2734702229499817,0.21052512526512146,0.0027212610971272116,0.07296364688234695,0.027058524827503483,0.4356399899458286,0.421042412519,0.43210677463288194,0.4320793059725339
10982.957,1.334850606484599,3.5857187668140518,2.4170778404226843,-0.3359589374932357,0.2815764077022598,0.2110115684740192,1.2829407453536987,3.5342955589294434,2.4451792240142822,-0.32300955057144165,0.27009284496307373,0.21052633225917816,0.004789325441199456,0.07291119498123241,0.028101383591597973,0.4381941498064813,0.421052634716,0.43479066428080726,0.43387237671304646
10982.976,1.3281062237091714,3.5913392006403426,2.421260954099686,-0.3372191387640222,0.2810216913084084,0.20915568384552755,1.2829407453536987,3.5342955589294434,2.4451792240142822,-0.32300955057144165,0.27009284496307373,0.21052633225917816,-0.003682141049065113,0.07266594341240543,0.023918269914596113,0.4388209757356783,0.421052634716,0.43167722990876983,0.4251304967961933
10982.997,1.3213302380399807,3.5969310136191455,2.4254449423391535,-0.3387992834829527,0.27959064895946806,0.2091994119878311,1.2829407453536987,3.5342955589294434,2.4451792240142822,-0.32300955057144165,0.27009284496307373,0.21052633225917816,-0.012160408803662582,0.07245051960216456,0.019734281675128695,0.4391166275041949,0.421052634716,0.4265717588579623,0.4164747247696212
10983.017,1.3145365560311864,3.602476783465093,2.429641509524688,-0.3396841004323043,0.2772884922913258,0.20982835927214016,1.2666560411453247,3.547637701034546,2.4557056427001953,-0.3258330523967743,0.2666730582714081,0.21052762866020203,0.00042275080985251096,0.07279896942479565,0.026064133175507376,0.4383269196601319,0.421048343182,0.42826760566747696,0.4295719543175426
10983.036,1.3077251768703428,3.6079715792930864,2.433793016089171,-0.3405689580347417,0.27473979139367266,0.2075753282196212,1.2585102319717407,3.554304599761963,2.4609687328338623,-0.3258330523967743,0.2666730582714081,0.21052762866020203,0.0025009225791763276,0.07277362763817288,0.027175716744691325,0.43738814711870677,0.421048343182,0.4306014864534758,0.4316542483749629
10983.056,1.30091040266556,3.6134189853233236,2.4379396694036792,-0.34073871023170366,0.27237030150591424,0.20733266572088702,1.2503576278686523,3.5609629154205322,2.4662320613861084,-0.32862380146980286,0.2632332146167755,0.21052631735801697,0.004606208221502685,0.07270491836962312,0.028292391982429166,0.43603332120185645,0.421052634716,0.43354761544053877,0.43366240143236967
10983.077,1.294079317385476,3.618840408800285,2.442092179684426,-0.3252897752603493,0.2581630227269272,0.1977385848085714,1.2503576278686523,3.5609629154205322,2.4662320613861084,-0.32862380146980286,0.2632332146167755,0.21052631735801697,-0.003809329417551098,0.07243534623039652,0.024139881701682242,0.41511452284430406,0.421052634716,0.4379369389998527,0.4255981347190837
10983.096,1.2872004722876143,3.6242481542493667,2.446258709104429,-0.36204447883039775,0.2846181815271416,0.21929102210273707,1.2503576278686523,3.5609629154205322,2.4662320613861084,-0.32862380146980286,0.2632332146167755,0.21052631735801697,-0.012253772579919772,0.07219599501400381,0.01997335228167918,0.46033049237004264,0.421052634716,0.4304690667360134,0.41560243494936777
10983.116,1.2802486141954188,3.6296630865992565,2.4504626621550645,-0.34759290460218534,0.27074661748857853,0.21019765252717465,1.2337958812713623,3.5739593505859375,2.4767582416534424,-0.3313688337802887,0.25975412130355835,0.21052512526512146,0.00028702729631473883,0.07253054678744968,0.026295579498377908,0.4404055892149603,0.421043366194,0.42792550250866884,0.4291216424167883
10983.137,1.2732233057135853,3.6350845246933483,2.454617767807663,-0.35126542408400613,0.2710719046986726,0.20775528262539408,1.2255116701126099,3.5804531574249268,2.4820213317871094,-0.3313688337802887,0.25975412130355835,0.21052512526512146,0.00224183691123863,0.0724980043077107,0.02740356397944632,0.4435013317934164,0.421043366194,0.42941268215865486,0.43099608370928055
10983.156,1.2662026035230496,3.640467788933077,2.458724510012194,-0.3510351095191248,0.26916321198056986,0.20533711022206236,1.2172207832336426,3.5869383811950684,2.4872846603393555,-0.33409228920936584,0.256257027387619,0.21052633225917816,0.004220273139177458,0.07243483627562433,0.028560150327161526,0.4421686600450945,0.421052634716,0.43131267655160765,0.43302989894649785
10983.176,1.2592125561996768,3.6457926451619134,2.4628407484290404,-0.34950236619279956,0.26624281146021117,0.20581192085655084,1.2172207832336426,3.5869383811950684,2.4872846603393555,-0.33409228920936584,0.256257027387619,0.21052633225917816,-0.004265418162692332,0.07217298380839886,0.02444391191031503,0.43919068817120677,0.421052634716,0.42801620300001564,0.42447548938020696
10983.197,1.2522340724336292,3.651049431880673,2.466996274975014,-0.3489241882947634,0.2628393359322438,0.2077763272941346,1.2172207832336426,3.5869383811950684,2.4872846603393555,-0.33409228920936584,0.256257027387619,0.21052633225917816,-0.012698671096058722,0.07193678470023654,0.020288385364341632,0.4366602824268172,0.421052634716,0.42314243259935985,0.41589763660772916
10983.216,1.2452629178155776,3.656244812990081,2.471209955019475,-0.34855773089496844,0.25976905546473444,0.2106840022184617,1.20038902759552,3.599583387374878,2.4978108406066895,-0.3367680311203003,0.2527233064174652,0.21052762866020203,-4.0484806553553465e-05,0.07227849982677713,0.026600885587214407,0.43451510013047656,0.421048432589,0.42524237531205256,0.42904618665958616
10983.236,1.238259558953556,3.6614006914279704,2.475427029670093,-0.3501679430934328,0.2577939218888398,0.21085373252628875,1.1919697523117065,3.6059014797210693,2.5030741691589355,-0.3367680311203003,0.2527233064174652,0.21052762866020203,0.002095727969342709,0.0722393010992338,0.027647139488842676,0.43461143046139716,0.421048432589,0.42786732141345296,0.43098859844726733
10983.257,1.2312477070194503,3.666516163448133,2.479630755797724,-0.3505925967295238,0.2557736010258041,0.21018630639609406,1.1835441589355469,3.612210750579834,2.5083372592926025,-0.33941277861595154,0.24916721880435944,0.21052631735801697,0.0042483118784830826,0.07215717713971931,0.028706503494878355,0.4337583992924039,0.421052664518,0.4312022329554708,0.4328835813777351
10983.277,1.2242534436634882,3.671586775582378,2.4838185795807353,-0.3497131677904712,0.2535306067067149,0.20939118914598343,1.1835441589355469,3.612210750579834,2.5083372592926025,-0.33941277861595154,0.24916721880435944,0.21052631735801697,-0.00408444374000428,0.07187541671182197,0.024518679711867275,0.4317449512229105,0.421052664518,0.4289771570302641,0.42414393627454994
10983.297,1.21724689772536,3.676614798752973,2.488037813571762,-0.3503272968987584,0.251401158524264,0.21096169954672153,1.1835441589355469,3.612210750579834,2.5083372592926025,-0.33941277861595154,0.24916721880435944,0.21052631735801697,-0.012400939179605518,0.07162382795191909,0.020299445720840747,0.43098950482024134,0.421052664518,0.42518132135530945,0.4153818118542635
10983.317,1.2102293142571248,3.6816045622301967,2.4923088390384183,-0.35087917340410774,0.24948817385574404,0.21355127332816237,1.166450023651123,3.6244983673095703,2.5188636779785156,-0.3420107066631317,0.24557289481163025,0.21052512526512146,0.00034362483778956066,0.07195572045534797,0.02655483894009736,0.4303258020014442,0.42104318738,0.4279018374924193,0.42844627067138485
10983.336,1.2031827583903998,3.6865628537927044,2.496518570644323,-0.35232779336060244,0.2479145781425218,0.21048658030978187,1.1578997373580933,3.6306376457214355,2.5241267681121826,-0.3420107066631317,0.24557289481163025,0.21052512526512146,0.002558176186638894,0.07191409198637738,0.027608197467859696,0.4305898979349306,0.42104318738,0.4311729431493981,0.4304143989053081
10983.357,1.1961174919824202,3.691493805278938,2.500687409313466,-0.3532633203912667,0.24654757430630245,0.20844193345259873,1.1493431329727173,3.636768102645874,2.5293898582458496,-0.344582736492157,0.24196705222129822,0.21052633225917816,0.004770550320603438,0.0718330358476497,0.028702448932383717,0.4305759612090031,0.421052634716,0.4348893664174671,0.4323534624005845
10983.377,1.1890519859369335,3.6964003220883246,2.5048232107301196,-0.33645266882244285,0.23364365758270836,0.1969429245965527,1.1493431329727173,3.636768102645874,2.5293898582458496,-0.344582736492157,0.24196705222129822,0.21052633225917816,-0.003530638639180829,0.07155647552923387,0.02456664751573001,0.40943973734674544,0.421052634716,0.4401436664669103,0.42431217946621624
10983.397,1.1819653652251783,3.701289758381292,2.5089726818649574,-0.37298003745623226,0.2573387522582914,0.21839321762036418,1.1493431329727173,3.636768102645874,2.5293898582458496,-0.344582736492157,0.24196705222129822,0.21052633225917816,-0.011839840745372265,0.07132371461931528,0.020417176380892244,0.45295543048181797,0.421052634716,0.43371032060247167,0.4143815190593648
10983.417,1.1748357653445132,3.7061773814157473,2.5132003235907074,-0.3564799940578946,0.24438115173965322,0.21138208630211483,1.1319940090179443,3.648693323135376,2.5399162769317627,-0.34710702300071716,0.23832279443740845,0.21052762866020203,0.0008661367619608867,0.07168739672101229,0.026715953341055254,0.4320411364121487,0.421047538519,0.43643188112926873,0.4281007049193162
10983.436,1.1676576230142242,3.711065400451694,2.517434857376087,-0.35890711650661666,0.24440095179200635,0.21172668926436575,1.1233164072036743,3.654651403427124,2.5451793670654297,-0.34710702300071716,0.23832279443740845,0.21052762866020203,0.0030117944453121395,0.0716910843415354,0.0277445096893425,0.4340685454154285,0.421047538519,0.4393004837794886,0.4300580603639521
10983.457,1.1604579096090166,3.715942291769009,2.5216818829638035,-0.3599856702525188,0.24384456586042472,0.21235127938117881,1.1146326065063477,3.660600423812866,2.550442695617676,-0.34960007667541504,0.23465955257415771,0.21052631735801697,0.005147050673500089,0.07166720744309109,0.028760812653872314,0.4346678016214147,0.421052634716,0.4426755004804321,0.43197585817751805
10983.477,1.153225142336897,3.7208058656177245,2.5259008794651003,-0.3616383635980823,0.24317869243046675,0.2109498250602388,1.1146326065063477,3.660600423812866,2.550442695617676,-0.34960007667541504,0.23465955257415771,0.21052631735801697,-0.0032641041376060415,0.07143825774001833,0.024541816152575446,0.43567359014306534,0.421052634716,0.4400516163057342,0.423207563482175
10983.496,1.1459605983900953,3.7256614282322515,2.5301099853166154,-0.3632271973651949,0.24277813074313223,0.2104552925902978,1.1146326065063477,3.660600423812866,2.550442695617676,-0.34960007667541504,0.23465955257415771,0.21052631735801697,-0.011699068686820916,0.07125664294217407,0.02033271030106043,0.43678418824754583,0.421052634716,0.4357981545117026,0.4145715879722695
10983.518,1.1386915261925086,3.730498765063662,2.5343723072367865,-0.36345360987140496,0.24186684156524663,0.21311609600390688,1.0970364809036255,3.6721575260162354,2.5609688758850098,-0.3520433008670807,0.23096030950546265,0.21052512526512146,0.000919926244648421,0.07167982078180926,0.02659656864822324,0.4364876873709407,0.421042919159,0.437906225915328,0.4277713787681251
10983.536,1.1314110857740396,3.735302005218295,2.5385976278645574,-0.36402202091550323,0.24016200772640575,0.21126603138393468,1.0882353782653809,3.677931547164917,2.5662319660186768,-0.3520433008670807,0.23096030950546265,0.21052512526512146,0.003025808194031726,0.07173810466481945,0.02763433815411931,0.4360221052038539,0.421042919159,0.4405047513681194,0.42994977342006613
10983.557,1.1241534970147518,3.7400603168821167,2.542823883002111,-0.36287943795647093,0.2379155831858908,0.21131275687305598,1.0794284343719482,3.6836965084075928,2.5714950561523438,-0.3544624149799347,0.22724811732769012,0.21052633225917816,0.005176151666828097,0.07176640988706003,0.02867117315023293,0.4338447495107425,0.421052634716,0.44384198740488123,0.4321343516864964
10983.577,1.1169335510171194,3.7447627931442993,2.5470660589492615,-0.3609972999065685,0.23512381312538036,0.2121087973721966,1.0794284343719482,3.6836965084075928,2.5714950561523438,-0.3544624149799347,0.22724811732769012,0.21052633225917816,-0.003134487862225664,0.07159539015854283,0.024428997203082226,0.4307518889629709,0.421052634716,0.4419367080914115,0.4236311455532973
10983.596,1.1096997913488513,3.749434563239364,2.551334807996637,-0.3616879834055108,0.23358850474813617,0.213437452364111,1.0794284343719482,3.6836965084075928,2.5714950561523438,-0.3544624149799347,0.22724811732769012,0.21052633225917816,-0.011438816378693022,0.07146327998449693,0.020160248155706828,0.4304989450123231,0.421052634716,0.43839641407373064,0.4150760355495105
10983.617,1.1024213440734427,3.7541069856044653,2.555680022713932,-0.3465927273898423,0.2224963030932803,0.20691498653154247,1.061592698097229,3.694880962371826,2.582021474838257,-0.3568321466445923,0.22350282967090607,0.21052762866020203,0.0012691224525341951,0.07192419265034942,0.026341452124325038,0.41181531955223916,0.421049505472,0.4443233414558249,0.42898413646776906
10983.637,1.095091574332971,3.7587837730859537,2.5600613489431945,-0.38577735475694236,0.24614670954900286,0.2305961173267891,1.0526717901229858,3.7004685401916504,2.587284564971924,-0.3568321466445923,0.22350282967090607,0.21052762866020203,0.003414124422226446,0.072030883892731,0.027223216028729347,0.45757364381506016,0.421049505472,0.44020051906822744,0.429424086579165
10983.656,1.0876992068724776,3.7634598847732104,2.564464745730044,-0.3696183730166036,0.23380558435773047,0.22016983933767084,1.0437452793121338,3.7060468196868896,2.59254789352417,-0.3591676950454712,0.21973590552806854,0.21052631735801697,0.005509174031609929,0.07209616350455468,0.028083147794125907,0.4373212930166367,0.421052604914,0.4431265333853884,0.43208788395126774
10983.677,1.0802767721066702,3.768115289206208,2.568867627428052,-0.35344927458209563,0.2216859253932922,0.20966103325025262,1.0437452793121338,3.7060468196868896,2.59254789352417,-0.3591676950454712,0.21973590552806854,0.21052631735801697,-0.0029343431478920656,0.0719613403471493,0.02368026609611773,0.4171854111716756,0.421052604914,0.44737876171705715,0.423968411108765
10983.697,1.0728346560653002,3.77273820954294,2.57324927342818,-0.3916903179620431,0.24331159666710353,0.23061294737233326,1.0437452793121338,3.7060468196868896,2.59254789352417,-0.3591676950454712,0.21973590552806854,0.21052631735801697,-0.011379400933829324,0.07186405607260482,0.019298620095989705,0.46107337178525815,0.421052604914,0.4399682882783386,0.41410689284955154
10983.716,1.0653555173815605,3.777333497709037,2.5776239866085984,-0.37395693417881815,0.2297644082998514,0.2187356590161332,1.025678277015686,3.716853141784668,2.603074073791504,-0.36145368218421936,0.2159351110458374,0.21052512526512146,0.0012033961726330075,0.07232363855228421,0.025450087182905534,0.43886538767815214,0.421042442322,0.44181809318555626,0.42776020687877436
10983.736,1.0578592855023454,3.7818981811341916,2.5819646201992605,-0.37481159395257413,0.22823417125274217,0.21703167952837107,1.0162805318832397,3.7224674224853516,2.6085476875305176,-0.36145368218421936,0.2159351110458374,0.21052512526512146,0.0036859574501467707,0.07243770802400279,0.026583067331257038,0.4387979784099445,0.421042442322,0.4441796839449151,0.4302925329729186
10983.757,1.050344599842906,3.7864265389454794,2.586267165555189,-0.3578421742791076,0.2156360862639033,0.2048831121985686,1.0076000690460205,3.727640390396118,2.613600492477417,-0.363713800907135,0.21212640404701233,0.21052633225917816,0.005328034708422545,0.0724880557089187,0.027333326922228007,0.41775646736051325,0.421052664518,0.45010669542261134,0.4326787200973576
10983.777,1.042816772607414,3.7909157632757466,2.5905449167580743,-0.3962014334420894,0.23627496474801074,0.22514480014909977,1.0076000690460205,3.727640390396118,2.613600492477417,-0.363713800907135,0.21212640404701233,0.21052633225917816,-0.0031259291916596182,0.07234789277840661,0.02305557571934269,0.46126316171410264,0.421052664518,0.44425649243326637,0.4226342353454684
10983.797,1.0352687584995377,3.795362915256048,2.59479198958234,-0.3774007053855777,0.22235759901022364,0.2123536412086457,1.0076000690460205,3.727640390396118,2.613600492477417,-0.363713800907135,0.21212640404701233,0.21052633225917816,-0.011578419509036798,0.0722345966359041,0.018808502895077073,0.4379892177451259,0.421052664518,0.43966281243151284,0.4148616540436094
10983.817,1.0276922017174395,3.7997763787720165,2.5990314248789863,-0.3788278390966426,0.2206731757935969,0.2119717648276925,0.9893093705177307,3.7380642890930176,2.624126672744751,-0.3659230172634125,0.20828458666801453,0.21052762866020203,0.0010067657433379465,0.07266780694497514,0.02509524786576467,0.43836443474028647,0.421048849821,0.44155596486060483,0.4280771506721265
10983.836,1.020079327048057,3.804162208263689,2.603230864316486,-0.3806437334954322,0.21929147459877385,0.20997197188949177,0.9801613092422485,3.7432713508605957,2.629390001296997,-0.3659230172634125,0.20828458666801453,0.21052762866020203,0.0030510247513597794,0.0727450060746114,0.0261591369805112,0.4392389591501921,0.421048849821,0.4437398752106976,0.43027003839636274
10983.856,1.0124055192002754,3.808523248003803,2.6074366270712876,-0.38369039238070485,0.21805198700094777,0.2102881377354988,0.9710079431533813,3.748469114303589,2.634653091430664,-0.3680986762046814,0.20442280173301697,0.21052631735801697,0.005056387264188351,0.07276462894068876,0.027216464359376413,0.44125528618245374,0.421052634716,0.4460458921655607,0.432256582260758
10983.876,1.0047144909082764,3.812856188341298,2.6116654671996056,-0.38455141459156006,0.21664701687003135,0.21144200641128083,0.9710079431533813,3.748469114303589,2.634653091430664,-0.3680986762046814,0.20442280173301697,0.21052631735801697,-0.0034622791459614152,0.07259365872998766,0.02298762423105849,0.4413165131883192,0.421052634716,0.4426263052540409,0.4236570297817543
10983.897,0.9970001684155031,3.817159464969223,2.6159194967655806,-0.38571612463024374,0.21516383139154016,0.21270147829410627,0.9710079431533813,3.748469114303589,2.634653091430664,-0.3680986762046814,0.20442280173301697,0.21052631735801697,-0.011985581212397598,0.0724589945530965,0.01873359466508351,0.4416074016669922,0.421052634716,0.43745203401981947,0.41510570311431294
10983.916,0.9892352334541147,3.821429228894632,2.620199944400127,-0.388246748096257,0.2134881962852071,0.21402238174211258,0.9525020122528076,3.75850510597229,2.645179510116577,-0.37022268772125244,0.2005310207605362,0.21052512526512146,0.0005105753809279898,0.07285955049374468,0.024979565716450214,0.44299494480966883,0.421043395996,0.4345999089073301,0.4280915528692454
10983.937,0.9814587945576023,3.8256483875719915,2.6243582979354576,-0.3703066141083457,0.2009123179633823,0.19801683500970882,0.9428762197494507,3.763719081878662,2.650653123855591,-0.37022268772125244,0.2005310207605362,0.21052512526512146,0.002912901016252939,0.07290657713919901,0.026294825920133214,0.4212135790604171,0.421043395996,0.4395226210112451,0.431446126247268
10983.957,0.9736642343042675,3.8298049926809856,2.6284512975586565,-0.41024001332838356,0.21876868994437554,0.21542103279730057,0.9339857697486877,3.768522262573242,2.655705690383911,-0.37232041358947754,0.1966286599636078,0.21052633225917816,0.004483443410404173,0.07286873330951092,0.02725439282525466,0.46480097938602233,0.421052634716,0.43441323391678804,0.43154443960808775
10983.977,0.9658159807568618,3.8339066627820193,2.632511548611764,-0.39241267736171964,0.20508350504720763,0.20301255265094809,0.9339857697486877,3.768522262573242,2.655705690383911,-0.37232041358947754,0.1966286599636078,0.21052633225917816,-0.004072818686440282,0.07260643409115891,0.02319414177214707,0.4426044839362892,0.421052634716,0.4306910812100925,0.42376245112553984
10983.997,0.9579603243572142,3.837964281561094,2.6365808006267084,-0.39278282000952885,0.2028809389677546,0.203462600761281,0.9339857697486877,3.768522262573242,2.655705690383911,-0.37232041358947754,0.1966286599636078,0.21052633225917816,-0.012615505061343863,0.07237280084281379,0.019124889757202723,0.4419086579408599,0.421052634716,0.4256125989978776,0.41524927675389445
10984.017,0.9500917307450911,3.841985112975819,2.640734647636835,-0.3934296805975677,0.20104157073187173,0.20769235050179424,0.9152724742889404,3.7781665325164795,2.666232109069824,-0.3743666112422943,0.192694291472435,0.21052762866020203,-0.00010186144786820603,0.07269925347794046,0.025497461432989255,0.44164086898685856,0.421048045158,0.42282429001358185,0.42828851479285435
10984.037,0.9422044284978884,3.8459787295710903,2.644891623231163,-0.3943651123515262,0.19968082975920134,0.20784877971186502,0.9059133529663086,3.7829840183258057,2.671495199203491,-0.3743666112422943,0.192694291472435,0.21052762866020203,0.0018869077484169536,0.07267609914727531,0.02660357597232821,0.44186326299745116,0.421048045158,0.4244048483824702,0.4302964749481045
10984.056,0.9343602998766932,3.849917927898556,2.6490070568054964,-0.39220643105119957,0.19695991636897459,0.20577167871217925,0.8965492248535156,3.7877917289733887,2.6767585277557373,-0.3763771951198578,0.18874728679656982,0.21052631735801697,0.003936000389816851,0.07262127710409094,0.027751470950240886,0.43872167045426375,0.421052634716,0.42683753134314667,0.43242421187987345
10984.077,0.9265431324253314,3.8537934739272552,2.6530891091773743,-0.3722460691333628,0.18454981090080805,0.19438344629080884,0.8965492248535156,3.7877917289733887,2.6767585277557373,-0.3763771951198578,0.18874728679656982,0.21052631735801697,-0.004489243840377074,0.07235821665936436,0.023669418578363022,0.4153168795625819,0.421052634716,0.42685083501685606,0.4245501521932534
10984.097,0.918730537793899,3.8576139358728665,2.6571890288876996,-0.41118919112297997,0.2010769445033914,0.2157852479092139,0.8965492248535156,3.7877917289733887,2.6767585277557373,-0.3763771951198578,0.18874728679656982,0.21052631735801697,-0.012885437077097148,0.07211876823272066,0.019569498868037716,0.45752068498662396,0.421052634716,0.41925532671999965,0.41476584339120304
10984.118,0.9108913484407948,3.861390921372132,2.6612913109150282,-0.3732947310888201,0.17985645234049377,0.19534676320017022,0.8776373267173767,3.7970399856567383,2.6872847080230713,-0.37833482027053833,0.1847691833972931,0.21052512526512146,-0.0002416013460055308,0.07243489847454683,0.025993397108043048,0.41416060500652796,0.421042621136,0.4242844165523733,0.4292368001861129
10984.136,0.9030070433910824,3.865141103551838,2.6653807130497382,-0.41496342366398764,0.19737800945579864,0.21523169129788802,0.8681789636611938,3.801659345626831,2.6925477981567383,-0.37833482027053833,0.1847691833972931,0.21052512526512146,0.001851985031836676,0.07238438283471463,0.027167085107000055,0.45927489499978047,0.421042621136,0.4196495239451587,0.4297132383597174
10984.161,0.8950561046791105,3.8688513596223384,2.6694772503433537,-0.33128911300666497,0.15459400294116565,0.17068905390468112,0.8587158918380737,3.8062686920166016,2.6978108882904053,-0.38026708364486694,0.18078236281871796,0.21052633225917816,0.003904092691691931,0.07226312624178856,0.02833363794705157,0.3653537347201984,0.421052634716,0.43489144003991775,0.4351385529337947
10984.176,0.8870874009398224,3.87252051274817,2.673566015967218,-0.49804398371727976,0.22932207036989102,0.25554785149755394,0.8587158918380737,3.8062686920166016,2.6978108882904053,-0.38026708364486694,0.18078236281871796,0.21052633225917816,-0.004567475630644517,0.07192624309194762,0.024244872323187394,0.5479376157157069,0.421052634716,0.4200010354638726,0.4200371804347467
10984.197,0.8790926851496669,3.8761468123746927,2.6777051955041262,-0.380700751900561,0.1726809345910604,0.19710378746581625,0.8587158918380737,3.8062686920166016,2.6978108882904053,-0.38026708364486694,0.18078236281871796,0.21052633225917816,-0.01304206354722725,0.07161054383869284,0.02010569278627905,0.4177305631693028,0.421052634716,0.4178310657969504,0.4152498606842667
10984.22,0.8710716659487155,3.8797421978746103,2.6818707380942453,-0.36459178187758173,0.1634266136398589,0.18934284501380166,0.8396134376525879,3.8151168823242188,2.7083373069763184,-0.38214120268821716,0.176765576004982,0.21052512526512146,-0.0004820755434148463,0.07187363313962503,0.026466568882073105,0.3992505853876075,0.421043902636,0.42559115517437834,0.4289920563755676
10984.236,0.8631100270890406,3.8833051368653946,2.6860142044437065,-0.4683316975826369,0.20958464649645114,0.24373331465061712,0.8300599455833435,3.819535970687866,2.7136003971099854,-0.38214120268821716,0.176765576004982,0.21052512526512146,0.0016219187000949611,0.07180657227747841,0.02758619266627882,0.5127784269194682,0.421043902636,0.4150112154453677,0.4268412013880073
10984.257,0.855143416066828,3.8868351913127843,2.690158384448159,-0.3983305511381649,0.1765027223816872,0.20720900023694164,0.8205018639564514,3.8239452838897705,2.7188634872436523,-0.38398846983909607,0.17273731529712677,0.21052633225917816,0.0037351064596734262,0.07170234701895112,0.02870510279549343,0.4354271923780213,0.421052634716,0.4179775021744106,0.4315629811988362
10984.277,0.8472281139884654,3.8903238127420634,2.6942671852440707,-0.3957651039094889,0.17443107146014664,0.2054400397911059,0.8205018639564514,3.8239452838897705,2.7188634872436523,-0.38398846983909607,0.17273731529712677,0.21052633225917816,-0.004615831765754183,0.07140795215155427,0.024596301999581627,0.4322758264173357,0.421052634716,0.4156779008539243,0.4229433342625746
10984.296,0.8393656384448588,3.893758737987601,2.698431432788561,-0.3931237771717509,0.17174626227312398,0.20821237721995886,0.8205018639564514,3.8239452838897705,2.7188634872436523,-0.38398846983909607,0.17273731529712677,0.21052633225917816,-0.012894284970938922,0.07115825866410429,0.020432054455091553,0.4287926378198574,0.421052634716,0.4120759345699656,0.41434829407700247
10984.316,0.831529809500662,3.8971542152356755,2.7026359001412072,-0.3917914472012863,0.1697738624000268,0.21022336762773414,0.8012171983718872,3.8323895931243896,2.7293899059295654,-0.38578206300735474,0.1686832755804062,0.21052762866020203,-8.582340987548648e-05,0.07150736538989741,0.02675400578835818,0.42680096977853316,0.421048521996,0.4153354960284304,0.4276353880119291
10984.337,0.8237752562412662,3.9005055627702085,2.706836224696881,-0.36926444094433497,0.15958797784386383,0.20001545504331583,0.791572630405426,3.836606740951538,2.7346529960632324,-0.38578206300735474,0.1686832755804062,0.21052762866020203,0.0022933882644839212,0.07151789224247068,0.0278167713663513,0.40212953263983736,0.421048521996,0.4228924514633687,0.4307237015536324
10984.356,0.8160537069330803,3.9038060899308453,2.711071541425402,-0.40639733200480493,0.17371195582085966,0.22291140676151747,0.791572630405426,3.836606740951538,2.7346529960632324,-0.38578206300735474,0.1686832755804062,0.21052762866020203,-0.0057981343756423435,0.07128434083974952,0.023581454637830568,0.4418106363471726,0.421048521996,0.4190916948207181,0.42060952053293454
10984.377,0.8083413102345789,3.9070597605511708,2.7152915297246247,-0.3672569856317279,0.15493669620124956,0.20095182376639095,0.7721969485282898,3.844836950302124,2.7451794147491455,-0.38924309611320496,0.16052208840847015,0.21052512526512146,0.007180001539789569,0.07159986435973571,0.029887885024520777,0.3984552530621963,0.421043366194,0.4282224341310986,0.4353901982755253
10984.397,0.800591932522807,3.9102730678888564,2.719536577530333,-0.40786198482510017,0.16912143882348837,0.22342356871875343,0.7721969485282898,3.844836950302124,2.7451794147491455,-0.38924309611320496,0.16052208840847015,0.21052512526512146,-0.0009017678586007473,0.07132564346434425,0.025642837218812442,0.44134992838129566,0.421043366194,0.4254170106270467,0.4249163571617115
10984.417,0.792788714031935,3.9134576193804893,2.7238138913679695,-0.39016092457057183,0.1592275745926501,0.2138656918966032,0.7624658942222595,3.8488500118255615,2.7504425048828125,-0.38924309611320496,0.16052208840847015,0.21052512526512146,0.0015015013640381665,0.07135377949930471,0.026628613514843025,0.421207732267362,0.421043366194,0.42977315813011646,0.42772287873762305
10984.436,0.7849456101892452,3.9166306952770746,2.728095125337565,-0.39215519212592576,0.1586537948258035,0.21406169847510023,0.7527347803115845,3.852863073348999,2.7557055950164795,-0.38924309611320496,0.16052208840847015,0.21052512526512146,0.0038733779302355976,0.07133613468067328,0.027610469678914562,0.42285417317868035,0.421043366194,0.4343746204964391,0.4296557606176391
10984.457,0.7770639909780614,3.9197806903746435,2.732397306904404,-0.394080960550588,0.15749975487500503,0.21510907833725088,0.7429996132850647,3.8568661212921143,2.7609686851501465,-0.39091911911964417,0.15642106533050537,0.21052633225917816,0.006220168588810169,0.07127365805947003,0.02857137824574263,0.42421075815832743,0.421052604914,0.4392561450946239,0.43145052390270583
10984.477,0.7691430024796311,3.922905818857977,2.7366821403370674,-0.3960494249128736,0.15625642416326788,0.21424167162849875,0.7429996132850647,3.8568661212921143,2.7609686851501465,-0.39091911911964417,0.15642106533050537,0.21052633225917816,-0.001986074682751922,0.07099840815485745,0.024286544813079125,0.42557904946836367,0.421052604914,0.44228956359341126,0.4224595156207902
10984.497,0.7611638435309198,3.9260092886039715,2.740968856219868,-0.39895794746313973,0.15517348731044597,0.21433579415484558,0.7429996132850647,3.8568661212921143,2.7609686851501465,-0.39091911911964417,0.15642106533050537,0.21052633225917816,-0.010239390647448204,0.07075218530553574,0.019999828930278518,0.42788416425101,0.421052604914,0.4391878573681639,0.4135163420169099
10984.516,0.7531168587338146,3.929086011682199,2.7452496563703197,-0.4023492398464773,0.1538361539080218,0.21404000751791474,0.7233765721321106,3.8644909858703613,2.7714951038360596,-0.3925406336784363,0.15229438245296478,0.21052762866020203,0.002498044667176187,0.07106871167837694,0.02624544746573987,0.4305467494143311,0.421048372984,0.442266074027945,0.42644164926233336
10984.537,0.7450294578584002,3.9321463222641384,2.7494826700432737,-0.38511432738894247,0.14572907532600154,0.2015720796583319,0.713563084602356,3.868298292160034,2.7767581939697266,-0.3925406336784363,0.15229438245296478,0.21052762866020203,0.004679397471945946,0.0710268036262568,0.027275523926452827,0.4115747816374826,0.421048372984,0.44892129282482707,0.4290681658110035
10984.557,0.7369075998976643,3.9351861517121356,2.75368465211819,-0.4274662084545483,0.15999102357683884,0.22115695130866764,0.7037457227706909,3.8720955848693848,2.7820215225219727,-0.394125372171402,0.14815708994865417,0.21052631735801697,0.006833853127712647,0.07094665721901873,0.028336870403782743,0.4562235232068303,0.421052634716,0.4494051967784618,0.42928139611292593
10984.576,0.7287388526780115,3.9381964243284697,2.7578626137892366,-0.40843736101087047,0.15051363082711028,0.2088980835667729,0.7037457227706909,3.8720955848693848,2.7820215225219727,-0.394125372171402,0.14815708994865417,0.21052631735801697,-0.0015714584142996826,0.07065060536337997,0.024158908732736073,0.43508317256120943,0.421052634716,0.44718151970434794,0.4212425821366648
10984.597,0.720545139737836,3.941182692856633,2.762010859655705,-0.40968564699983584,0.1493134264049005,0.20741229331888944,0.7037457227706909,3.8720955848693848,2.7820215225219727,-0.394125372171402,0.14815708994865417,0.21052631735801697,-0.009995359687887707,0.07039418786510317,0.020010662866267737,0.43584950176428844,0.421052634716,0.4431527665916918,0.41251700522500806
10984.616,0.7123042072681923,3.944144278848818,2.7661666151204356,-0.4120466234731877,0.14807929960601723,0.2077877732319985,0.6839667558670044,3.879305601119995,2.7925477027893066,-0.39565473794937134,0.14399492740631104,0.21052512526512146,0.0025894617224819574,0.07071322344176251,0.02638108766887104,0.43764426865307426,0.421043008566,0.4454070744874646,0.4255348386311397
10984.636,0.7040314006467314,3.947086415725031,2.7703054704895584,-0.4136403310640163,0.1471068438074405,0.2069427684516249,0.6740753650665283,3.8829054832458496,2.7978107929229736,-0.39565473794937134,0.14399492740631104,0.21052512526512146,0.004629046138759439,0.07067622014104082,0.02750532243341519,0.43882793740555603,0.421043008566,0.4479044062305681,0.42751884654038885
10984.656,0.6957518896127237,3.9500097091059185,2.7744397832305077,-0.4139755516913489,0.14616466904118916,0.20671563704294882,0.6740753650665283,3.8829054832458496,2.7978107929229736,-0.39565473794937134,0.14399492740631104,0.21052512526512146,-0.003855848176234012,0.07041293403574934,0.02337100969246597,0.438852575939391,0.421043008566,0.4446852960471478,0.4188195849143681
10984.677,0.6874407228882846,3.9529108156987296,2.7785978625703276,-0.4155583362506791,0.14505532965057968,0.2079039670053672,0.654218852519989,3.8898966312408447,2.8083372116088867,-0.39860299229621887,0.1356360912322998,0.21052762866020203,0.008682264079665217,0.070704302585565,0.029739349038559126,0.4399851631934328,0.421048104763,0.44783641718498246,0.43174876984149646
10984.697,0.6791112522180935,3.95578040916551,2.7827591600106087,-0.416473533500463,0.14347967333589903,0.20806487200951604,0.654218852519989,3.8898966312408447,2.8083372116088867,-0.39860299229621887,0.1356360912322998,0.21052762866020203,0.00016971669104117598,0.07042921945188385,0.025578051598277973,0.44033465000004807,0.421048104763,0.4452186614231714,0.4229713917501524
10984.716,0.6707454979969931,3.9586221573625857,2.786958488220714,-0.41828771104589063,0.14208740985067353,0.20996641050067477,0.6442537903785706,3.893287420272827,2.8136003017425537,-0.39860299229621887,0.1356360912322998,0.21052762866020203,0.002155911415684636,0.07046836516548105,0.026641813521839808,0.4415986390980047,0.421048104763,0.44682476557833484,0.42503786734425464
10984.737,0.6623587550975438,3.9614337237249337,2.79117326116204,-0.41933714496331154,0.14057831811433288,0.21073864706171086,0.6342886686325073,3.8966784477233887,2.8188636302948,-0.39860299229621887,0.1356360912322998,0.21052762866020203,0.004134282656937736,0.07045625047576295,0.027690369132759685,0.4421129083389476,0.421048104763,0.4487557090528131,0.4269798868619781
10984.756,0.6539598865861325,3.964203707893141,2.79538951226463,-0.41994342559959524,0.13849920841993196,0.2108125551440632,0.6243201494216919,3.9000589847564697,2.824126720428467,-0.40001243352890015,0.13143593072891235,0.21052631735801697,0.006115004355629981,0.07039649314552499,0.028737208163836847,0.4420240424452969,0.421052664518,0.451096680456931,0.4288238722450902
10984.776,0.6455394272558117,3.966941211618684,2.7996196643507005,-0.42102296650684806,0.13687518627417564,0.21150760429891236,0.6243201494216919,3.9000589847564697,2.824126720428467,-0.40001243352890015,0.13143593072891235,0.21052631735801697,-0.0024381471207362074,0.07012521273028649,0.024507056077766265,0.4425441874480143,0.421052664518,0.44763734578126746,0.4199573709576744
10984.796,0.6370921468245359,3.9696519383172344,2.8038523558240045,-0.4223640215545732,0.13553633492455225,0.21163457366057858,0.6243201494216919,3.9000589847564697,2.824126720428467,-0.40001243352890015,0.13143593072891235,0.21052631735801697,-0.011009581469460222,0.06989343473343057,0.020274364604462303,0.44341368463651387,0.421052664518,0.44232948891931084,0.4111762056906747
10984.817,0.6285965760624247,3.972332779958024,2.808067066892975,-0.40455098869466694,0.1276591257590579,0.20070052710510003,0.6042552590370178,3.9064300060272217,2.834652900695801,-0.4013654589653015,0.12721265852451324,0.21052512526512146,0.0014249546389348174,0.07023990910147021,0.026585833802825753,0.4240503920060374,0.421043097973,0.4464376815533735,0.4248163193500185
10984.837,0.6200729862277573,3.9749957032400562,2.8122440347744915,-0.4486099912927862,0.14015385694734062,0.2198404148139611,0.5942211151123047,3.9096105098724365,2.839916229248047,-0.4013654589653015,0.12721265852451324,0.21052512526512146,0.0033150972554302494,0.0702321356793173,0.0276721944735554,0.4698281510620216,0.421043097973,0.4403093999792,0.4251585679236681
10984.857,0.6115375208100673,3.9776378802885395,2.8164052029669744,-0.42677327087518513,0.13210885242127837,0.2080584096196041,0.5841837525367737,3.912780523300171,2.845179319381714,-0.402690589427948,0.12298616766929626,0.21052633225917816,0.0051991360063736,0.07019739581389724,0.02877411641473948,0.4466134327390123,0.421052604914,0.4417413083725824,0.4279576714521024
10984.877,0.6029897140303695,3.9802401329259256,2.82055945251523,-0.42739033897556084,0.13011263186646568,0.2077124774082464,0.5841837525367737,3.912780523300171,2.845179319381714,-0.402690589427948,0.12298616766929626,0.21052633225917816,-0.003441524066807495,0.0699472589216719,0.024619866866483875,0.44661159356620883,0.421052604914,0.43750462871057133,0.41926630245599134
10984.897,0.5944432736606845,3.9828057822478073,2.8247598196779156,-0.4273220184749221,0.1282824660912872,0.21001835812969424,0.5841837525367737,3.912780523300171,2.845179319381714,-0.402690589427948,0.12298616766929626,0.21052633225917816,-0.012068098398216277,0.06973632959531553,0.020419499703798305,0.4460203998139489,0.421052604914,0.43131850833604124,0.4106274717391956
10984.917,0.5858871799159528,3.985328296098171,2.828990302309693,-0.42780468726615317,0.1261256925268933,0.2115241316034903,0.5639889240264893,3.9187278747558594,2.855705738067627,-0.4039590656757355,0.11873950064182281,0.21052762866020203,0.00035496825177569816,0.07010723023707383,0.026715435757934003,0.4458599439507112,0.421048671007,0.4281215204696528,0.42360476322386903
10984.937,0.5773329650507357,3.9878025881110224,2.833183139339627,-0.4277107432515202,0.12371460063987669,0.2096418514921242,0.5538899302482605,3.921696424484253,2.860968828201294,-0.4039590656757355,0.11873950064182281,0.21052762866020203,0.0022708336862586574,0.07010309596992587,0.02778568886166699,0.44508307786237433,0.421048671007,0.42925173509429465,0.4256199072741462
10984.956,0.5688338354230954,3.9902282279600922,2.8373838564022944,-0.4249564813727402,0.12128199245084514,0.21003585312878773,0.543787956237793,3.924654483795166,2.866231918334961,-0.4051903486251831,0.11448179185390472,0.21052631735801697,0.004254024702738491,0.07006507876110932,0.028848061932666536,0.44177289779974344,0.421052604914,0.43124430852838624,0.4276584050347611
10984.977,0.5603873302866919,3.992611022088044,2.8415422484338855,-0.42232525681095895,0.11913970639498574,0.20791960157501524,0.543787956237793,3.924654483795166,2.866231918334961,-0.4051903486251831,0.11448179185390472,0.21052631735801697,-0.004228062140677502,0.06982659812779952,0.02468966990107546,0.4386703644005866,0.421052604914,0.4279599171918112,0.4191065407307606
10984.996,0.5519957159881856,3.9949465841897336,2.8456867360060363,-0.41958071495431265,0.11677810509255261,0.20722437862186374,0.543787956237793,3.924654483795166,2.866231918334961,-0.4051903486251831,0.11448179185390472,0.21052631735801697,-0.012646597320250166,0.06963052688454664,0.02054518232892466,0.435398306601503,0.421052604914,0.42343881957504836,0.4106633625323588
10985.017,0.5436469590456079,3.9972382339771424,2.8498683630223804,-0.4174378471197758,0.11458248936793948,0.20908135081264467,0.5234726667404175,3.930175304412842,2.876758337020874,-0.40636447072029114,0.11020635813474655,0.21052512526512146,3.434324405908809e-05,0.07003168862952824,0.026889973998493577,0.43275523458086657,0.421043366194,0.4258442546597667,0.4240345460399411
10985.037,0.5353190791650466,3.9994897158226377,2.854006135218329,-0.41639399401897464,0.11257409227230697,0.2068886097929128,0.5133135318756104,3.9329304695129395,2.882021427154541,-0.40636447072029114,0.11020635813474655,0.21052512526512146,0.0022230289403363905,0.07006736418014538,0.028015291936211995,0.431223570659858,0.421043366194,0.4289056439089342,0.42634745269275376
10985.057,0.527007942394647,4.0016964402180175,2.858123652221873,-0.41555683851091074,0.11033621976658325,0.2058758501727013,0.5031515955924988,3.9356753826141357,2.887284517288208,-0.40751051902770996,0.10592678189277649,0.21052633225917816,0.004438973620018494,0.07005855296164931,0.029160865066335084,0.4298320756865141,0.421052604914,0.43279314426124127,0.4285880139440056
10985.076,0.5187058617297902,4.003862576982534,2.862238390791673,-0.41510403327153395,0.10830683823328868,0.20573692850421768,0.5031515955924988,3.9356753826141357,2.887284517288208,-0.40751051902770996,0.10592678189277649,0.21052633225917816,-0.0038503115071004002,0.06983268412571324,0.025046126496535148,0.42887596830130026,0.421052604914,0.4310478822252455,0.42004095248431483
10985.097,0.5103882323458403,4.005990431044418,2.8663545505370926,-0.39607758969982204,0.10132638389615313,0.19600760691877567,0.5031515955924988,3.9356753826141357,2.887284517288208,-0.40751051902770996,0.10592678189277649,0.21052633225917816,-0.01214569515658093,0.06963517097283607,0.02092996675111536,0.40870752087051543,0.421052604914,0.4303328385411575,0.4120716391865597
10985.116,0.5020214266208844,4.008086929095754,2.8704824115785907,-0.44035819604491167,0.11034200270054514,0.21725584428671102,0.4827243685722351,3.940767288208008,2.897810935974121,-0.40859898924827576,0.10162810981273651,0.21052762866020203,0.0005639301690274559,0.07002851191730744,0.02732852439553035,0.45382347644774035,0.421047985554,0.42611190355911743,0.4240206133693549
10985.138,0.4935977292802358,4.01015798781163,2.874595519528268,-0.3828953336511573,0.09413903253623113,0.1869594522508935,0.47250938415527344,3.943308115005493,2.903074026107788,-0.40859898924827576,0.10162810981273651,0.21052762866020203,0.0027037185367113463,0.07004508334194823,0.02847850657951989,0.3941656792490502,0.421047985554,0.43530235838932635,0.428480130816519
10985.157,0.4851273831103366,4.012206003234326,2.8786944638674328,-0.47057478721586266,0.11377863459400453,0.2277191299532195,0.4622918367385864,3.945838212966919,2.908337354660034,-0.40965011715888977,0.09732472151517868,0.21052631735801697,0.004803258549363979,0.07002195705907395,0.029642890792601406,0.48397505861067025,0.421052634716,0.42826553239079235,0.4271327989963312
10985.176,0.47660958984759394,4.014228434778708,2.882793670235805,-0.425889663166571,0.10112157722612175,0.20496031843277937,0.4622918367385864,3.945838212966919,2.908337354660034,-0.40965011715888977,0.09732472151517868,0.21052631735801697,-0.0036614623095655406,0.06977688863307012,0.025543684424229163,0.4375857076135086,0.421052634716,0.42524585640475876,0.42035580142311413
10985.196,0.46805798295435197,4.016226361685776,2.8868990788890634,-0.42758034465276534,0.09989634535120913,0.20527043265843783,0.4622918367385864,3.945838212966919,2.908337354660034,-0.40965011715888977,0.09732472151517868,0.21052631735801697,-0.012154081775535203,0.06957023945943508,0.021438275770970794,0.43895560796371286,0.421052634716,0.4203234233124811,0.41178830815384526
10985.216,0.4594933346614283,4.018195851705144,2.8910145852511,-0.42823241463683726,0.09847450096625456,0.20577531809735017,0.44176214933395386,3.9504990577697754,2.918863534927368,-0.41064319014549255,0.09300203621387482,0.21052512526512146,0.0003910581355320991,0.06997926775681251,0.027848949676267942,0.4392765250243584,0.421043008566,0.41788438516392334,0.42509353938306993
10985.236,0.45092931818136306,4.020133045578698,2.8951029679672526,-0.4282008239939142,0.09685969367556131,0.2044191358031588,0.4310854375362396,3.9529170989990234,2.924337148666382,-0.41064319014549255,0.09300203621387482,0.21052512526512146,0.002843322381368498,0.07002627072388713,0.029234180699129197,0.4388923049065019,0.421043008566,0.419995296534045,0.4278128151275889
10985.256,0.44239687666223515,4.022036677556283,2.899167753354354,-0.42662207598588425,0.09518159888584724,0.20323926936910822,0.4212276339530945,3.955138683319092,2.929389715194702,-0.41160812973976135,0.08867963403463364,0.21052633225917816,0.004490873431773217,0.07002364261917234,0.03022196184034831,0.43699613786661917,0.421052634716,0.4227040551717188,0.42970301463583194
10985.277,0.4339164012404833,4.0239000166416625,2.90322620036773,-0.4240237710783366,0.0931669542669414,0.2029223506643811,0.4212276339530945,3.955138683319092,2.929389715194702,-0.41160812973976135,0.08867963403463364,0.21052633225917816,-0.0039056302704171698,0.06981312074217844,0.0261635148269721,0.4340326590297149,0.421052634716,0.4200045413115572,0.4213540599557264
10985.308,0.42548926010075466,4.025723552634631,2.907302833122359,-0.2633481606077779,0.05698549977836263,0.1273947735779305,0.3993665874004364,3.9596192836761475,2.9405477046966553,-0.41251468658447266,0.08434049040079117,0.21052762866020203,0.010062731179859917,0.0703627020853045,0.03324487157429612,0.2693826586664342,0.421048313379,0.46238410202053226,0.4438020016854759
10985.316,0.41711236324466194,4.027512369239029,2.91143283370632,-1.047112107036351,0.22360207555512107,0.5162500730073135,0.3993665874004364,3.9596192836761475,2.9405477046966553,-0.41251468658447266,0.08434049040079117,0.21052762866020203,0.0017891565567917517,0.07015114073468504,0.029114870990335273,1.0705107473067081,0.421048313379,0.42606633298151425,0.40390326480696115
10985.337,0.40867815379857164,4.0292668288753575,2.9155808067890225,-0.4217104723336644,0.0877229818224707,0.20739865414946265,0.3902912735939026,3.961474895477295,2.9451794624328613,-0.41251468658447266,0.08434049040079117,0.21052762866020203,0.0027275925283646533,0.07018820297248968,0.02959865564383879,0.4306435421897378,0.421048313379,0.42931462116533065,0.4290066462565787
10985.358,0.40019296159571405,4.0310180070027855,2.9197117609691263,-0.3856905546605485,0.07959900578912703,0.1877706445429684,0.3799763023853302,3.9635727405548096,2.9504425525665283,-0.41338372230529785,0.07999514043331146,0.21052631735801697,0.0048787243157458506,0.07024083801406564,0.030730791597401996,0.3937523886088705,0.421052634716,0.4390582722825173,0.4328241541582637
10985.377,0.3916764436911763,4.03275360384691,2.9238538665666143,-0.4731398835846641,0.0964220468956434,0.23011697763784766,0.3799763023853302,3.9635727405548096,2.9504425525665283,-0.41338372230529785,0.07999514043331146,0.21052631735801697,-0.003520730558444221,0.0700748857205766,0.02658868599991404,0.4827976199087065,0.421052634716,0.43020051944868914,0.4209769232253403
10985.396,0.38308875318753866,4.0344645499093135,2.9280311363806324,-0.42938452517251086,0.08554730311831413,0.20886349069634666,0.3799763023853302,3.9635727405548096,2.9504425525665283,-0.41338372230529785,0.07999514043331146,0.21052631735801697,-0.011983197805873138,0.06994096763626317,0.022411416185895927,0.4377609409181747,0.421052634716,0.42572501979552474,0.41411723725364424
10985.417,0.3745342681530859,4.0361605943866685,2.9322204123529625,-0.4073564302349013,0.08076402273572614,0.19948933202691604,0.35926857590675354,3.967365264892578,2.9609687328338623,-0.41419413685798645,0.07563573122024536,0.21052512526512146,0.0006334871383453736,0.07046585991815998,0.028748320480899814,0.41524688156139267,0.421043395996,0.4309688360037402,0.42850986928610146
10985.437,0.36601668339803084,4.037803985737615,2.9364534628531134,-0.4482939344710876,0.08649428162772015,0.22279213158415834,0.3489137291908264,3.9692561626434326,2.9662320613861084,-0.41419413685798645,0.07563573122024536,0.21052512526512146,0.0027809234477151334,0.07059448674183452,0.029778598532995026,0.4565135765302664,0.421043395996,0.42682619862128435,0.42923409314512856
10985.456,0.35750926197223687,4.039398168720494,2.9407237101351744,-0.42537107128041357,0.07970914914218513,0.21351236409839178,0.3385569751262665,3.9711365699768066,2.9714951515197754,-0.4149760901927948,0.07127528637647629,0.21052633225917816,0.00495160999696455,0.07067047897229833,0.030771441384600973,0.43272201935796484,0.421052634716,0.4302428941636177,0.43234677864502113
10985.477,0.3490569210517896,4.040951822673355,2.9449793866701848,-0.4024924247709318,0.0739835215625591,0.2026512635657429,0.3385569751262665,3.9711365699768066,2.9714951515197754,-0.4149760901927948,0.07127528637647629,0.21052633225917816,-0.0033406861509952136,0.07052133145057853,0.026515764849590617,0.4091905285845241,0.421052634716,0.43554055952392123,0.42460480718154126
10985.497,0.340671094554011,4.0424706238537,2.9492673580320616,-0.441359289393613,0.07993690423536205,0.22568270327551748,0.3385569751262665,3.9711365699768066,2.9714951515197754,-0.4149760901927948,0.07127528637647629,0.21052633225917816,-0.011559781573901091,0.07042292377791479,0.022227793487713754,0.4485009820346001,0.421052634716,0.4297256019230267,0.41484717835825213
10985.517,0.3323087259723039,4.043963317866056,2.953551578829174,-0.3982080276881986,0.0710806672528735,0.20401051414198576,0.3177737891674042,3.974492311477661,2.9820215702056885,-0.41569939255714417,0.06690011918544769,0.21052762866020203,0.0012921665415787879,0.07096347949591846,0.028469991376514514,0.40447599513723553,0.421048223972,0.4367080203913135,0.4299310268508024
10985.537,0.3239723907444561,4.045444341283501,2.957800611321063,-0.43875448567082176,0.07794860091719942,0.22363328904404398,0.3073813021183014,3.9761648178100586,2.9872846603393555,-0.41569939255714417,0.06690011918544769,0.21052762866020203,0.0036501968997243034,0.07114487091211423,0.029484049018292602,0.44561067808917626,0.421048223972,0.4380684166477624,0.430853071378164
10985.557,0.31562654624532016,4.046899739279047,2.9620320075013873,-0.4172922249476887,0.07276989977570346,0.2115698090116029,0.3073813021183014,3.9761648178100586,2.9872846603393555,-0.41569939255714417,0.06690011918544769,0.21052762866020203,-0.004520386835599742,0.07107024179496356,0.02525265283796818,0.42357961470026234,0.421048223972,0.43693364704213933,0.4233469050582803
10985.577,0.3071969861240602,4.048289081919639,2.966253906417621,-0.4214780060921307,0.06946713203440087,0.2110949458262763,0.2865634262561798,3.9792909622192383,2.9978110790252686,-0.41701042652130127,0.058133434504270554,0.21052512526512146,0.008281046527573274,0.07153955956965594,0.031557172607647566,0.4271336608226594,0.421042978764,0.4418283356520705,0.43672301778779193
10985.597,0.29869039652922935,4.049615816113597,2.9704865465222925,-0.425329479732259,0.06633670969648593,0.2116320052289557,0.2865634262561798,3.9792909622192383,2.9978110790252686,-0.41701042652130127,0.058133434504270554,0.21052512526512146,-2.4501695695806208e-05,0.07136279060500145,0.027324532502976062,0.43041371747471446,0.421042978764,0.4445885735311719,0.4279602253796875
10985.616,0.2900855523678407,4.050872982450914,2.974755633730239,-0.43024220806004,0.06285831686448268,0.21345436039266566,0.27613818645477295,3.9807443618774414,3.0030741691589355,-0.41701042652130127,0.058133434504270554,0.21052512526512146,0.002107858260042627,0.07147103870104812,0.028318535428696556,0.4347067874665221,0.421042978764,0.44717847613899236,0.4300366035202544
10985.636,0.28138416848630254,4.052072414126665,2.979048531056876,-0.4350691940674125,0.059971583786234586,0.21464486632716262,0.2657129168510437,3.9821975231170654,3.0083372592926025,-0.41701042652130127,0.058133434504270554,0.21052512526512146,0.0041568793848291395,0.07148992149386546,0.02928872823572659,0.4390396046234049,0.421042978764,0.44957326316519275,0.43182490427094267
10985.657,0.2726246789678771,4.053242144202941,2.9833452482177694,-0.43797447591171107,0.058486503812516084,0.21483585803998134,0.25528618693351746,3.983640193939209,3.0136003494262695,-0.41760846972465515,0.053744614124298096,0.21052633225917816,0.006153432368677275,0.07146460702071142,0.030255101208500168,0.44171873601880013,0.421052634716,0.45199379696495373,0.43354187584154863
10985.676,0.2638029344462498,4.054379356009058,2.987658658789496,-0.4410872261118545,0.056860590309759755,0.2156705286012389,0.25528618693351746,3.983640193939209,3.0136003494262695,-0.41760846972465515,0.053744614124298096,0.21052633225917816,-0.0024301668219382493,0.07120855515847456,0.02594169063677354,0.444589859149691,0.421052634716,0.4482784547469726,0.42450534268353646
10985.697,0.2549207389414324,4.055485824779348,2.991970100893859,-0.4441097752311756,0.055323438513302015,0.21557210521343703,0.25528618693351746,3.983640193939209,3.0136003494262695,-0.41760846972465515,0.053744614124298096,0.21052633225917816,-0.01107102769296694,0.07098845377153952,0.02163024853241069,0.44739470345846866,0.421052634716,0.4424297319168147,0.4155808454217893
10985.717,0.24599948530546126,4.056566309365378,2.996274477003744,-0.4248216016999594,0.051451646952237896,0.2049702909406706,0.23438018560409546,3.9861183166503906,3.0241267681121826,-0.4181470572948456,0.04934301599860191,0.21052762866020203,0.0012954501099791873,0.07138802148913788,0.027852291108438454,0.42779450377014233,0.421048343182,0.4459950745806947,0.4292222598269917
10985.737,0.23707304350952477,4.057623517236848,3.0005494624755937,-0.46981272609616337,0.05564251955040061,0.2249992353577464,0.22392649948596954,3.987351894378662,3.0293898582458496,-0.4181470572948456,0.04934301599860191,0.21052762866020203,0.0031374920846755586,0.07142190659948143,0.028840395770255878,0.4729694368901755,0.421048343182,0.43975341893764747,0.42945368790103666
10985.757,0.22814548538045534,4.058644098493201,3.0048141572141662,-0.44637790648432557,0.051029062821169625,0.21323473694336384,0.21347160637378693,3.988574743270874,3.0346531867980957,-0.41864731907844543,0.04494154825806618,0.21052631735801697,0.004982705217813766,0.07141575396988677,0.029839029583929477,0.4491668493009761,0.421052634716,0.4408953639029312,0.43222755198704677
10985.776,0.2192562849795679,4.059628812329466,3.009072041766249,-0.4444600200346708,0.04923569181215724,0.21289422759948531,0.21347160637378693,3.988574743270874,3.0346531867980957,-0.41864731907844543,0.04494154825806618,0.21052631735801697,-0.003654633869736334,0.0711954133890204,0.02558114503184683,0.447068651852094,0.421052634716,0.43658846364257736,0.4235550942030215
10985.797,0.21040861377858366,4.060564486792593,3.013319818664058,-0.44238356003955526,0.04678372315534162,0.2123888448858183,0.21347160637378693,3.988574743270874,3.0346531867980957,-0.41864731907844543,0.04494154825806618,0.21052631735801697,-0.012246853838947759,0.07100647623286643,0.021333368134037745,0.4447337131559573,0.421052634716,0.4308790151125654,0.41496729556584555
10985.817,0.20158738763137693,4.061445174860781,3.017579591066912,-0.4410613073507093,0.044034403408426404,0.2129886201380465,0.19251829385757446,3.990612268447876,3.0451793670654297,-0.41908809542655945,0.04053115472197533,0.21052512526512146,0.0002377379958496944,0.07141073150040339,0.027599775998517817,0.44312091274012677,0.421043485403,0.427762667390993,0.4280649975028552
10985.837,0.1927922765533057,4.062271398107106,3.0218115560860594,-0.4188148132649951,0.03934396411294258,0.2015221437802434,0.18204109370708466,3.9916255474090576,3.0504424571990967,-0.41908809542655945,0.04053115472197533,0.21052512526512146,0.0022323314790891682,0.07142437153809153,0.028630901113037233,0.4205153307571731,0.421043485403,0.43236767799396764,0.43093289010448166
10985.857,0.18404708854412427,4.063042527129921,3.026002139938113,-0.4602730531091713,0.04058573804239495,0.22055704484223043,0.17156288027763367,3.9926280975341797,3.0557055473327637,-0.4195006191730499,0.03611866012215614,0.21052633225917816,0.0042797720597785634,0.07138438836644259,0.029703407394650494,0.46188246908729136,0.421052634716,0.42781980181748575,0.43126590858068603
10985.876,0.17531413648519448,4.063754346845529,3.0302102017080403,-0.4366476029369586,0.035590985779588025,0.21040308849176548,0.17156288027763367,3.9926280975341797,3.0557055473327637,-0.4195006191730499,0.03611866012215614,0.21052633225917816,-0.004177834513545255,0.07110246805148437,0.02549534562472333,0.43789788548322806,0.421052634716,0.4246891089200299,0.4233749296783196
10985.897,0.16660293927896674,4.064420251864155,3.034396104017144,-0.4355598603018793,0.03329525093057105,0.20929511545060853,0.17156288027763367,3.9926280975341797,3.0557055473327637,-0.4195006191730499,0.03611866012215614,0.21052633225917816,-0.012612611379658894,0.07084939288543612,0.02130944331561979,0.43662202917264115,0.421052634716,0.42003709460002636,0.4146741622655081
10985.917,0.1579220355131276,4.065046896123242,3.0385904749354564,-0.4340451883219585,0.03133221295653712,0.20971854593012307,0.1505710929632187,3.9942238330841064,3.0662319660186768,-0.41985321044921875,0.03169765695929527,0.21052762866020203,2.994485384687825e-05,0.07120352321285203,0.027641491083220338,0.4349663157803337,0.421048045158,0.4221668481510157,0.42786092637911843
10985.937,0.14924047852270858,4.065638065159114,3.0427921348620104,-0.4340778495114766,0.029558451792975733,0.21008299632311278,0.14007475972175598,3.99501633644104,3.071495294570923,-0.41985321044921875,0.03169765695929527,0.21052762866020203,0.002154902234055227,0.07118142569960995,0.028703159708912462,0.4348765791269173,0.421048045158,0.42473543272506536,0.4298696901045216
10985.957,0.1405874889883507,4.066200726691302,3.0469642133875268,-0.4120471206711459,0.02679340629383294,0.1986704059709129,0.1295776665210724,3.995797872543335,3.07675838470459,-0.4201679527759552,0.027279673144221306,0.21052631735801697,0.004308391252078873,0.0711281647996061,0.02979417131706308,0.41273528636641793,0.421052604914,0.4311473306285418,0.43273017639935574
10985.977,0.13194770261655794,4.066718719152723,3.051146226192593,-0.45472559850983535,0.027262761127082976,0.220105937106041,0.1295776665210724,3.995797872543335,3.07675838470459,-0.4201679527759552,0.027279673144221306,0.21052631735801697,-0.004045446437804025,0.07084502747550535,0.025612158511997052,0.45532937071292867,0.421052604914,0.4258702037240529,0.42235289130732706
10985.996,0.12331264451423421,4.06720107593415,3.055333193822606,-0.43175290514603015,0.02411783907303628,0.209348381515133,0.1295776665210724,3.995797872543335,3.07675838470459,-0.4201679527759552,0.027279673144221306,0.21052631735801697,-0.012393294866806789,0.07059797587438821,0.021425190881983802,0.4322254429705008,0.421052604914,0.42187207616823186,0.41440398979132387
10986.022,0.11464061709835888,4.06763522824442,3.0595304303093753,-0.3335395159739238,0.016698165778532784,0.1614321725577493,0.10855715721845627,3.9969515800476074,3.087284564971924,-0.42042264342308044,0.022852348163723946,0.21052512526512146,0.00026903846466851036,0.07094444463681189,0.027754134662548502,0.33378583491511465,0.421043276787,0.44313417393244686,0.43120758124541403
10986.037,0.10595236288558996,4.068036405088948,3.0636958509558303,-0.6205895866611844,0.028655488896497702,0.2975300461920554,0.09762616455554962,3.9975457191467285,3.0927584171295166,-0.42042264342308044,0.022852348163723946,0.21052512526512146,0.0028155021970572352,0.0709248569305163,0.0290625661736863,0.6209376112998745,0.421043276787,0.42257559324983013,0.4227615748818714
10986.057,0.09722578542228749,4.068410247314258,3.067857959996312,-0.43632887315559915,0.018692111265075636,0.2081054520195341,0.08753547072410583,3.9980833530426025,3.097810983657837,-0.4206491708755493,0.01842869259417057,0.21052633225917816,0.004483149964995985,0.0708496691822747,0.02995302366152508,0.4365203014911795,0.421052664518,0.4252326703995814,0.4313678865916778
10986.077,0.08848351633153675,4.068756537872346,3.071951754479348,-0.43711345456775086,0.017314527905607488,0.20468972416596712,0.08753547072410583,3.9980833530426025,3.097810983657837,-0.4206491708755493,0.01842869259417057,0.21052633225917816,-0.003972019213752722,0.07056784613277116,0.025859229178488707,0.43725873935911924,0.421052664518,0.422067580644839,0.4226490326008594
10986.097,0.07975738591211787,4.069070533125844,3.0760336268799873,-0.4363065209614207,0.015699762674538466,0.20409362002749826,0.08753547072410583,3.9980833530426025,3.097810983657837,-0.4206491708755493,0.01842869259417057,0.21052633225917816,-0.012411893202279641,0.07032512528711356,0.021777356777849644,0.4363977611078735,0.421052664518,0.41747257198881166,0.41410081723060116
10986.116,0.07103279297356543,4.069348190351147,3.080131253649441,-0.43622964691809973,0.013882861264854553,0.2048813384682234,0.06649534404277802,3.9987943172454834,3.108337163925171,-0.4208105504512787,0.013997531495988369,0.21052512526512146,0.00019527127527537314,0.07069935871094336,0.028205910275729718,0.4362586996941154,0.421043276787,0.4193416858727951,0.42740397310511036
10986.137,0.06240771243989082,4.06960953034646,3.084234298582799,-0.4107181206386493,0.012444761681185287,0.19538309205869372,0.05555427074432373,3.9991581439971924,3.1138107776641846,-0.4208105504512787,0.013997531495988369,0.21052512526512146,0.002803410735364128,0.0707284128894261,0.02957647908138572,0.41075609818665654,0.421043276787,0.42571342754168034,0.4311023851693855
10986.156,0.05385154658399238,4.069828679361503,3.088393590756948,-0.45032451872597845,0.011534158686352606,0.2189101144262302,0.0454544872045517,3.999483346939087,3.118863344192505,-0.42094385623931885,0.009569544345140457,0.21052633225917816,0.004644638952642017,0.07069231732544716,0.03046975343555669,0.4503007452622781,0.421052604914,0.4265597024952918,0.4311802089828567
10986.176,0.0453363677767267,4.070019275855615,3.0925452094635695,-0.4257589403927133,0.009529824706248434,0.20758093534541258,0.0454544872045517,3.999483346939087,3.118863344192505,-0.42094385623931885,0.009569544345140457,0.21052633225917816,-0.0035761974768255115,0.07044531234882481,0.026318134728935405,0.4257141553346951,0.421052604914,0.4252379675621134,0.423495523417919
10986.197,0.036835684812015296,4.070174950181238,3.096727426141735,-0.4250341482262926,0.007783716280992354,0.20911083390370147,0.0454544872045517,3.999483346939087,3.118863344192505,-0.42094385623931885,0.009569544345140457,0.21052633225917816,-0.011780660456794217,0.07023391319604132,0.022135918050770087,0.42495554783036077,0.421052604914,0.4222254525824838,0.4148797214055541
10986.216,0.028295856257183144,4.070286364143973,3.100906838949257,-0.42699142773228727,0.0055706981366149,0.20897064037154353,0.024403821676969528,3.999751091003418,3.129389762878418,-0.4210169315338135,0.00513551477342844,0.21052762866020203,0.0010198203417298348,0.07063520833590628,0.028482923929161075,0.42686465531029527,0.421048253775,0.42550038260860285,0.42821831527968157
10986.237,0.0069616878052075615,4.070491888007608,3.1113318143131132,-1.0667084225754953,0.010276193181544227,0.5205141271607719,0.013878397643566132,3.9998795986175537,3.134653091430664,-0.4210169315338135,0.00513551477342844,0.21052762866020203,-0.009050004240044547,0.07037068786894195,0.02332127711755083,1.0665306529530674,0.421048253775,0.3285277546942026,0.39856063818126514
10986.256,-0.0015369633896055168,4.070513540941121,3.1155351279333052,-0.4249325597700259,0.0010826466757178962,0.20943104000339274,0.003352884203195572,3.999997138977051,3.139916181564331,-0.4210520386695862,0.000706054619513452,0.21052631735801697,-0.006725462616831488,0.07036506027872633,0.02438105363102583,0.4248163655530874,0.421052634716,0.3267896569511452,0.4197482338823757
10986.277,-0.008958872007130303,4.070714065274114,3.1193560506402624,-0.37109543086813906,0.010026216649409033,0.19031149432302366,0.003352884203195572,3.999997138977051,3.139916181564331,-0.4210520386695862,0.000706054619513452,0.21052631735801697,-0.013881087083485646,0.07042569436837265,0.02056013092406861,0.3712266441460382,0.421052634716,0.33103604124386704,0.41400549294487976
10986.296,-0.015739692229124858,4.070798000609125,3.123332690152656,-0.3390410110923272,0.00419676675047219,0.198097334594666,0.003352884203195572,3.999997138977051,3.139916181564331,-0.4210520386695862,0.000706054619513452,0.21052631735801697,-0.020382142840034725,0.07044044815243976,0.016583491411675144,0.3390610892818655,0.421052634716,0.3384825061256443,0.40706061565901486
10986.317,-0.0223826861712495,4.0707341786655995,-3.155784642667424,-0.3163330448808336,-0.0030391401680567947,0.19371306474927547,-0.017698515206575394,3.999821901321411,-3.132742945347921,-0.4210267663002014,-0.003726382041350007,0.21052512526512146,-0.005690051729913881,0.07083866068098897,0.023041697319502674,0.31625805869607054,0.421043246984,0.24987590984437463,0.2958460297772442
10986.337,-0.025719998839867975,4.070670874190528,-3.153770699155771,-0.1756480351882936,-0.0033318144774194852,0.1059970269278101,-0.02822418324649334,3.9997286796569824,-3.127479616795675,-0.4210267663002014,-0.003726382041350007,0.21052512526512146,0.0016400827942458854,0.07096742938282177,0.026291082360095697,0.1755944366408213,0.421043246984,0.2756753038075987,0.30453374661527316
10986.356,-0.028697133044003453,4.070690702241786,-3.1520016575386802,-0.1488567102035247,0.0009914025629115344,0.08845208085259788,-0.03874972462654114,3.999624729156494,-3.122216526662008,-0.42097359895706177,-0.008157646283507347,0.21052633225917816,0.009312334364903849,0.07116675879061111,0.029785130876672117,0.14885896548715635,0.421052634716,0.30654227356553654,0.3114358306639619
10986.377,-0.031518397241087626,4.070670446548157,-3.1503835994396527,-0.1410632098511295,-0.0010127846814312756,0.08090290494960838,-0.03874972462654114,3.999624729156494,-3.122216526662008,-0.42097359895706177,-0.008157646283507347,0.21052633225917816,0.00660649695603812,0.07110654156560806,0.02816707277764463,0.14104885593177444,0.421052634716,0.3377916034334757,0.30898606187980243
10986.398,-0.037373801336159834,4.070570478270076,-3.1470435153933636,-0.2788287664235085,-0.004760394194204455,0.15905162124701533,-0.03874972462654114,3.999624729156494,-3.122216526662008,-0.42097359895706177,-0.008157646283507347,0.21052633225917816,0.0009891892908246284,0.07095219508045705,0.02482698873135547,0.2787986760459446,0.421052634716,0.35558028975221856,0.3001608621524524
10986.423,-0.043155629867387774,4.070415757160884,-3.143968560366285,-0.23127314125248305,-0.006188844367775025,0.12299820108493194,-0.059793002903461456,3.9990060329437256,-3.111690107976095,-0.4208599328994751,-0.01259087584912777,0.21052762866020203,0.01646766338961521,0.07144905147584818,0.032278452390190004,0.23125778438865727,0.421048223972,0.3853310668899707,0.31388379514577597
10986.437,-0.049243294732053716,4.070151323739715,-3.1409762632843536,-0.4348332046434026,-0.018888101513115516,0.21373550586423837,-0.07073536515235901,3.998678684234619,-3.1062164942370813,-0.4208599328994751,-0.01259087584912777,0.21052762866020203,0.021536121376794382,0.07145937842453395,0.03475976904727229,0.4348447644807153,0.421048223972,0.38873152880087486,0.3110234282411704
10986.458,-0.05583653094027405,4.069826810471431,-3.1379649527440963,-0.3296618104038208,-0.01622566341383912,0.15056552700958264,-0.07073536515235901,3.998678684234619,-3.1062164942370813,-0.4208599328994751,-0.01259087584912777,0.21052762866020203,0.015156839727875328,0.07109360968013964,0.03174845850701491,0.32971850292009086,0.421048223972,0.4019837523076477,0.30940140975020297
10986.477,-0.06287983769331273,4.069482642710502,-3.134961864361622,-0.3521653376442473,-0.01720838804606569,0.1501544191204383,-0.09134858101606369,3.997840642929077,-3.095900599156515,-0.42049670219421387,-0.021448133513331413,0.21052512526512146,0.028943156996596504,0.07145165597891194,0.039061265205107,0.3522717001394451,0.421043336391,0.41635996617494087,0.31969921157278863
10986.497,-0.07027310419099281,4.0691389349195175,-3.131951841852003,-0.3696633249095554,-0.01718538955043364,0.1505011254913425,-0.09134858101606369,3.997840642929077,-3.095900599156515,-0.42049670219421387,-0.021448133513331413,0.21052512526512146,0.021761860162255273,0.0710917970404226,0.036051242695488206,0.3698118243561257,0.421043336391,0.4267626166464434,0.3139161122803418
10986.517,-0.07798711092994826,4.068775138880585,-3.1288844240061886,-0.38570033693935335,-0.018189801946236067,0.15337089228737955,-0.10186100006103516,3.9973044395446777,-3.090637509022848,-0.42049670219421387,-0.021448133513331413,0.21052512526512146,0.024780202959738335,0.07116154148893374,0.03824691498334065,0.38590034618726815,0.421043336391,0.43656254121744476,0.3163029287476352
10986.537,-0.0859264357693241,4.0684031272627434,-3.125819762198712,-0.3969662419601273,-0.018600580891663717,0.15323309037048297,-0.11279390752315521,3.996746778488159,-3.0851638952838343,-0.42049670219421387,-0.021448133513331413,0.21052512526512146,0.02799431066669187,0.07122367533653763,0.04065586691487777,0.3972102363161213,0.421043336391,0.44570929791231007,0.31904477100545847
10986.557,-0.09408860383844658,4.068010589418343,-3.1227224091873595,-0.408108403447216,-0.019626892219608692,0.15486765056424454,-0.12288524955511093,3.9962213039398193,-3.080111328755514,-0.4202571213245392,-0.02587037719786167,0.21052633225917816,0.030146119792506997,0.0712331367798992,0.04261108043184558,0.408406087006753,0.421052634716,0.45406319766555253,0.32099079887492016
10986.577,-0.10247721463518739,4.067591200193372,-3.1195786480547616,-0.41943053986603185,-0.020969461249970612,0.15718805664076285,-0.12288524955511093,3.9962213039398193,-3.080111328755514,-0.4202571213245392,-0.02587037719786167,0.21052633225917816,0.021974100479420514,0.07090337713153064,0.03946731929924763,0.41979049705486243,0.421052634716,0.460139595346864,0.31527961195913823
10986.597,-0.11105263104774962,4.067161553480138,-3.1164521771034908,-0.42877082061875266,-0.021482335661257724,0.1563235475601294,-0.12288524955511093,3.9962213039398193,-3.080111328755514,-0.4202571213245392,-0.02587037719786167,0.21052633225917816,0.013612163148633947,0.07062038572535814,0.036340848347976795,0.4291753461023877,0.421052634716,0.4641105289410238,0.30976966901456604
10986.617,-0.11982162606395785,4.066688509241092,-3.113292385102141,-0.41757119123527936,-0.022525916144346795,0.15046628577398233,-0.1438838392496109,3.9947173595428467,-3.069584910069601,-0.41995692253112793,-0.030295852571725845,0.21052762866020203,0.026089109042671872,0.0712614543890218,0.04370747503253991,0.4180413893103982,0.421048283577,0.47129333321304556,0.32093654747164563
10986.638,-0.1287354129755651,4.066188265469059,-3.110156642265182,-0.4691466795525268,-0.026328619580382257,0.16503909668002723,-0.15438276529312134,3.99396014213562,-3.064321819935934,-0.41995692253112793,-0.030295852571725845,0.21052762866020203,0.02790487086288043,0.07138631986100161,0.04583482232924796,0.46974241838759623,0.421048283577,0.4732175943274171,0.321339197200204
10986.658,-0.13777966792002813,4.065656503303005,-3.107016740165904,-0.43067880690336574,-0.025322007908727958,0.14951914759305648,-0.1648808717727661,3.993191957473755,-3.059058491383688,-0.4196193814277649,-0.034711554646492004,0.21052631735801697,0.029590034475015604,0.07148437250388764,0.047958248782216106,0.43129675274483226,0.421052634716,0.47956448975252564,0.325577149013178
10986.678,-0.14695714084840106,4.065072272534208,-3.103853403899507,-0.4370225203853861,-0.027820512799003112,0.15063506030001453,-0.1648808717727661,3.993191957473755,-3.059058491383688,-0.4196193814277649,-0.034711554646492004,0.21052631735801697,0.020623033767626225,0.07115286573047104,0.04479491251581935,0.437761018517901,0.421052634716,0.48390829323339374,0.3199132124020966
10986.697,-0.1562511711396116,4.064459970724604,-3.100655670602449,-0.5163350161775283,-0.03401676720018135,0.17765184983628513,-0.1648808717727661,3.993191957473755,-3.059058491383688,-0.4196193814277649,-0.034711554646492004,0.21052631735801697,0.011539153298393313,0.07085512957363964,0.04159717921876105,0.5172945849485153,0.421052634716,0.4769215324496991,0.3114241368976067
10986.716,-0.16566962170171393,4.063816084938583,-3.097447634300175,-0.47092252809483737,-0.032194289300332454,0.16040181511019644,-0.18584291636943817,3.991246461868286,-3.048532311116354,-0.4192211627960205,-0.03912671282887459,0.21052512526512146,0.023356188171317658,0.07160866207674774,0.04891532318382108,0.4718844957239499,0.421043097973,0.4781057422759631,0.32361265714837506
10986.738,-0.17517459914697958,4.063143803875825,-3.094254696684443,-0.4752488722529091,-0.033614053137197696,0.15964688078311665,-0.1963234543800354,3.9902682304382324,-3.043269220982687,-0.4192211627960205,-0.03912671282887459,0.21052512526512146,0.02457365608532284,0.07179316616591679,0.050985475701756044,0.4763071096975773,0.421043097973,0.4790342361753385,0.32588044417265183
10986.757,-0.1847215312891637,4.062443740268504,-3.0910730207732953,-0.47734660714220023,-0.03500318036844171,0.15908379556837596,-0.20680294930934906,3.9892795085906982,-3.03800613084902,-0.41879570484161377,-0.04353724792599678,0.21052633225917816,0.025747903594346363,0.07195581477046932,0.05306688992427544,0.4785051824453129,0.421052664518,0.47991939165213526,0.328208923678363
10986.776,-0.19430214198645482,4.061711665989459,-3.087916827683806,-0.47903053485410035,-0.036603713951466714,0.1578096544710276,-0.20680294930934906,3.9892795085906982,-3.03800613084902,-0.41879570484161377,-0.04353724792599678,0.21052633225917816,0.016368792903319267,0.07165717150468069,0.049910696834785995,0.480304425730955,0.421052664518,0.47929733487394444,0.322867438073904
10986.797,-0.2038936983413347,4.060936974749157,-3.084714584718901,-0.47957781773352565,-0.038734562014262564,0.16011214824175565,-0.20680294930934906,3.9892795085906982,-3.03800613084902,-0.41879570484161377,-0.04353724792599678,0.21052633225917816,0.006978087426796575,0.07137620397099802,0.046708453869880984,0.48100424159028227,0.421052664518,0.4744712805757449,0.317571651748213
10986.817,-0.21351288947543898,4.0601150235022345,-3.0815064427715493,-0.4809595566947158,-0.041097562345218094,0.16040709736407507,-0.22771963477134705,3.9868931770324707,-3.0274797121631067,-0.41830959916114807,-0.047945935279130936,0.21052762866020203,0.018578083745977688,0.07223659195083824,0.05402673060844254,0.482559512217467,0.421048372984,0.4739557426252491,0.327976338482916
10986.838,-0.2231468284770963,4.059271537316667,-3.0783126063430424,-0.4816969501161617,-0.04217430928131287,0.15969182143638325,-0.2381773740053177,3.985694408416748,-3.0222163836108606,-0.41830959916114807,-0.047945935279130936,0.21052762866020203,0.01965331913086106,0.07247936425750223,0.05609622273218173,0.4833998383556431,0.421048372984,0.47349565772704244,0.33046386709571923
10986.857,-0.23277837029624562,4.058396819896212,-3.0751199834231056,-0.48157709094695444,-0.043735871021755156,0.15963114599335695,-0.24863383173942566,3.984485149383545,-3.0169532934771937,-0.4177863299846649,-0.05234374850988388,0.21052631735801697,0.020729933449597587,0.07269525813094373,0.0581666899459119,0.4834186301706363,0.421052604914,0.4732300095927867,0.3329476472299413
10986.876,-0.24238772022068023,4.057500746010162,-3.071929346664216,-0.48046749621124246,-0.04480369430153078,0.15953183794099987,-0.24863383173942566,3.984485149383545,-3.0169532934771937,-0.4177863299846649,-0.05234374850988388,0.21052631735801697,0.011313356330661505,0.07240372385713989,0.054976053187022256,0.4824207685508266,0.421052604914,0.47171107442981497,0.3277322025944411
10986.898,-0.25196747875577985,4.056585557739863,-3.0686931547954783,-0.47898792674452595,-0.04575941351394645,0.1618095934333471,-0.24863383173942566,3.984485149383545,-3.0169532934771937,-0.4177863299846649,-0.05234374850988388,0.21052631735801697,0.0019266365588539538,0.07215171625919647,0.051739861318284674,0.48104862315169256,0.421052604914,0.46591484727597765,0.32256027232459666
10986.917,-0.26153083436321084,4.055633755040496,-3.0654228084919657,-0.45539788609370335,-0.045323938067644995,0.1557307763664857,-0.26949542760849,3.981659173965454,-3.0064271132098597,-0.4172026515007019,-0.05673867091536522,0.21052512526512146,0.013570685162765748,0.07315401489326342,0.05899569528210602,0.45752643065768056,0.421043157578,0.46717846655552,0.3345627844674202
10986.937,-0.2710510421394113,4.05465593901407,-3.062148857863889,-0.4760103887996317,-0.048890801320221354,0.16369753140026597,-0.27992549538612366,3.9802405834198,-3.0011637846576136,-0.4172026515007019,-0.05673867091536522,0.21052512526512146,0.014752084920273863,0.07347637075383386,0.06098507320627533,0.47838903903495056,0.421043157578,0.4665681405879056,0.33601047759253777
10986.957,-0.2805329744803192,4.053640064273893,-3.0589132087075543,-0.4990490705679866,-0.05346709158765194,0.17029732401552175,-0.29035407304763794,3.978811502456665,-2.9959006945239466,-0.41659191250801086,-0.0611269474029541,0.21052633225917816,0.015967287372310165,0.07376186938163712,0.06301251418360776,0.5017599142807494,0.421052634716,0.4639786319527655,0.33720739302949754
10986.977,-0.28998039413140714,4.05259159268749,-3.055710641142369,-0.47237098254408505,-0.052423579318993455,0.16012837825577692,-0.29035407304763794,3.978811502456665,-2.9959006945239466,-0.41659191250801086,-0.0611269474029541,0.21052633225917816,0.006700897956394112,0.07347611392132189,0.059809946618422316,0.4751267249322378,0.421052634716,0.45974912580968996,0.33354371613106837
10986.996,-0.29939020620123624,4.051520192150574,-3.052477623465668,-0.47049060352397626,-0.053570026849508984,0.16165088384621412,-0.29035407304763794,3.978811502456665,-2.9959006945239466,-0.41659191250801086,-0.0611269474029541,0.21052633225917816,-0.002529412303844231,0.07322436297279628,0.056576928941721505,0.47339122009875667,0.421052634716,0.4543795668443408,0.32840728074462255
10987.017,-0.30877033742920845,4.050434940761108,-3.049197320091345,-0.4690065613883731,-0.054262569472089024,0.1640151687125783,-0.31115177273750305,3.9755468368530273,-2.9853742758380335,-0.4159204959869385,-0.06551013886928558,0.21052762866020203,0.009280748131244977,0.07434895463420789,0.06382304425331142,0.4720125324701657,0.421048015356,0.45361101836412254,0.3394585203629512
10987.038,-0.31811721294887063,4.049331706842157,-3.0459076895871036,-0.4450893104465331,-0.05253494851989328,0.1566490716257647,-0.32154977321624756,3.9739091396331787,-2.9801111857043665,-0.4159204959869385,-0.06551013886928558,0.21052762866020203,0.010622656946549947,0.07474961721492565,0.06579650388273706,0.44807246954256563,0.421048015356,0.4554329459702728,0.3437554110027373
10987.057,-0.327410123791272,4.048203432362174,-3.042587058627541,-0.48910057064670953,-0.05938286736680939,0.1747700505011407,-0.33194607496261597,3.9722607135772705,-2.9748480955706995,-0.4152127802371979,-0.06988316029310226,0.21052631735801697,0.012020215185367902,0.07512247211300453,0.06773896305684168,0.4925750558017564,0.421052634716,0.4532054653860213,0.3436307519255777
10987.078,-0.3366546193237433,4.047035490999761,-3.039265130113697,-0.4402140729995329,-0.055616255356102894,0.15818707209669616,-0.33194607496261597,3.9722607135772705,-2.9748480955706995,-0.4152127802371979,-0.06988316029310226,0.21052631735801697,0.0029542572435695916,0.07486461175163146,0.06441703454299752,0.44359250679790024,0.421052634716,0.45444552977815017,0.341416588612251
10987.097,-0.3458563878607325,4.045817007852311,-3.035951190762349,-0.460088426839416,-0.060924157371158506,0.16569696756379124,-0.33194607496261597,3.9722607135772705,-2.9748480955706995,-0.4152127802371979,-0.06988316029310226,0.21052631735801697,-0.006076615556805864,0.07461300138564782,0.06110309519164936,0.4639476453437093,0.421052634716,0.4495372166302907,0.334856720628693
10987.117,-0.3550205401816985,4.044560744611783,-3.0325904741206573,-0.4823238063607217,-0.06611911792174935,0.17687982324475746,-0.35267022252082825,3.9685590267181396,-2.9643216768847864,-0.41444477438926697,-0.07425051927566528,0.21052512526512146,0.005931588721693647,0.07580634123296391,0.06826879723587087,0.4866541476893727,0.421043485403,0.44439251608348207,0.3444856919184688
10987.136,-0.364158379616465,4.04326129357613,-3.0292364175329967,-0.4568919717283539,-0.06497255178122006,0.16770282937937123,-0.3630313277244568,3.966702699661255,-2.9590585867511194,-0.41444477438926697,-0.07425051927566528,0.21052512526512146,0.00746380325355632,0.0762022321797873,0.07017783078187723,0.4612958413663416,0.421043485403,0.44450512080912047,0.3489208952501635
10987.157,-0.3732330116964072,4.041945006783331,-3.025881843574026,-0.4537316039872055,-0.06581433963848808,0.16772869794488257,-0.3630313277244568,3.966702699661255,-2.9590585867511194,-0.41444477438926697,-0.07425051927566528,0.21052512526512146,-0.0014465319053014042,0.07591697229449666,0.06682325682290635,0.45829593536196017,0.421043485403,0.44083744015707854,0.343727815020794
10987.176,-0.38224068815562,4.040623544961311,-3.0224856659809545,-0.4503838229917712,-0.06607309110559363,0.1698088796653032,-0.3630313277244568,3.966702699661255,-2.9590585867511194,-0.41444477438926697,-0.07425051927566528,0.21052512526512146,-0.010289578364503348,0.07567968997776013,0.06342707922983504,0.4550440913298929,0.421043485403,0.43623167917338435,0.3385859653183549
10987.197,-0.39116432816240215,4.039324033740904,-3.0190438176594734,-0.44618200032936783,-0.06497556101892346,0.17209241607029804,-0.38453808426856995,3.96260666847229,-2.948111120854513,-0.41279423236846924,-0.08295999467372894,0.21052762866020203,0.002801559919450773,0.07695201429407947,0.0709326968049604,0.4507785257133991,0.421048015356,0.43673507961063557,0.35072693112347403
10987.217,-0.3999964272480844,4.0380267629899045,-3.015573147582302,-0.4416049542744718,-0.06486353754855925,0.1735335038547705,-0.39403235912323,3.9606986045837402,-2.9432690779315394,-0.41279423236846924,-0.08295999467372894,0.21052762866020203,0.00380231058901996,0.07746455076531046,0.07230406965076286,0.44625549968996936,0.421048015356,0.43783647721314606,0.3534209822079802
10987.237,-0.4087756790921881,4.036697061431359,-3.0120753510307896,-0.43896259219560435,-0.06648507792582953,0.17488982757181307,-0.40435221791267395,3.9586246013641357,-2.9380059877978724,-0.41279423236846924,-0.08295999467372894,0.21052762866020203,0.005697076035030401,0.07798986699825755,0.07406936323291724,0.4438729098462261,0.421048015356,0.4394531053042759,0.35654989832154205
10987.257,-0.417501611174396,4.035342743634544,-3.008584131546705,-0.4362966041405525,-0.06771588984541659,0.1745609742162957,-0.4146699011325836,3.956540107727051,-2.9327426592456263,-0.4119032025337219,-0.087298683822155,0.21052631735801697,0.007643845842649818,0.07848213572822588,0.07584147230107874,0.44142322761718006,0.421052604914,0.44160023245747804,0.3596513797396399
10987.278,-0.4262041879897182,4.033921226669298,-3.0051065178376968,-0.4144084197646132,-0.06769128405728293,0.16560065280486666,-0.4146699011325836,3.956540107727051,-2.9327426592456263,-0.4119032025337219,-0.087298683822155,0.21052631735801697,-0.0008983306661261205,0.07823087845647111,0.0723638585920705,0.4197647756184117,0.421052604914,0.4448130046053225,0.35572259144171336
10987.297,-0.43489489004142956,4.032466439981002,-3.0015715910641445,-0.45740537113709756,-0.07656772043567667,0.18604877755310284,-0.4146699011325836,3.956540107727051,-2.9327426592456263,-0.4119032025337219,-0.087298683822155,0.21052631735801697,-0.009430467654821934,0.07800592532437339,0.06882893181851824,0.4636148658982721,0.421052604914,0.43980153547750034,0.3472931357792167
10987.318,-0.44358490772944115,4.030982396463651,-2.997992137284184,-0.4138103661190165,-0.07066873892544735,0.170450180007686,-0.4352198839187622,3.9519693851470947,-2.9222164789782923,-0.4109519422054291,-0.09163125604391098,0.21052512526512146,0.003028429939502527,0.07939683994193354,0.07577565830589172,0.4196643046961614,0.421043694019,0.44363592269059804,0.3618481274976291
10987.336,-0.4522758638991036,4.029458474334836,-2.9944114860033517,-0.4574187457661041,-0.08020642783137519,0.18845533056781125,-0.4454936683177948,3.949678421020508,-2.9169533888446253,-0.4109519422054291,-0.09163125604391098,0.21052512526512146,0.004990904609916746,0.07991211394347499,0.07745809715872642,0.4642356144583801,0.421043694019,0.44054804901880906,0.3614310808948919
10987.357,-0.4609627072287166,4.0279003239455875,-2.9908074843896806,-0.43434216647116664,-0.07790751946073846,0.18020008067962348,-0.45576509833335876,3.9473772048950195,-2.9116902987109583,-0.40997418761253357,-0.09595029801130295,0.21052633225917816,0.006957101240112356,0.08039021446790569,0.07911718567872228,0.4411167108845405,0.421052604914,0.4426720433323478,0.36596037981864765
10987.377,-0.4696405777224655,4.026303296370914,-2.987207197705515,-0.4132319282611582,-0.076048932124991,0.17144222305028647,-0.45576509833335876,3.9473772048950195,-2.9116902987109583,-0.40997418761253357,-0.09595029801130295,0.21052633225917816,-0.0015737539970172663,0.0801210343311646,0.07551689899455649,0.42001130195884223,0.421052604914,0.4458041907508219,0.36191231560021897
10987.397,-0.4782959230512126,4.024679665599223,-2.9836200424952155,-0.4555444909811083,-0.08545425114059774,0.1887976426450173,-0.45576509833335876,3.9473772048950195,-2.9116902987109583,-0.40997418761253357,-0.09595029801130295,0.21052633225917816,-0.010089332798106464,0.07988437805403875,0.0719297437842572,0.46331552082282823,0.421052604914,0.4407718347537149,0.3533143481235296
10987.417,-0.486950271437228,4.023020300517804,-2.979982368910912,-0.43271741933068114,-0.08296825407666024,0.18188367922773888,-0.4762144982814789,3.9423749446868896,-2.901163880025045,-0.40893664956092834,-0.10026199370622635,0.21052762866020203,0.0023805798502019426,0.08132197170459744,0.07881848888586696,0.4404291081948726,0.421048283577,0.442335634803875,0.36642909565905973
10987.438,-0.49560018787466764,4.021346238339712,-2.976350998679469,-0.43249582186254054,-0.08370310890279323,0.18156851156819778,-0.48643791675567627,3.939868211746216,-2.895900551472799,-0.40893664956092834,-0.10026199370622635,0.21052762866020203,0.004364909077889365,0.08187529296662152,0.08045044720666983,0.44037302094425707,0.421048283577,0.44420049033296966,0.36933977617804153
10987.457,-0.504247769233726,4.019646573999029,-2.9727320204865677,-0.4323790679434826,-0.08498321703230745,0.18094890964111254,-0.4966587424278259,3.9373512268066406,-2.890637461339132,-0.40786346793174744,-0.10455948859453201,0.21052631735801697,0.006349410955336514,0.0824002577538238,0.08209455914743558,0.4405115116941838,0.421052604914,0.44634813336433227,0.3721974289986886
10987.477,-0.5128900208597025,4.0179077575815985,-2.969082753190271,-0.4115357917006156,-0.0828007817798622,0.1737746331516963,-0.4966587424278259,3.9373512268066406,-2.890637461339132,-0.40786346793174744,-0.10455948859453201,0.21052631735801697,-0.0021623838461233436,0.08214702152927918,0.07844529185113869,0.41964059150565314,0.421052604914,0.4494827667582464,0.3681764623485973
10987.497,-0.521525256962664,4.016139557921026,-2.9654367030167235,-0.45448611072012957,-0.09306314003791297,0.19189737757114392,-0.4966587424278259,3.9373512268066406,-2.890637461339132,-0.40786346793174744,-0.10455948859453201,0.21052631735801697,-0.010674330999901942,0.08192681687094788,0.07479924167759133,0.4637617382115881,0.421052604914,0.4443748906010785,0.3593613721091117
10987.517,-0.5301691352593854,4.014324539003915,-2.961776885795733,-0.4321939148266315,-0.09075094585357464,0.18299086104552026,-0.5169980525970459,3.931919574737549,-2.880111281071798,-0.40673044323921204,-0.10884737968444824,0.21052512526512146,0.0017792681749083106,0.08343194687289132,0.08166560472393503,0.4414561587278348,0.421043246984,0.4458026360011348,0.3725838011929139
10987.538,-0.5388141790990438,4.012475246057554,-2.9581255108259916,-0.4322521919734885,-0.09246464731600632,0.1825687484830924,-0.5275730490684509,3.9290895462036133,-2.8746374289142054,-0.40673044323921204,-0.10884737968444824,0.21052512526512146,0.004160384336022975,0.08403707007429984,0.08348808191178625,0.44186694401035914,0.421043246984,0.44754346737808615,0.37580468807999823
10987.557,-0.5474539720511433,4.010593714262216,-2.9544699465586066,-0.4319896475955451,-0.09407658976486918,0.18277821336526048,-0.537331759929657,3.926466941833496,-2.869584862385885,-0.40557199716567993,-0.11312222480773926,0.21052633225917816,0.005704808023695591,0.08454128093966116,0.08488508417272156,0.441949964237103,0.421052575111,0.4495085386060933,0.3783070835725233
10987.578,-0.5560882064911076,4.008671232756845,-2.9507850180799258,-0.41115402097375614,-0.09154673835614363,0.17547278470893712,-0.537331759929657,3.926466941833496,-2.869584862385885,-0.40557199716567993,-0.11312222480773926,0.21052633225917816,-0.002825840226016927,0.08426959333496327,0.08120015569404071,0.4210541612882902,0.421052575111,0.452450456034549,0.37428211913588966
10987.597,-0.5647154593367304,4.006702477889444,-2.947064206835688,-0.43136264227172544,-0.09843774336786808,0.18604056220783682,-0.537331759929657,3.926466941833496,-2.869584862385885,-0.40557199716567993,-0.11312222480773926,0.21052633225917816,-0.01135737176711619,0.08401558394694295,0.07747934444980276,0.44225508144523445,0.421052575111,0.4491392848689639,0.3669339358233855
10987.617,-0.5733552424983372,4.004686934829302,-2.94329433396138,-0.454725429552683,-0.10608121369037608,0.19841436180323352,-0.5575525164604187,3.9206082820892334,-2.859058443699972,-0.40435364842414856,-0.11738511919975281,0.21052762866020203,0.0010705588816823583,0.08554414007105027,0.08423589026140821,0.466712415364522,0.421047657728,0.44541482353187983,0.376471371104374
10987.637,-0.5820093077154167,4.002638291143109,-2.9395512295405806,-0.4327032608445277,-0.1024321843074395,0.18715522103589552,-0.5676613450050354,3.9176735877990723,-2.853795353566305,-0.40435364842414856,-0.11738511919975281,0.21052762866020203,0.0029937266845552653,0.08611563417183213,0.08575587597427559,0.44445666005561063,0.421047657728,0.4467837805162279,0.38110292753798913
10987.657,-0.5906659195582565,4.000555795604203,-2.9358312178659394,-0.43283059213254393,-0.1041247769430074,0.18600058372799996,-0.5777671337127686,3.9147286415100098,-2.848532263432638,-0.40310078859329224,-0.12163491547107697,0.21052631735801697,0.004908873434425231,0.08665207451527626,0.08729895443330138,0.44497433580459755,0.421052604914,0.4483892864160791,0.3838303620465384
10987.677,-0.5993100785072276,3.9984511311560125,-2.9321079938323757,-0.43220794747842894,-0.1052332224168137,0.18616120169104883,-0.5777671337127686,3.9147286415100098,-2.848532263432638,-0.40310078859329224,-0.12163491547107697,0.21052631735801697,-0.003661395724548818,0.08637214785039443,0.08357573039973776,0.44464297381262247,0.421052604914,0.4459921708701259,0.37813656537935847
10987.697,-0.6079500726420364,3.996318510298347,-2.928367112486646,-0.41142829212120613,-0.10155337417144183,0.17813720693408328,-0.5777671337127686,3.9147286415100098,-2.848532263432638,-0.40310078859329224,-0.12163491547107697,0.21052631735801697,-0.012233882163867962,0.0861292552998493,0.07983484905400795,0.4236009172017388,0.421052604914,0.44436527437035894,0.3740940130621482
10987.72,-0.6165889484887723,3.9941566461852958,-2.924600203600402,-0.3926761748690364,-0.09826655059760103,0.17122313120048624,-0.597859799861908,3.9084455966949463,-2.838005844746725,-0.4017886519432068,-0.1258728802204132,0.21052512526512146,0.0001631003880361373,0.08773333694376234,0.08659435885367728,0.40462382913157763,0.421044051647,0.44978313903322237,0.38748782777462554
10987.737,-0.6252329796807439,3.9919573878405483,-2.920858426334484,-0.5084724230079666,-0.12936813791380622,0.2201045450327138,-0.6079045534133911,3.9052987098693848,-2.832742754613058,-0.4017886519432068,-0.1258728802204132,0.21052512526512146,0.002065593212463926,0.0883500659269337,0.0881156717214262,0.5244599828917259,0.421044051647,0.441792464581085,0.3801671029884081
10987.758,-0.6339030238828157,3.989715416169485,-2.917102828113287,-0.4335022101335567,-0.11209858356091469,0.18777991107282846,-0.6179460287094116,3.902141571044922,-2.827479664479391,-0.40045100450515747,-0.13009363412857056,0.21052633225917816,0.003938128552446015,0.08892859601033527,0.08962316363389622,0.4475788430504405,0.421052694321,0.443119846064248,0.3895394722646721
10987.778,-0.6425782864333753,3.98744686114693,-2.9133604014141534,-0.4337631275185126,-0.11342775112527229,0.18712133495260136,-0.6179460287094116,3.902141571044922,-2.827479664479391,-0.40045100450515747,-0.13009363412857056,0.21052633225917816,-0.00469265977450466,0.08866633850683293,0.0858807369347625,0.44817843618516195,0.421052694321,0.44042302223451313,0.38377764061899394
10987.797,-0.651246211176991,3.985152994753507,-2.90962930048048,-0.43339623717132303,-0.11469331966865175,0.1865550466796064,-0.6179460287094116,3.902141571044922,-2.827479664479391,-0.40045100450515747,-0.13009363412857056,0.21052633225917816,-0.013324909867968585,0.08844345874914,0.08214963600108893,0.44815525237872555,0.421052694321,0.43635571203633294,0.3781485393216032
10987.817,-0.6598827808247387,3.9828485204192456,-2.90581915447531,-0.43182848237796045,-0.11522371671054922,0.1905073002543328,-0.6379022002220154,3.8954367637634277,-2.816953245793478,-0.3990541994571686,-0.13430336117744446,0.21052762866020203,-0.0009535018613291285,0.09012797545429048,0.0888659086818322,0.4467971944534659,0.421048283577,0.43421630983362486,0.3899823484586428
10987.837,-0.6684767342009823,3.9805254189307804,-2.9020257092858452,-0.4296976688418804,-0.11615507443129194,0.18967225948634964,-0.6478785276412964,3.8920793533325195,-2.811690155659811,-0.3990541994571686,-0.13430336117744446,0.21052762866020203,0.0009767171450063422,0.09080770152859283,0.0903355536260344,0.44498736054343535,0.421048283577,0.4353570122419796,0.39308862554283747
10987.857,-0.6769864029690117,3.9782104186667544,-2.8981844441678444,-0.40522232227475863,-0.11023810780739979,0.18291738656589288,-0.6578514575958252,3.888711452484131,-2.8064268271075647,-0.39762353897094727,-0.13849475979804993,0.21052631735801697,0.0029994144214380188,0.09147247998891084,0.09175761706027963,0.41984593820037813,0.421052575111,0.4394719320990523,0.39824039594819005
10987.877,-0.6854382419603746,3.9758717980911236,-2.8943184033883576,-0.422591949558922,-0.11693102877898935,0.1933020389701218,-0.6578514575958252,3.888711452484131,-2.8064268271075647,-0.39762353897094727,-0.13849475979804993,0.21052631735801697,-0.0054141390073419,0.09126140266682153,0.0878915762807928,0.43835832352500415,0.421052575111,0.437552437872562,0.39084257881176626
10987.898,-0.6938639347487751,3.9735033353831373,-2.890466214836848,-0.4212846394108263,-0.1184231353967299,0.19260942757128102,-0.6578514575958252,3.888711452484131,-2.8064268271075647,-0.39762353897094727,-0.13849475979804993,0.21052631735801697,-0.0138125003506223,0.0910811547484693,0.0840393877292831,0.4374978387640112,0.421052575111,0.4345198741821148,0.38524719754712267
10987.918,-0.7022628128824941,3.971119864407505,-2.886601593062816,-0.41994390671498166,-0.11917354878985226,0.1932310887149518,-0.6776618361473083,3.8815882205963135,-2.7959006468402308,-0.3961339592933655,-0.14267171919345856,0.21052512526512146,-0.0012223461040942463,0.09284195802470466,0.09070094622258518,0.43642520132150786,0.421043157578,0.43342036025100056,0.3972491628943185
10987.936,-0.710679225282425,3.968679159692285,-2.8828010938047144,-0.4429690736751428,-0.12845814290473925,0.20002627673973583,-0.6875652074813843,3.878021478652954,-2.7906375567065638,-0.3961339592933655,-0.14267171919345856,0.21052512526512146,0.000856117824681011,0.09355394172671802,0.09216353709815062,0.4610922260905947,0.421043157578,0.4303661383569312,0.3980648264614673
10987.958,-0.7190928489908527,3.9662065354988973,-2.8790082259184278,-0.42068118541220173,-0.12363120966668507,0.18964339431019211,-0.6875652074813843,3.878021478652954,-2.7906375567065638,-0.3961339592933655,-0.14267171919345856,0.21052512526512146,-0.007556112865991085,0.09334613858338331,0.08837066921186398,0.438353071146801,0.421043157578,0.428189512439576,0.394455335528847
10987.976,-0.7274860338258677,3.9637088487530514,-2.8752030150713215,-0.41965924174159247,-0.12488433728957102,0.19026054235116088,-0.7072949409484863,3.870680332183838,-2.7801111380206507,-0.3930472731590271,-0.15098066627979279,0.21052762866020203,0.0050108656598237995,0.09506248656536749,0.09509187705067079,0.437732677121074,0.421047896147,0.43071484280036515,0.40639532993043637
10987.996,-0.7358297643688252,3.9611931139065906,-2.8713846633927718,-0.4171865271767091,-0.12578674233173645,0.19091758394068223,-0.7072949409484863,3.870680332183838,-2.7801111380206507,-0.3930472731590271,-0.15098066627979279,0.21052762866020203,-0.003338701193512525,0.09484541568869329,0.09127352537212108,0.43562557241796634,0.421047896147,0.4294398326754949,0.400893283585532
10988.022,-0.7441409096264429,3.9586410001710806,-2.8675079594249064,-0.33244581028535586,-0.10208454941445824,0.15506815870558685,-0.7171211242675781,3.866905927658081,-2.7748480478869837,-0.3930472731590271,-0.15098066627979279,0.21052762866020203,-0.001181670222544333,0.09562424371094157,0.09265991153792275,0.3476675269899156,0.421047896147,0.4425891478984838,0.41202024977896257
10988.037,-0.7524380557471269,3.9560526260266196,-2.863595924968555,-0.5531430747337311,-0.17255827630409634,0.26080229710020336,-0.7269473075866699,3.863131284713745,-2.7695847193347376,-0.3930472731590271,-0.15098066627979279,0.21052762866020203,0.000988303823422635,0.09634924581290791,0.0940112056338176,0.5792614619914153,0.421047896147,0.43149568208440514,0.39379832759209393
10988.059,-0.7607560237902842,3.9534105684200167,-2.8596605479432586,-0.3780894564926458,-0.12009352756824973,0.17888077387025378,-0.7367696166038513,3.859346866607666,-2.7643216292010706,-0.39144155383110046,-0.15510910749435425,0.21052631735801697,0.003130233326284603,0.09702334444698966,0.09533891874218803,0.3965738295617567,0.421052634716,0.4384832612323475,0.4134842170329915
10988.078,-0.7691260214426942,3.950707218540264,-2.8557366898838543,-0.4649998696245708,-0.15018610444563565,0.21799211443302766,-0.7367696166038513,3.859346866607666,-2.7643216292010706,-0.39144155383110046,-0.15510910749435425,0.21052631735801697,-0.005281721736355528,0.09677682705504957,0.09141506068278371,0.4884797678388484,0.421052634716,0.4321016604308768,0.3992246284439614
10988.096,-0.7775384226080019,3.947954924432457,-2.851802174113629,-0.420620058256205,-0.1376147053873504,0.1967257885069709,-0.7367696166038513,3.859346866607666,-2.7643216292010706,-0.39144155383110046,-0.15510910749435425,0.21052631735801697,-0.013749019638114725,0.09656318094116566,0.08748054491255841,0.44240538764811205,0.421052634716,0.4288843635503058,0.3975472537513864
10988.116,-0.7859813524003986,3.945160326653372,-2.8478746399077846,-0.42214648961062,-0.1397298889512042,0.19637671028793666,-0.7562626004219055,3.851396083831787,-2.7537954489337366,-0.38977712392807007,-0.15922033786773682,0.21052512526512146,-0.0013000514638062087,0.09835266807390512,0.09407919097404793,0.4445212979612162,0.421043127775,0.4270997949849816,0.4091876121692274
10988.137,-0.7944149367428572,3.9423434396619665,-2.8439894024372263,-0.42167921711372897,-0.1408443495671939,0.1942618735236719,-0.7660070061683655,3.8474154472351074,-2.7485321203814905,-0.38977712392807007,-0.15922033786773682,0.21052512526512146,0.000676527116576342,0.09908519857566771,0.09545728205573578,0.44444279619981464,0.421043127775,0.4284351953652686,0.4121568314995148
10988.157,-0.8028081563078444,3.9395185175992706,-2.840068397758432,-0.4196609782401985,-0.14124610313171249,0.19605023393543586,-0.7757473587989807,3.8434250354766846,-2.7432690302478235,-0.3880896270275116,-0.16331495344638824,0.21052633225917816,0.0026975140268002337,0.09979462654038397,0.09679936751060847,0.44267465267116285,0.421052634716,0.4302479747210347,0.41522260415902945
10988.177,-0.8111314737183875,3.9367053107553933,-2.836138837798686,-0.4161658705559181,-0.14066034220358836,0.1964779980008797,-0.7757473587989807,3.8434250354766846,-2.7432690302478235,-0.3880896270275116,-0.16331495344638824,0.21052633225917816,-0.005694399170805175,0.09960330899515837,0.0928698075508625,0.4392020165457171,0.421052634716,0.4283883353576867,0.4097962937545066
10988.197,-0.8193931752649871,3.933882785828539,-2.832194973434631,-0.41308507732096644,-0.14112624633964604,0.19719321819844707,-0.7757473587989807,3.8434250354766846,-2.7432690302478235,-0.3880896270275116,-0.16331495344638824,0.21052633225917816,-0.014030362714021034,0.0994520528486753,0.08892594318680747,0.43644143755287756,0.421052634716,0.4256094928950759,0.404347029139852
10988.217,-0.8275970863129543,3.9310592874897976,-2.8282049151025026,-0.41019555238940325,-0.14117491693397755,0.19950291660206523,-0.7954550385475159,3.8348982334136963,-2.732532326375143,-0.3863397538661957,-0.16739095747470856,0.21052512526512146,-0.0009317266288620604,0.10138634740965706,0.09567258872735973,0.43373867990565235,0.421044111252,0.4278149010728292,0.41699615325808825
10988.237,-0.8357623816091133,3.928226481061755,-2.824205557854723,-0.4082647647990414,-0.14164032139904498,0.19996786238461847,-0.8047271966934204,3.830880880355835,-2.7274797598468226,-0.3863397538661957,-0.16739095747470856,0.21052512526512146,0.0008950190690386328,0.10216921072619532,0.09672579800790038,0.4320774694514753,0.421044111252,0.43046086527235405,0.4198732870629699
10988.257,-0.8439104362141446,3.9253651754161263,-2.8201803419223985,-0.40740273027972623,-0.14306528229131824,0.201260796630132,-0.8143813610076904,3.826686382293701,-2.7222166697131556,-0.38456568121910095,-0.17144840955734253,0.21052633225917816,0.0031564106168489765,0.10295390991441095,0.09796367220924296,0.43173502468328645,0.421052634716,0.4336305634141516,0.4228952077409258
10988.277,-0.8520404966695286,3.922486419532845,-2.8161077093900238,-0.40650302276032707,-0.14393779416091998,0.20363162661429396,-0.8143813610076904,3.826686382293701,-2.7222166697131556,-0.38456568121910095,-0.17144840955734253,0.21052633225917816,-0.005048056043670673,0.10281232787948168,0.09389103967686818,0.43118663837438764,0.421052634716,0.43276069837231274,0.41714202566427866
10988.297,-0.8601709400215182,3.919569065847348,-2.8119996773872207,-0.4065221675906033,-0.14586768427166344,0.20540160013567027,-0.8143813610076904,3.826686382293701,-2.7222166697131556,-0.38456568121910095,-0.17144840955734253,0.21052633225917816,-0.013262698382569736,0.10270335574850253,0.08978300767406511,0.4318520039616632,0.421052634716,0.43060604696340776,0.41129695714281966
10988.317,-0.8683103274436583,3.9166043893619156,-2.8078645940265603,-0.4069693710981244,-0.1482338242683907,0.2067541680285057,-0.8339053392410278,3.81774640083313,-2.711479727421896,-0.38273385167121887,-0.17548768222332,0.21052762866020203,-0.00012410555141270652,0.10467372978447255,0.0963848666046645,0.43307255167429914,0.421047657728,0.4330574821763687,0.42353683204751363
10988.337,-0.8764415100227305,3.913600433907539,-2.803706985301873,-0.4065591289817117,-0.15019777272921164,0.2078804362487335,-0.8430909514427185,3.813534736633301,-2.7064269224749964,-0.38273385167121887,-0.17548768222332,0.21052762866020203,0.001706243442245653,0.10546322705992875,0.09728006282687662,0.4333608426239659,0.421047657728,0.43575767157669254,0.42608693997266917
10988.357,-0.8845506204953913,3.9105684669980585,-2.7995528582908484,-0.40545552362419124,-0.15159834547071532,0.2077063505466951,-0.8526548147201538,3.8091378211975098,-2.7011638323413294,-0.3808712661266327,-0.17950598895549774,0.21052631735801697,0.003972634251166892,0.10625317176759715,0.09838902594951904,0.4328159959477619,0.421052634716,0.4388529099925662,0.4290100285422014
10988.377,-0.8926315601849734,3.907519397961299,-2.7954091564505985,-0.4040469844702811,-0.15245345183463616,0.20718509200797383,-0.8526548147201538,3.8091378211975098,-2.7011638323413294,-0.3808712661266327,-0.17950598895549774,0.21052631735801697,-0.004223234092209628,0.10610956186079917,0.09424532410926911,0.43180572205370726,0.421052634716,0.43806162535102955,0.42323390963498664
10988.397,-0.9006937811722575,3.904441062444909,-2.7912668898298687,-0.40311104935540853,-0.15391677581614735,0.20711333103196947,-0.8526548147201538,3.8091378211975098,-2.7011638323413294,-0.3808712661266327,-0.17950598895549774,0.21052631735801697,-0.012412690895526879,0.10600176977191675,0.0901030574885393,0.43145129371392577,0.421052634716,0.43613596712885216,0.4174557388488792
10988.417,-0.9087595999983509,3.901324647894496,-2.7871366437173855,-0.40329094133254423,-0.15582072753142082,0.20651230563843692,-0.8716071248054504,3.7999725341796875,-2.6906376520739954,-0.37895119190216064,-0.1835031807422638,0.21052512526512146,0.0003344085333818747,0.1079464938678018,0.09649899164339004,0.43230283175698536,0.421043246984,0.4387957001391318,0.4294105214439339
10988.437,-0.9168262966575516,3.8981434802536166,-2.7830034741405183,-0.40333483295122996,-0.15905838204050313,0.20665847883884694,-0.8814598917961121,3.795201539993286,-2.6851637999164026,-0.37895119190216064,-0.1835031807422638,0.21052512526512146,0.0030109843182321294,0.10880606431086481,0.09783967422411566,0.4335019649751379,0.421043246984,0.4417377089838654,0.4325908122681626
10988.456,-0.9248923040104317,3.8948928411246193,-2.7788352439925337,-0.40330036763520183,-0.16253195644631513,0.2084115073946818,-0.8905499577522278,3.790787696838379,-2.6801112333880823,-0.3770081102848053,-0.18748390674591064,0.21052633225917816,0.0048346674518885,0.10951668276571817,0.09872401060445135,0.4347293874089196,0.421052634716,0.444833522756042,0.43490204836043905
10988.477,-0.9329649501702603,3.8915701629114787,-2.774620458819548,-0.4036323079826201,-0.16613391065340286,0.2107392586446729,-0.8905499577522278,3.790787696838379,-2.6801112333880823,-0.3770081102848053,-0.18748390674591064,0.21052633225917816,-0.003431087186157075,0.10929027719938429,0.09450922543146589,0.4363649809737137,0.421052634716,0.44376914222209224,0.42866138577066504
10988.497,-0.9410538895621465,3.888175885192117,-2.770359700247473,-0.40444696962226917,-0.16971388597982334,0.21303792861849088,-0.8905499577522278,3.790787696838379,-2.6801112333880823,-0.3770081102848053,-0.18748390674591064,0.21052633225917816,-0.011734649179313487,0.10907522343650047,0.09024846685939059,0.43846256071453343,0.421052634716,0.4413095136553081,0.42236146505704514
10988.517,-0.9491741909302808,3.884731871987982,-2.7660566310048686,-0.4060150683978496,-0.1722006602029751,0.21515346212551678,-0.9093053936958313,3.7812254428863525,-2.6695848147021692,-0.37500855326652527,-0.19144263863563538,0.21052762866020203,0.0008727954183190903,0.1109159144868314,0.09647181630269941,0.4408785997198428,0.421048343182,0.4432593168438753,0.43375094230416866
10988.538,-0.957317174977161,3.8812456507071045,-2.7617568738439777,-0.4071492023351221,-0.17431106404008123,0.21498785803985362,-0.9190555810928345,3.776247978210449,-2.6641112009631556,-0.37500855326652527,-0.19144263863563538,0.21052762866020203,0.0033952534403915505,0.11170019270511361,0.09764567288082215,0.44275881847420373,0.421048343182,0.4455077399723425,0.43653350244293754
10988.557,-0.965463704598283,3.877723798484915,-2.757456310561068,-0.40732648104721175,-0.17609261110562477,0.21502816414079848,-0.9280508756637573,3.771643877029419,-2.6590586344348353,-0.3729778230190277,-0.19537882506847382,0.21052631735801697,0.005068085404407605,0.1123698536762505,0.09839767612623262,0.4436337350086351,0.421052664518,0.447701463366062,0.4386420717951487
10988.577,-0.9736050724369334,3.87416643680786,-2.753150801152694,-0.4070683919606563,-0.17786808386505584,0.21527547043356562,-0.9280508756637573,3.771643877029419,-2.6590586344348353,-0.3729778230190277,-0.19537882506847382,0.21052631735801697,-0.0033303315806225073,0.11213816923214125,0.09409216671785892,0.44410889892922256,0.421052664518,0.44585931964872644,0.43242575270538985
10988.596,-0.9817438575502925,3.8705661581009934,-2.748824075284154,-0.40693925565907146,-0.18001393533939677,0.2163362934222886,-0.9280508756637573,3.771643877029419,-2.6590586344348353,-0.3729778230190277,-0.19537882506847382,0.21052631735801697,-0.01174214948993231,0.11194050170348283,0.0897654408493187,0.44485193428625996,0.421052664518,0.4429801973147536,0.42622564819257847
10988.617,-0.9898856387479995,3.866920251187105,-2.744472219346314,-0.4070890598764657,-0.1822953456904485,0.21759279688724703,-0.9469715356826782,3.7614896297454834,-2.6483216921435755,-0.37089085578918457,-0.19929370284080505,0.21052512526512146,0.0012023545719139009,0.11382350602116811,0.09615052720273853,0.4459141544262298,0.42104396224,0.44461691380635193,0.43799597716675276
10988.636,-0.9980236101773631,3.863238802011093,-2.740130643534041,-0.4068985714592966,-0.1840724587965703,0.21707879060891783,-0.9558728933334351,3.756706476211548,-2.643269125615255,-0.37089085578918457,-0.19929370284080505,0.21052512526512146,0.0028297119488272376,0.11453301751461935,0.09686151791878572,0.44647532835457265,0.42104396224,0.44628008137085057,0.44015442857989445
10988.657,-1.0061574291138333,3.8595121670201915,-2.7357969230143206,-0.4066909468146353,-0.18633174954100948,0.2166860259812828,-0.9651400446891785,3.7517147064208984,-2.638006035481588,-0.36878225207328796,-0.20318706333637238,0.21052633225917816,0.004866742741404931,0.11523468727681367,0.09779088753273246,0.44721745176257355,0.421052634716,0.44826342031753297,0.44257093424332206
10988.677,-1.014295178062373,3.8557179234205368,-2.731517539913341,-0.4068874474551093,-0.18971217999585047,0.2139691550637774,-0.9651400446891785,3.7517147064208984,-2.638006035481588,-0.36878225207328796,-0.20318706333637238,0.21052633225917816,-0.003615907557224636,0.11497748255962126,0.09351150443175271,0.4487868802471059,0.421052634716,0.44595552539720507,0.43623284892106134
10988.697,-1.0224496668882788,3.851839216753773,-2.72728939254376,-0.40772444128638763,-0.19393533333394672,0.21140736847442948,-0.9651400446891785,3.7517147064208984,-2.638006035481588,-0.36878225207328796,-0.20318706333637238,0.21052633225917816,-0.012155711725387382,0.11472379456089668,0.08928335706217183,0.4512988390546127,0.421052634716,0.44247394211958957,0.4298689014947451
10988.717,-1.0306255986726887,3.8478793019587454,-2.7231158249320657,-0.40879658921157164,-0.1979957397470669,0.20867838058015978,-0.9834762811660767,3.7413713932037354,-2.627479616795675,-0.36661678552627563,-0.20705655217170715,0.21052762866020203,0.00020077824450879383,0.11647726154405152,0.09563620813639062,0.4539804787489094,0.421046644449,0.44034471000393743,0.4410789045000305
10988.737,-1.0388113221383886,3.843866489548835,-2.719017334432933,-0.4092861732760612,-0.20064062049113845,0.20492452495216698,-0.9926416873931885,3.7361950874328613,-2.622216526662008,-0.36661678552627563,-0.20705655217170715,0.21052762866020203,0.0020488228758730395,0.11713482970896485,0.09680080777092481,0.455568486564668,0.421046644449,0.4411528403839853,0.44351788981123547
10988.757,-1.0469820759724469,3.839833448555752,-2.7149365382651505,-0.4085376917311537,-0.2016520496680826,0.20403980840322616,-1.00180184841156,3.7310092449188232,-2.616953198109762,-0.3644231855869293,-0.21090534329414368,0.21052631735801697,0.0039045819698427797,0.11776550640703781,0.09798334015538845,0.45536364670743323,0.421052634716,0.4423175456192291,0.4460999384510251
10988.778,-1.0551174595926898,3.835796065266406,-2.7108526064823377,-0.3873992199997554,-0.19225634710586817,0.19447294203277268,-1.00180184841156,3.7310092449188232,-2.616953198109762,-0.3644231855869293,-0.21090534329414368,0.21052631735801697,-0.004692561488876312,0.11747685721386601,0.09389940837257571,0.432288374039533,0.421052634716,0.4416545085711492,0.4422174732429068
10988.797,-1.0632178289209682,3.831744595137138,-2.7067382526366295,-0.42633522779890193,-0.21323526995885994,0.21654493924514856,-1.00180184841156,3.7310092449188232,-2.616953198109762,-0.3644231855869293,-0.21090534329414368,0.21052631735801697,-0.013262457668660237,0.11723327455174781,0.08978505452686747,0.4764882048864012,0.421052634716,0.43572205132785224,0.43216782345203403
10988.817,-1.0712865355624162,3.8276651811947993,-2.702594350039881,-0.4034353320635932,-0.20397069711247637,0.20719512983290042,-1.0210026502609253,3.7196381092071533,-2.605795447026388,-0.3621737062931061,-0.21472887694835663,0.21052512526512146,0.00039920644944846373,0.11915602392429954,0.09679890301349303,0.4518750052450823,0.421044290066,0.43388717631804186,0.4470062649942222
10988.837,-1.0793121854971273,3.8235772553347545,-2.6984272769067585,-0.4012824967632928,-0.20439629301636847,0.20835365667052566,-1.02897047996521,3.714914083480835,-2.601163927708761,-0.3621737062931061,-0.21472887694835663,0.21052512526512146,0.0011162590712647386,0.11975277115333295,0.0972633491979975,0.45016353272428455,0.421044290066,0.43514808585829184,0.44877567651361117
10988.863,-1.0872870756276911,3.819473585402914,-2.6942607132333,-0.30672654348511336,-0.15783345891791073,0.16025244898016697,-1.0380192995071411,3.7095367908477783,-2.595900837575094,-0.35990267992019653,-0.2185300588607788,0.21052633225917816,0.0031343851776258203,0.12043084401631102,0.09835987565820581,0.3448186886841047,0.421052634716,0.45067093093346255,0.4617949668780073
10988.878,-1.095201808065567,3.815350996637947,-2.690073335903894,-0.5276488291482151,-0.2748392509751487,0.27915848860403925,-1.0380192995071411,3.7095367908477783,-2.595900837575094,-0.35990267992019653,-0.2185300588607788,0.21052633225917816,-0.005281735520559043,0.12016067868454078,0.09417249832879993,0.5946920753610977,0.421052634716,0.4381343423453359,0.4317501203839955
10988.897,-1.103099252336401,3.8111637080717924,-2.68578557288186,-0.4156549616177455,-0.22038360874227136,0.22567173799903206,-1.0380192995071411,3.7095367908477783,-2.595900837575094,-0.35990267992019653,-0.2185300588607788,0.21052633225917816,-0.01370082163244108,0.11989878252639317,0.08988473530676577,0.47022913683539175,0.421052634716,0.4324912356625942,0.43728938396573813
10988.917,-1.11099595355972,3.8069029548515223,-2.6814898140315884,-0.3948350611932462,-0.2130376610282298,0.21478794252841885,-1.0559039115905762,3.6984307765960693,-2.585374418889181,-0.35757720470428467,-0.22230581939220428,0.21052762866020203,-0.001196832675715201,0.12165489770395194,0.09611539514240741,0.4483722116287324,0.421047896147,0.43090433175049475,0.45065580166689706
10988.937,-1.1188725938032857,3.802611546817381,-2.677224677859405,-0.39383201216968916,-0.2145704017023868,0.21325680860451968,-1.0648432970046997,3.692873239517212,-2.580111090336935,-0.35757720470428467,-0.22230581939220428,0.21052762866020203,0.0008393026633946588,0.12231498915789202,0.09711358752247001,0.44822411991017946,0.421047896147,0.4323667592279972,0.4531509198560172
10988.957,-1.1267135821058303,3.798302797782146,-2.6729516833299645,-0.3920494151186693,-0.2154374517570327,0.213649726467357,-1.0737770795822144,3.6873064041137695,-2.574848000203268,-0.3552226126194,-0.2260580062866211,0.21052631735801697,0.0029051622644281627,0.12293914242028608,0.0981036831266966,0.4470873425658584,0.421052634716,0.43424994712452725,0.4556792209705855
10988.977,-1.13448609171375,3.7940094286997645,-2.6687298411418956,-0.3886254803875048,-0.21466845411439667,0.21109210939883577,-1.0737770795822144,3.6873064041137695,-2.574848000203268,-0.3552226126194,-0.2260580062866211,0.21052631735801697,-0.005450811289793231,0.12264341917147231,0.09388184093862773,0.44374878897534853,0.421052634716,0.4324510875614321,0.44981541919184864
10988.997,-1.1422019056431751,3.7897132469523545,-2.6644592358112433,-0.367419710945628,-0.20458008322148705,0.20336215861390333,-1.0737770795822144,3.6873064041137695,-2.574848000203268,-0.3552226126194,-0.2260580062866211,0.21052631735801697,-0.013754030291241198,0.12239258528353336,0.08961123560797546,0.42033470264876993,0.421052634716,0.4317347183592541,0.4457737532374423
10989.017,-1.1498746678184975,3.7854011722584824,-2.660111533984843,-0.38363810875774157,-0.21560373468889732,0.21738509131526532,-1.091423749923706,3.6758265495300293,-2.564321819935934,-0.35281336307525635,-0.22978255152702332,0.21052512526512146,-0.0010624564692377006,0.12418526053875092,0.09578971404890924,0.43986674613852206,0.421043097973,0.4337816851211477,0.45551467235312865
10989.039,-1.1575259789285264,3.7810571153161305,-2.65576215760082,-0.3643481480855066,-0.20685985439139995,0.20711316113763736,-1.1002440452575684,3.6700820922851562,-2.559058491383688,-0.35281336307525635,-0.22978255152702332,0.21052512526512146,0.0011653054095108265,0.12488121446042985,0.09670366621713233,0.4187802423265567,0.421043097973,0.43868486675044266,0.4600740981047437
10989.058,-1.1651484750245298,3.776690307260102,-2.651396798925245,-0.40118400504789464,-0.22983200294604694,0.22975571976428824,-1.1090584993362427,3.6643285751342773,-2.553795401250021,-0.3503851592540741,-0.23348569869995117,0.21052633225917816,0.0034148984966809945,0.1255371765147106,0.09760139767522436,0.46214544985050693,0.421052634716,0.4391745518611029,0.45826439837428573
10989.077,-1.1727408621119102,3.7722989193958876,-2.647010313741577,-0.39959932042180224,-0.23112567708321893,0.23086764126496445,-1.1090584993362427,3.6643285751342773,-2.553795401250021,-0.3503851592540741,-0.23348569869995117,0.21052633225917816,-0.004801472077363998,0.12525966802827096,0.09321491249155622,0.46142120632792205,0.421052634716,0.43610995259760493,0.45211950944922547
10989.098,-1.1803251502919623,3.767868276913508,-2.6425829761596265,-0.3611565799914684,-0.21098297534496976,0.21082559913407553,-1.1090584993362427,3.6643285751342773,-2.553795401250021,-0.3503851592540741,-0.23348569869995117,0.21052633225917816,-0.013026608187089714,0.12501885002717175,0.08878757490960565,0.41808324719195245,0.421052634716,0.43578282594724926,0.4498040973856145
10989.117,-1.1878980874271758,3.7634118076500953,-2.638120787933479,-0.3985756386905665,-0.23455101386095786,0.2348520118996116,-1.1264598369598389,3.652479648590088,-2.5432689825641077,-0.34790217876434326,-0.23716172575950623,0.21052762866020203,-0.0002931660573450706,0.12680897676373246,0.09485180536937143,0.46228120220808866,0.421048223972,0.4331050104213165,0.4571094304291945
10989.137,-1.1954510147033166,3.758941341150834,-2.633649131078249,-0.37764636379879496,-0.22352332495819177,0.22358284275663573,-1.1351573467254639,3.646550416946411,-2.5380058924304407,-0.34790217876434326,-0.23716172575950623,0.21052762866020203,0.0019834725442767834,0.12752690727220647,0.0956432386478081,0.438684817331529,0.421048223972,0.43576414296858096,0.46179949178026075
10989.157,-1.2029718303577852,3.754462228325422,-2.6291787165469183,-0.37604078271522207,-0.2239556412657127,0.22352072656164945,-1.1438487768173218,3.6406126022338867,-2.5327428022967737,-0.3453923463821411,-0.24080996215343475,0.21052631735801697,0.0042889899389278036,0.12821418558971798,0.09643591425014453,0.4375449825851203,0.421052634716,0.4388790693440276,0.4643004515405941
10989.177,-1.2104518178084298,3.749965726616593,-2.6246936911388885,-0.37399937255808136,-0.22482508545697824,0.22425127041698822,-1.1438487768173218,3.6406126022338867,-2.5327428022967737,-0.3453923463821411,-0.24080996215343475,0.21052631735801697,-0.003860893034034675,0.1279811094908253,0.09195088884211478,0.4362440894156972,0.421052634716,0.4381404902878247,0.45809594980764246
10989.197,-1.217898713324163,3.7454420160173445,-2.620172234825516,-0.37234477577853187,-0.2261855299574933,0.22607281566368623,-1.1438487768173218,3.6406126022338867,-2.5327428022967737,-0.3453923463821411,-0.24080996215343475,0.21052631735801697,-0.01199280683486309,0.12778408224451232,0.08742943252874236,0.43553061448183406,0.421052634716,0.4363081856413135,0.45185876314711065
10989.216,-1.2253198227220374,3.7408852259706187,-2.6156386462188146,-0.3710554698856225,-0.2278395023313179,0.22667943033012705,-1.160996675491333,3.6284000873565674,-2.5222163836108606,-0.3428296744823456,-0.24442850053310394,0.21052512526512146,0.0008422708160131659,0.12957493684566357,0.09342226260795394,0.4352897683098232,0.421043306589,0.4391734421172045,0.46325405764179045
10989.238,-1.2327181312908406,3.7363021586327165,-2.61110902498402,-0.35230040805802143,-0.21824130181711376,0.21569624928803538,-1.1695674657821655,3.6222894191741943,-2.5169532934771937,-0.3428296744823456,-0.24442850053310394,0.21052512526512146,0.0032134147979006877,0.1302942258059123,0.09415573150682643,0.4143004223337933,0.421043306589,0.44472423273261047,0.4676601681927115
10989.257,-1.2400957704559326,3.731690122441728,-2.6065741292525955,-0.38829679815797497,-0.2427387468911681,0.23867872270363447,-1.1781319379806519,3.6161701679229736,-2.5116902033435267,-0.3402465283870697,-0.24802742898464203,0.21052633225917816,0.005593698588064966,0.13096979408682585,0.0948839259090688,0.45779793025467186,0.421052604914,0.4460064919282407,0.4658247558083796
10989.278,-1.2474587212928534,3.7270401582239767,-2.6020414460744656,-0.35061670650935006,-0.22142686750520596,0.2158420560948393,-1.1781319379806519,3.6161701679229736,-2.5116902033435267,-0.3402465283870697,-0.24802742898464203,0.21052633225917816,-0.002518605269082798,0.13073643050527275,0.09035124273093897,0.41456614023089294,0.421052604914,0.45067770714826605,0.4635100877406792
10989.298,-1.2548110928103116,3.7223441247977673,-2.5974864735778787,-0.38696692196673993,-0.24715965400799175,0.23973539455427192,-1.1781319379806519,3.6161701679229736,-2.5116902033435267,-0.3402465283870697,-0.24802742898464203,0.21052633225917816,-0.01064461665755266,0.1305346468952026,0.08579627023435199,0.45902822642531066,0.421052604914,0.4469659544229775,0.453201155969952
10989.318,-1.2621683265790165,3.7175962435051755,-2.592918647665987,-0.35034446519608803,-0.22608958537420676,0.21751551962609136,-1.195019006729126,3.6035990715026855,-2.5011637846576136,-0.3376108407974243,-0.25159555673599243,0.21052762866020203,0.002163015017677454,0.13228646093573396,0.09175486300837354,0.4168382556867859,0.421047985554,0.4521343161224819,0.4682562075645674
10989.336,-1.2695437754568704,3.7127809957444384,-2.5883826316750627,-0.3881815198822909,-0.25343409266726546,0.23873768372994067,-1.2034592628479004,3.5973093509674072,-2.4959006945239466,-0.3376108407974243,-0.25159555673599243,0.21052762866020203,0.004443746432744276,0.1329703601255538,0.09248193715111608,0.4634408886738839,0.421047985554,0.45276860706627753,0.46621610191550383
10989.357,-1.2769211717311086,3.7079425606906007,-2.5838648974355554,-0.3688698137038623,-0.24192175268660646,0.22588671197043428,-1.211893081665039,3.591010808944702,-2.4906373659717005,-0.33494988083839417,-0.25513505935668945,0.21052631735801697,0.006713531677830682,0.1336286479629876,0.09322753146385487,0.44101067205731614,0.421052634716,0.4559865366452422,0.47060489895276125
10989.378,-1.2843011302266363,3.703066522160992,-2.5793478761217052,-0.35142659501441076,-0.23219231092666895,0.2150962530339238,-1.211893081665039,3.591010808944702,-2.4906373659717005,-0.33494988083839417,-0.25513505935668945,0.21052631735801697,-0.0015261789648154736,0.13340569380156667,0.08871051015000475,0.4211068357701438,0.421052634716,0.46018555421621693,0.46606124579102176
10989.397,-1.2916974058391575,3.6981382995143797,-2.5748080697216826,-0.3892776638121354,-0.25938013929220577,0.2389371789456302,-1.211893081665039,3.591010808944702,-2.4906373659717005,-0.33494988083839417,-0.25513505935668945,0.21052631735801697,-0.0098063344743144,0.13322486703623315,0.08417070374998215,0.4676739567734187,0.421052634716,0.4558309884888934,0.45568526180176944
10989.417,-1.2991129471133778,3.6931754812645203,-2.570237989319466,-0.3707770637366429,-0.24814091251011866,0.22850402012662582,-1.2285116910934448,3.578087329864502,-2.4801111857043665,-0.3322354853153229,-0.25864550471305847,0.21052512526512146,0.0028488543308667555,0.13498779194159438,0.0901268036150995,0.4460739087007957,0.421043843031,0.45802152307367494,0.4687232568564014
10989.437,-1.3065388183540954,3.68816221591881,-2.5656787855537178,-0.3712935620277747,-0.2506632672800399,0.22796018828243683,-1.2368175983428955,3.5716211795806885,-2.4748480955706995,-0.3322354853153229,-0.25864550471305847,0.21052512526512146,0.004993584483221965,0.13571265889600148,0.09083068998301824,0.4479136236837077,0.421043843031,0.4603513257265648,0.4708856586949546
10989.457,-1.313959551329812,3.683132437404168,-2.5611249684456343,-0.37103664877772846,-0.25148892572661236,0.22769085539920234,-1.2368175983428955,3.5716211795806885,-2.4748480955706995,-0.3322354853153229,-0.25864550471305847,0.21052512526512146,-0.0033521285146720994,0.13555222154738475,0.0862768728749348,0.44818348565375776,0.421043843031,0.45865084031063863,0.4646037450885102
10989.477,-1.3213565069458821,3.6780909633795305,-2.5565755856172347,-0.3698477807954387,-0.25207370122637857,0.22746914141501293,-1.2532918453216553,3.5585155487060547,-2.4643216768847864,-0.3267223536968231,-0.2655835449695587,0.21052762866020203,0.009285482140795463,0.137276574031286,0.09225390873244832,0.4475416080062322,0.421048820019,0.4616605336906564,0.475795096324355
10989.497,-1.3287146968148003,3.673032300296354,-2.5520341567994653,-0.36790949347133645,-0.2529331541763018,0.22707144090416662,-1.2532918453216553,3.5585155487060547,-2.4643216768847864,-0.3267223536968231,-0.2655835449695587,0.21052762866020203,0.0009802030546840618,0.13711940826929983,0.0877124799146789,0.4464306489319152,0.421048820019,0.4635912463334894,0.469659654408055
10989.517,-1.336067215504962,3.6679310514261037,-2.547459471820062,-0.3676259345000623,-0.255062443506954,0.22873424896517103,-1.2614598274230957,3.5518760681152344,-2.4590585867511194,-0.3267223536968231,-0.2655835449695587,0.21052762866020203,0.003144277249940465,0.13793163171752829,0.08840088506894261,0.44740894702776574,0.421048820019,0.465856904220157,0.4720418075233791
10989.537,-1.3434330716306189,3.6627603015049446,-2.542866917794665,-0.3682928062748048,-0.2585374960523101,0.22962770126485102,-1.2696279287338257,3.545236349105835,-2.4537952581988733,-0.3267223536968231,-0.2655835449695587,0.21052762866020203,0.0052682952966155785,0.1386770477411165,0.08907165959579144,0.4499391409507267,0.421048820019,0.46797129861913916,0.47414242751131225
10989.557,-1.3508155902263779,3.657501099974205,-2.5382652887607113,-0.3691259297798929,-0.262960076531249,0.23008145169265018,-1.2777892351150513,3.538588523864746,-2.4485321680652063,-0.32391366362571716,-0.2690078914165497,0.21052631735801697,0.007335557179171434,0.13935292927923867,0.08973312069550499,0.45315733157410076,0.421052604914,0.4701894331797256,0.4760364792244702
10989.576,-1.358240805096841,3.652134598836361,-2.5336323285685234,-0.3712607435488229,-0.2683250569107295,0.23164800962540946,-1.2777892351150513,3.538588523864746,-2.4485321680652063,-0.32391366362571716,-0.2690078914165497,0.21052631735801697,-0.001178949047119321,0.1391537866288185,0.08510016050331703,0.4580020882544357,0.421052604914,0.4679024689815348,0.46920605890844835
10989.596,-1.365709949252771,3.6466593600784387,-2.5289779970999926,-0.37345720778833863,-0.27376193789014636,0.23271657342145935,-1.2777892351150513,3.538588523864746,-2.4485321680652063,-0.32391366362571716,-0.2690078914165497,0.21052631735801697,-0.009790440745804957,0.13897303653736676,0.08044582903478625,0.4629584988910469,0.421052604914,0.46389976528932336,0.4624043510116315
10989.616,-1.37323176781407,3.641066410486371,-2.5243252724669425,-0.37609092805674454,-0.2796474795972802,0.2326362316474275,-1.2938491106033325,3.524976968765259,-2.4380059877978724,-0.32105493545532227,-0.2723972797393799,0.21052512526512146,0.0024599779046842185,0.14061405780954275,0.08631928466907013,0.4685507688446566,0.421042203903,0.46111997281446104,0.47263283236094894
10989.637,-1.3807899778758141,3.635393802857359,-2.519715427288833,-0.3779105030789598,-0.28363038144441477,0.23049225890044805,-1.3018754720687866,3.51816725730896,-2.4327428976642054,-0.32105493545532227,-0.2723972797393799,0.21052512526512146,0.004151098994813737,0.14125271885919044,0.08697252962462754,0.47239274902577955,0.421042203903,0.46102782095130923,0.4743233657974019
10989.657,-1.3883532207377467,3.629660190056687,-2.515146805982831,-0.3781621430883731,-0.2866806400273299,0.22843106529511922,-1.3098948001861572,3.5113489627838135,-2.4274795691119593,-0.31817901134490967,-0.2757669687271118,0.21052633225917816,0.005801781189941707,0.14184360961737996,0.08766723687087152,0.4744273468220708,0.421052604914,0.46098182367297175,0.4761206863282487
10989.677,-1.395902582865814,3.6238863204407847,-2.510586138908744,-0.3774681064294581,-0.28869348081507634,0.22803335372009978,-1.3098948001861572,3.5113489627838135,-2.4274795691119593,-0.31817901134490967,-0.2757669687271118,0.21052633225917816,-0.0030533315811094863,0.14160745995935364,0.08310656979678477,0.4750975835850292,0.421052604914,0.4570062950525537,0.46969018102040055
10989.697,-1.4034212549928666,3.6180831460641016,-2.5060465035710298,-0.3759336063444239,-0.29015871882782124,0.22698176688075983,-1.3098948001861572,3.5113489627838135,-2.4274795691119593,-0.31817901134490967,-0.2757669687271118,0.21052633225917816,-0.011905953177276357,0.1414129835204749,0.07856693445907048,0.4747748539599816,0.421052604914,0.4515923542089004,0.4634379874342607
10989.718,-1.4109015520704924,3.6122645707279615,-2.5014839283990784,-0.3562046227332234,-0.27707501599822654,0.2172654843720116,-1.325664758682251,3.4974021911621094,-2.4169533888446253,-0.3152519762516022,-0.2791019082069397,0.21052762866020203,0.00024277042809639493,0.14303362628822244,0.08453053955445311,0.45117918536464885,0.421048313379,0.4531459668973045,0.47616871648115355
10989.738,-1.4183249276515006,3.6064441938607956,-2.4969309458931876,-0.3711687790760683,-0.29101884337840844,0.22764912531027331,-1.3335460424423218,3.490424633026123,-2.411690060292379,-0.3152519762516022,-0.2791019082069397,0.21052762866020203,0.0019553854001655296,0.14368080714388487,0.08524088560080845,0.47155774977485987,0.421048313379,0.4500640359870791,0.47650236559378845
10989.756,-1.4256891211469964,3.6005673173787507,-2.492425076113241,-0.38758913133713324,-0.3093092885248904,0.23715104104692095,-1.3414201736450195,3.4834392070770264,-2.406426970158712,-0.3123032748699188,-0.2824039161205292,0.21052631735801697,0.0036791244881834995,0.1442453249812426,0.08599810595452873,0.4957333163764943,0.421052604914,0.4451189360265547,0.4763773781840077
10989.777,-1.4329890167576629,3.5946950712729016,-2.487899842138584,-0.3476140766878043,-0.27963076693667094,0.21548733211995816,-1.3414201736450195,3.4834392070770264,-2.406426970158712,-0.3123032748699188,-0.2824039161205292,0.21052631735801697,-0.005034188909312051,0.14400478217401072,0.08147287197987163,0.4460008259380187,0.421052604914,0.4434910042803907,0.4743196062171323
10989.797,-1.4402278689294739,3.5887969769808503,-2.4833812923547756,-0.38099221956432977,-0.3104260153673137,0.23781840967120565,-1.3414201736450195,3.4834392070770264,-2.406426970158712,-0.3123032748699188,-0.2824039161205292,0.21052631735801697,-0.013717894385133558,0.1437881764964387,0.07695432219606335,0.4912867068949356,0.421052604914,0.4362419442438535,0.4643336256201903
10989.816,-1.4474154505507497,3.5828842860620354,-2.478848042104227,-0.3593790810559486,-0.2956345459342953,0.22666251252248373,-1.3568928241729736,3.469163656234741,-2.395900551472799,-0.30930450558662415,-0.28567251563072205,0.21052512526512146,-0.0013892307331134085,0.14534372216445085,0.08294749063142781,0.46519970206661065,0.421044021845,0.43348742977252075,0.47709126172716615
10989.837,-1.4545247115110995,3.5770159782869264,-2.4743160502379475,-0.35546304804206047,-0.29341538877572826,0.22659959332963264,-1.3646254539489746,3.462021827697754,-2.390637461339132,-0.30930450558662415,-0.28567251563072205,0.21052512526512146,0.0005472573389807278,0.14596311756519686,0.08367858889881541,0.46079958903083185,0.421044021845,0.43130797414809674,0.47959308675898343
10989.857,-1.4615438649028758,3.571145680826709,-2.4698117126864907,-0.35095766958115326,-0.2935148730044737,0.22521687756792647,-1.372350811958313,3.4548721313476562,-2.385374371205465,-0.3062892556190491,-0.28891563415527344,0.21052633225917816,0.002553746784270533,0.14652104756447482,0.08443734148102555,0.4573777143012091,0.421052664518,0.4325717975304487,0.4819523862195728
10989.877,-1.4684741869226172,3.56528068158479,-2.4653045305519274,-0.34651610097950725,-0.29324996208954174,0.22535910672324327,-1.372350811958313,3.4548721313476562,-2.385374371205465,-0.3062892556190491,-0.28891563415527344,0.21052633225917816,-0.005861769267944891,0.14627163375392813,0.0799301593464623,0.45379424623675724,0.421052664518,0.43017571215982325,0.47591223727857046
10989.899,-1.4753173079267783,3.559421767464051,-2.4607776694158723,-0.3110509547483789,-0.26631427822721243,0.20576641528435355,-1.3875197172164917,3.4402740001678467,-2.374847952519552,-0.30322498083114624,-0.2921217978000641,0.21052762866020203,-0.014204831683534883,0.1460511843873132,0.07540329821040714,0.40933052679943666,0.421046942472,0.43104580174152496,0.47308779626746533
10989.917,-1.4821000103795834,3.5535583606924845,-2.456219458852601,-0.37681680293300746,-0.32574482064205007,0.2532339201813185,-1.3875197172164917,3.4402740001678467,-2.374847952519552,-0.30322498083114624,-0.2921217978000641,0.21052762866020203,-0.001517751277880508,0.1475685421265352,0.08137150633304913,0.49790920436081587,0.421046942472,0.42555259872921813,0.47664243647814064
10989.937,-1.4888167717946188,3.5477087914302907,-2.4516532803941358,-0.3198457816586009,-0.27855091723883185,0.21743706944410415,-1.3951003551483154,3.4329710006713867,-2.369584862385885,-0.30322498083114624,-0.2921217978000641,0.21052762866020203,0.0007474755835722574,0.1481450932616721,0.08206841800825071,0.4239871184062908,0.421046942472,0.4300907515855118,0.48497096059702083
10989.956,-1.495471065364411,3.5418664849055013,-2.4471022926511123,-0.350225977353192,-0.30748981709041373,0.23952567068250832,-1.4026734828948975,3.4256603717803955,-2.364321533833639,-0.30013933777809143,-0.29529935121536255,0.21052631735801697,0.0030674031902080817,0.14868033857070592,0.08278075881747338,0.46589824039634564,0.421052634716,0.43059809838741164,0.48344369321197467
10989.977,-1.5020683222894409,3.5360111447928397,-2.4425363772475137,-0.3298628462442939,-0.29276700562668617,0.22829577017494831,-1.4026734828948975,3.4256603717803955,-2.364321533833639,-0.30013933777809143,-0.29529935121536255,0.21052631735801697,-0.0050715239583828675,0.148428120137158,0.07821484341387475,0.44088773319025965,0.421052634716,0.4296234863123175,0.4791693926497564
10989.997,-1.5086181287842995,3.5301472893278594,-2.4379301497070935,-0.32749032476556617,-0.293192773269284,0.23031137703692806,-1.4026734828948975,3.4256603717803955,-2.364321533833639,-0.30013933777809143,-0.29529935121536255,0.21052631735801697,-0.013175859785935037,0.1482166679226823,0.07360861587345457,0.4394040453613542,0.421052634716,0.42763830144854426,0.472904970572108
10990.018,-1.5151267463718905,3.5242613811183103,-2.433291852576417,-0.3254308793724478,-0.29429541047102814,0.23191485652875918,-1.4175316095352173,3.4107460975646973,-2.353795353566305,-0.29700571298599243,-0.2984398603439331,0.21052512526512146,-0.0002737081465724045,0.14970122049695067,0.07949649901011213,0.4386066405452812,0.421044826508,0.43053670699982594,0.48370438591268644
10990.036,-1.521605956297046,3.518358024087262,-2.4286152132278414,-0.3239604962507089,-0.29516785154597075,0.23383196742368403,-1.4249566793441772,3.403285264968872,-2.348532263432638,-0.29700571298599243,-0.2984398603439331,0.21052512526512146,0.0021605835006146545,0.1502602891836969,0.08008294979520336,0.4381154625684357,0.421044826508,0.4335425063092953,0.48574236360573886
10990.057,-1.5280736302269606,3.512441632592606,-2.4239076292415724,-0.32338369648866827,-0.29581957472635695,0.23537919930830792,-1.4249566793441772,3.403285264968872,-2.348532263432638,-0.29700571298599243,-0.2984398603439331,0.21052512526512146,-0.0058952445026485695,0.15004487410246325,0.07537536580893445,0.43815821904230634,0.421044826508,0.4327429691766312,0.47925236930728815
10990.078,-1.534536448568315,3.506493708700104,-2.4191756005441327,-0.3231409170900573,-0.29739619464565564,0.2366014348883401,-1.4396486282348633,3.3882086277008057,-2.338006083165304,-0.29065659642219543,-0.3046243190765381,0.21052512526512146,0.007024313968740675,0.1514784402082108,0.08116951737882871,0.43906180577128034,0.421043038368,0.43671548533700244,0.4897439587223334
10990.097,-1.5410065951220586,3.500505514784523,-2.414425600622427,-0.3235073276801166,-0.2994096957725049,0.23749999608010447,-1.4396486282348633,3.3882086277008057,-2.338006083165304,-0.29065659642219543,-0.3046243190765381,0.21052512526512146,-0.0010705244390989688,0.1512708903841854,0.07641951745712294,0.4407139519092226,0.421043038368,0.43905630599399964,0.48309458988162807
10990.117,-1.5474703441489481,3.4944786047618583,-2.4096132117942366,-0.323187451337421,-0.3013455011266545,0.2406194414042653,-1.4469150304794312,3.3805930614471436,-2.332742754613058,-0.29065659642219543,-0.3046243190765381,0.21052512526512146,0.0013162832632236388,0.1519195691200896,0.07687045718117869,0.44180619117342207,0.421043038368,0.441762493665852,0.4850159830608547
10990.137,-1.5539073617032055,3.4884150801757867,-2.40478447582499,-0.32185087770584503,-0.3031762292969634,0.2414367984570655,-1.454181432723999,3.3729774951934814,-2.327479664479391,-0.29065659642219543,-0.3046243190765381,0.21052512526512146,0.003706960310564153,0.15250362416207885,0.07730481134559897,0.44208065339634783,0.421043038368,0.4447914887425752,0.4868765810752303
10990.156,-1.560302770964427,3.4823234721808594,-2.39995432916049,-0.31977046305409546,-0.30458039973971973,0.24150733321971682,-1.461440086364746,3.365354537963867,-2.322216574345724,-0.2874433994293213,-0.30767127871513367,0.21052633225917816,0.006114475020636959,0.15302998128908285,0.07773775481476619,0.4415299678363931,0.421052634716,0.4482258929142128,0.48870806852586574
10990.177,-1.5666602441741972,3.476196495755754,-2.395095384422071,-0.3178736605104821,-0.30634882127643986,0.2429472369377469,-1.461440086364746,3.365354537963867,-2.322216574345724,-0.2874433994293213,-0.30767127871513367,0.21052633225917816,-0.001969534902225567,0.15281800335318202,0.07287881007634711,0.44137495204036126,0.421052634716,0.4505208236512743,0.48210407000151934
10990.198,-1.5729796697477638,3.4700252144845356,-2.3902452986896217,-0.30092502730351883,-0.29387053671572877,0.2309564634429288,-1.461440086364746,3.365354537963867,-2.322216574345724,-0.2874433994293213,-0.30767127871513367,0.21052633225917816,-0.010059044178220664,0.1526297638561109,0.06802872434389773,0.4205099977419547,0.421052634716,0.45093080882410924,0.47703353483500605
10990.218,-1.5792654774035455,3.4638077220551207,-2.3854131171680963,-0.3308319818791924,-0.3272364436494078,0.25432534323505784,-1.475657343864441,3.349828004837036,-2.311690155659811,-0.28418251872062683,-0.3106778860092163,0.21052762866020203,0.0028358114875450535,0.15400642663791192,0.0737229615082855,0.4652003056579801,0.421046853065,0.4515835657930725,0.48404393901694603
10990.238,-1.585527757570244,3.457527233313056,-2.380606840841947,-0.3131140083280903,-0.31402443709638966,0.24031381630222365,-1.4827619791030884,3.3420610427856445,-2.306427065526144,-0.28418251872062683,-0.3106778860092163,0.21052762866020203,0.005211095242152464,0.15448653943062535,0.07417977531580311,0.44330599866565473,0.421046853065,0.45458208011126305,0.48745990502726266
10990.258,-1.5917601812647728,3.451200007936523,-2.3758216539231785,-0.3116211847479803,-0.31636126884850446,0.23925934595496312,-1.4827619791030884,3.3420610427856445,-2.306427065526144,-0.28418251872062683,-0.3106778860092163,0.21052762866020203,-0.002927707138268676,0.15421851484045823,0.0693945883970346,0.44389934328405334,0.421046853065,0.453712140575601,0.48077425968972015
10990.276,-1.5979582058010815,3.4448376771834615,-2.3710572474077463,-0.30990122680866994,-0.3181165376461354,0.23822032576640995,-1.496806263923645,3.3263795375823975,-2.2959006468402308,-0.2775770127773285,-0.3165906071662903,0.21052512526512146,0.009928058601524334,0.1554525002556284,0.0751566005675155,0.44394023626367884,0.421044677496,0.45749399681753483,0.4909176357174149
10990.297,-1.6041287357020524,3.4384269815746555,-2.3662879630876987,-0.30852649504180996,-0.32053478043329925,0.23846421599717127,-1.496806263923645,3.3263795375823975,-2.2959006468402308,-0.2775770127773285,-0.3165906071662903,0.21052512526512146,0.0017752374141462302,0.15514377585307337,0.07038731624746797,0.4447051318282193,0.421044677496,0.46003554318388745,0.4841643638705653
10990.318,-1.610271818481256,3.431974867501255,-2.3615110214706005,-0.30715413895347055,-0.32260570366297847,0.23884708084969572,-1.5040233135223389,3.318148136138916,-2.290427033101217,-0.2775770127773285,-0.3165906071662903,0.21052512526512146,0.004531202434653367,0.15564298179852287,0.07108398836938346,0.4452430741795396,0.421044677496,0.46306859879714996,0.4861829823284702
10990.337,-1.616392815465003,3.425482413616322,-2.356741214281584,-0.30604984920850553,-0.32462269426908413,0.2384903594673118,-1.5106850862503052,3.3105499744415283,-2.285374466572897,-0.2775770127773285,-0.3165906071662903,0.21052512526512146,0.006437556204064554,0.1560197021549364,0.07136674770868723,0.4459455854331752,0.421044677496,0.46601059279232004,0.4874167139717532
10990.357,-1.62252181758292,3.4189132340354753,-2.351963548702495,-0.30645010588916105,-0.3284589790351758,0.23888327894923497,-1.5176165103912354,3.3026282787323,-2.2801111380206507,-0.2742379307746887,-0.31949788331985474,0.21052633225917816,0.008708293325143807,0.15636968994727363,0.07185241068184434,0.4490103454621105,0.421052664518,0.46913422853121217,0.48869138197223977
10990.378,-1.6286571251649573,3.41226610353114,-2.347170169629753,-0.2921575038976349,-0.3165300240063209,0.22825614631408386,-1.5176165103912354,3.3026282787323,-2.2801111380206507,-0.2742379307746887,-0.31949788331985474,0.21052633225917816,0.0004162830215571206,0.1560458184777575,0.06705903160910243,0.4305450756970475,0.421052664518,0.4730799371845945,0.4832567954080083
10990.397,-1.6347930780546251,3.405546547617848,-2.342356159613207,-0.3229448889259288,-0.3536608375373379,0.25336894823615363,-1.5176165103912354,3.3026282787323,-2.2801111380206507,-0.2742379307746887,-0.31949788331985474,0.21052633225917816,-0.00792757612570201,0.15575516561752356,0.062245021592556515,0.4786872397495635,0.421052664518,0.4683537607829677,0.47325813147702345
10990.417,-1.6409333774564623,3.398735938222544,-2.337530550083036,-0.3070149701130781,-0.34053046978874807,0.2412804765252318,-1.5311676263809204,3.2865171432495117,-2.2695849577533167,-0.27085378766059875,-0.3223651647567749,0.21052762866020203,0.004663710330257184,0.1569070675920391,0.06794559232971942,0.4582463155001985,0.421047598124,0.4700036956711398,0.4844256438842318
10990.438,-1.647058612075718,3.3918714293287087,-2.3327207032885986,-0.3062617309561018,-0.34322544468427185,0.24049233971662667,-1.5379389524459839,3.2784578800201416,-2.2643216292010706,-0.27085378766059875,-0.3223651647567749,0.21052762866020203,0.006728774488315714,0.15724012489934364,0.06839907408752799,0.4597437473604474,0.421047598124,0.47180558149056245,0.48571739944154024
10990.457,-1.6531781766469242,3.384964310760598,-2.327926122893003,-0.3059782285536319,-0.3453559283980057,0.23972901977454467,-1.5447020530700684,3.2703919410705566,-2.2590587774859827,-0.26745134592056274,-0.3252001106739044,0.21052631735801697,0.008766842480303155,0.1575342494684198,0.06886734540702033,0.46116579978802513,0.421052664518,0.4737638727812438,0.48695427070541486
10990.478,-1.6593119831714929,3.377987467241062,-2.3231605793821593,-0.3066903262217371,-0.348842175969179,0.23827717553698866,-1.5447020530700684,3.2703919410705566,-2.2590587774859827,-0.26745134592056274,-0.3252001106739044,0.21052631735801697,0.00023221613513972617,0.157201079530097,0.06410180189617654,0.4642630137291587,0.421052664518,0.47127731744378415,0.48001655071733956
10990.497,-1.665469810564825,3.3709391083732942,-2.318405317624801,-0.30789136968788383,-0.3524179434127431,0.23776308788434947,-1.5447020530700684,3.2703919410705566,-2.2590587774859827,-0.26745134592056274,-0.3252001106739044,0.21052631735801697,-0.008375564324977866,0.15692174490858554,0.05934654013881824,0.46776536498589316,0.421052664518,0.4675385707748044,0.473170613286605
10990.526,-1.6716586484790286,3.3638015378141883,-2.3136547857877146,-0.21340820393473756,-0.24612312272396145,0.16381144265560363,-1.5645111799240112,3.2457993030548096,-2.2432687918292444,-0.2640075981616974,-0.3279966711997986,0.21052762866020203,0.014439021144012354,0.1587344389046017,0.07038599395847012,0.32562752533467504,0.421048492193,0.49091700370937114,0.5017162079721567
10990.537,-1.6778499756158087,3.356587965901608,-2.3089435306024972,-0.5628479215038765,-0.6557792647548908,0.4282959259124153,-1.5645111799240112,3.2457993030548096,-2.2432687918292444,-0.2640075981616974,-0.3279966711997986,0.21052762866020203,0.00568443891743961,0.1583903329702998,0.0656747387732528,0.8638416058779015,0.421048492193,0.4683822548392864,0.45720394690767907
10990.557,-1.684036729227664,3.3492939053425625,-2.304208636584155,-0.30933768058600614,-0.3647030279443016,0.23674470091193434,-1.5711029767990112,3.2375926971435547,-2.2380059401141565,-0.2605462372303009,-0.3307582139968872,0.21052631735801697,0.007383398169346633,0.15867160357860888,0.06620269646999866,0.47800915148659184,0.421052664518,0.46851165739298617,0.48492877673680473
10990.577,-1.6902004403553104,3.3419646474130675,-2.299537798326247,-0.30818555640362555,-0.36646289650008124,0.23354191291156137,-1.5711029767990112,3.2375926971435547,-2.2380059401141565,-0.2605462372303009,-0.3307582139968872,0.21052631735801697,-0.0014478860637332641,0.1583528132195703,0.061531858212090285,0.478616519734531,0.421052664518,0.46451998977929104,0.47829700278418014
10990.597,-1.696315550358328,3.3346208908965362,-2.294880120652076,-0.3057555001442098,-0.3671878258185499,0.23288388370346227,-1.5711029767990112,3.2375926971435547,-2.2380059401141565,-0.2605462372303009,-0.3307582139968872,0.21052631735801697,-0.01026252455823029,0.158073842080229,0.05687418053791937,0.4776103947738446,0.421052664518,0.4593755093303546,0.47185361499338746
10990.617,-1.702403507697231,3.327244734065004,-2.2902149013858333,-0.30439786693850535,-0.36880784156855134,0.23326096330704027,-1.5839637517929077,3.220925807952881,-2.2274797598468226,-0.25703832507133484,-0.33347269892692566,0.2105226069688797,0.0019263509879636903,0.15914766413674442,0.06273514153901072,0.47799539167044747,0.421037703753,0.455935470321352,0.4814641564124668
10990.637,-1.7084331877028525,3.3198965199019117,-2.285614088486651,-0.28712761930655173,-0.34991496013659323,0.21908632852580237,-1.590389609336853,3.2125890254974365,-2.2222164312945765,-0.25703832507133484,-0.33347269892692566,0.2105226069688797,0.0036648023524186446,0.15948590524724754,0.06339765719207469,0.4524665785235513,0.421037703753,0.4581731691329108,0.4847231685193879
10990.657,-1.7143904340325913,3.3125573490013016,-2.280987855893442,-0.31353928050872726,-0.3862721526589556,0.24348592595539292,-1.5968071222305298,3.2042455673217773,-2.2169535795794886,-0.25352582335472107,-0.336169570684433,0.21052630245685577,0.005464151321700181,0.15977302749609304,0.06403427631395342,0.49730687365867887,0.421052634716,0.4535847406346522,0.48310920261663703
10990.678,-1.720290054166421,3.3052160204824697,-2.2763502057048037,-0.29498100671187555,-0.3670664259669701,0.23188250944794134,-1.5968071222305298,3.2042455673217773,-2.2169535795794886,-0.25352582335472107,-0.336169570684433,0.21052630245685577,-0.003209184932847123,0.1594765438019845,0.059396626125315155,0.47071231246835665,0.421052634716,0.45013837585887023,0.47839870366717724
10990.697,-1.7261246583300625,3.2978833285835516,-2.271714117630118,-0.2917302081757049,-0.3666345949378998,0.23180440372923278,-1.5968071222305298,3.2042455673217773,-2.2169535795794886,-0.25352582335472107,-0.336169570684433,0.21052630245685577,-0.01183666933899713,0.15921981263627405,0.054760538050629304,0.4683431774151435,0.421052634716,0.44570009176633196,0.47209190744277363
10990.717,-1.7318944921182267,3.290544563705227,-2.2670747115586813,-0.28849168940191294,-0.3669382439082166,0.23197030356676338,-1.6093143224716187,3.1873111724853516,-2.2064269224749964,-0.24996714293956757,-0.3388184607028961,0.21052762866020203,0.0005853613600192986,0.1602581929432167,0.060647789083684955,0.4665566361423978,0.421048134565,0.44321663213924917,0.4819121532093155
10990.737,-1.7375904735236152,3.283221106976526,-2.2624474193464934,-0.2847990702632093,-0.3661728364270597,0.23136461060434674,-1.6155635118484497,3.1788408756256104,-2.2011640707599085,-0.24996714293956757,-0.3388184607028961,0.21052762866020203,0.002563044719966226,0.16055915693072892,0.06128334858658491,0.4636717282856493,0.421048134565,0.44410753723098334,0.4835970167947324
10990.757,-1.7432019709984499,3.275934835757163,-2.2578346760219237,-0.2805748737611284,-0.3643135609933366,0.23063716624442873,-1.621804118156433,3.1703639030456543,-2.1959007422076624,-0.2463928610086441,-0.3414320647716522,0.21052631735801697,0.004623209789056101,0.16081444723493044,0.061933933814261266,0.4596156320141678,0.421052604914,0.44569504134443166,0.4853147260338327
10990.778,-1.7487312037833163,3.2686824948568027,-2.253200525401224,-0.2764616392372849,-0.3626170450100948,0.2317075310299282,-1.621804118156433,3.1703639030456543,-2.1959007422076624,-0.2463928610086441,-0.3414320647716522,0.21052631735801697,-0.003746916126402988,0.1605085392775196,0.05729978319356155,0.4557655987959135,0.421052604914,0.44356273920312267,0.4790231070507142
10990.797,-1.7541950868393168,3.261463966336792,-2.2485208399059227,-0.2731941527940638,-0.36092642599266245,0.23398427475995706,-1.621804118156433,3.1703639030456543,-2.1959007422076624,-0.2463928610086441,-0.3414320647716522,0.21052631735801697,-0.012044968114601512,0.1602545127712783,0.05262009769826026,0.45246098786083155,0.421052604914,0.4408220767920251,0.47272501922675136
10990.818,-1.7596155217273077,3.254258681121337,-2.2438002876243184,-0.2710217443936308,-0.36026426076487195,0.23602761407506223,-1.633952021598816,3.153170108795166,-2.1853745619403284,-0.24277882277965546,-0.3440064787864685,0.21052762866020203,0.0007156799592236973,0.1612752384021892,0.05842572568398996,0.45064770136764076,0.421048700809,0.44283702479050746,0.48259398913121015
10990.838,-1.7649947179814713,3.247060137421715,-2.2390930948204444,-0.2689598127267714,-0.3599271850059802,0.23535964020996814,-1.6402642726898193,3.144225835800171,-2.1799004713641565,-0.24277882277965546,-0.3440064787864685,0.21052762866020203,0.003423175238478862,0.16161948967847659,0.05919262345628784,0.449159968521016,0.421048700809,0.4451690726474815,0.48453595089082924
10990.858,-1.7703327823702144,3.239874148563943,-2.234406938546119,-0.2669032194313275,-0.35929944288077376,0.23430781371115797,-1.6460821628570557,3.1359636783599854,-2.1748479048358362,-0.23915067315101624,-0.3465433418750763,0.21052631735801697,0.00532384198952357,0.16188656205467417,0.059559033710282705,0.4474496255294623,0.421052634716,0.4480674734573888,0.48582149548104914
10990.877,-1.7756288698869573,3.2327007625429216,-2.229724128167138,-0.26480437583136646,-0.3586693010432332,0.2341405189439445,-1.6460821628570557,3.1359636783599854,-2.1748479048358362,-0.23915067315101624,-0.3465433418750763,0.21052631735801697,-0.0028323994176366885,0.16165515850738152,0.0548762233313016,0.4457132168473122,0.421052634716,0.4471730789769271,0.47946221396989214
10990.897,-1.7808951442811884,3.225520478615328,-2.22500895114727,-0.2633137197058078,-0.3590141963718335,0.2357588509882378,-1.6460821628570557,3.1359636783599854,-2.1748479048358362,-0.23915067315101624,-0.3465433418750763,0.21052631735801697,-0.010972599853929565,0.16147619788961,0.05016104631143392,0.4451230893179553,0.421052634716,0.44518257355146124,0.4730861402116776
10990.918,-1.7861350087866135,3.218340073648716,-2.220257388382758,-0.2619932252893603,-0.35902024835542645,0.23757813824202437,-1.6578655242919922,3.1185178756713867,-2.1643217245685022,-0.23548322916030884,-0.3490394055843353,0.21052762866020203,0.0019274765727892162,0.1625232804726829,0.055935663814255854,0.44436956866127447,0.421047329903,0.4480473322680517,0.4829714108533782
10990.937,-1.7913437935598981,3.211158984061253,-2.2154852136268475,-0.2604392386585492,-0.3590544793653069,0.23860873779032316,-1.663752555847168,3.1097919940948486,-2.159058396016256,-0.23548322916030884,-0.3490394055843353,0.21052762866020203,0.004345365242456184,0.16289846038813632,0.05642681761059132,0.44349840282706954,0.421047329903,0.45105158389895483,0.4846086035558747
10990.957,-1.7965159264091317,3.20397383743686,-2.210705099355481,-0.2586066424560336,-0.3592573312118227,0.2390057135631018,-1.669630765914917,3.101059913635254,-2.15379506746401,-0.2318025529384613,-0.35150089859962463,0.21052631735801697,0.00678647365594634,0.163233156684549,0.056910031891471036,0.44259813699114475,0.421052604914,0.4546551910080895,0.48617508778176693
10990.977,-1.8016433136794308,3.1967768651136064,-2.2059451602732785,-0.2563693635093562,-0.35984861615481767,0.23799695410493626,-1.669630765914917,3.101059913635254,-2.15379506746401,-0.2318025529384613,-0.35150089859962463,0.21052631735801697,-0.0012721347220717855,0.1630565216139367,0.05215009280926841,0.441775422267241,0.421052604914,0.4571963390143485,0.47977560642385275
10990.997,-1.8067422865191438,3.189536784813149,-2.201176824956004,-0.25494864200327527,-0.3620040150478877,0.23841676588019348,-1.669630765914917,3.101059913635254,-2.15379506746401,-0.2318025529384613,-0.35150089859962463,0.21052631735801697,-0.009348776255560395,0.16291201980933342,0.047381757491994136,0.4427080610353775,0.421052604914,0.4556988022112758,0.4733202092872942
10991.017,-1.811843020079758,3.1822287224787242,-2.196389906412037,-0.2550366780251398,-0.3654031167132653,0.23934592719314005,-1.6810439825057983,3.0833704471588135,-2.143268887196676,-0.2280789315700531,-0.3539123237133026,0.2105226069688797,0.003542957973726113,0.16391703474104755,0.05312101921536083,0.445545499867891,0.421039104462,0.4585635578890872,0.48289682937405615
10991.038,-1.816958821879713,3.174846627925988,-2.191595379362932,-0.2557900899921705,-0.36910472762874746,0.23972635245000573,-1.6867460012435913,3.0745224952697754,-2.138006035481588,-0.2280789315700531,-0.3539123237133026,0.2105226069688797,0.005862161438063354,0.1642739946385619,0.053589343881343954,0.4490242600488597,0.421039104462,0.46142107751135225,0.4842031477182524
10991.057,-1.8221012006096982,3.1673868722235388,-2.1867581271699965,-0.2571189364936442,-0.3729877851143279,0.24186260964150197,-1.6924389600753784,3.065669059753418,-2.1327431837665003,-0.22435185313224792,-0.3563026487827301,0.21052630245685577,0.008112365511279862,0.16459951251415617,0.05401494340349622,0.45298827874460706,0.421052634716,0.46421074541182866,0.48537236632372627
10991.076,-1.8272670103812412,3.1598535654269906,-2.181872417088956,-0.2582904885950043,-0.37666533985344464,0.2442855040689074,-1.6924389600753784,3.065669059753418,-2.1327431837665003,-0.22435185313224792,-0.3563026487827301,0.21052630245685577,-0.00021744039292766193,0.16446664396749577,0.04912923332245578,0.456694569078835,0.421052634716,0.4626525327163545,0.4786754653211108
10991.097,-1.8324376264175255,3.1522542116135135,-2.1769450894096307,-0.25853080180857313,-0.37996769066556085,0.2463663839608901,-1.6924389600753784,3.065669059753418,-2.1327431837665003,-0.22435185313224792,-0.3563026487827301,0.21052630245685577,-0.008598308982127295,0.16438577852984576,0.044201905643130424,0.459562449828342,0.421052634716,0.45962865543176223,0.4720962013357858
10991.117,-1.8376065741936443,3.144590792014389,-2.1719826994841407,-0.2584473888002966,-0.3831709799478517,0.24811949626908555,-1.7034775018692017,3.0477426052093506,-2.122216526662008,-0.22058331966400146,-0.35864293575286865,0.21052762866020203,0.0040010741980278375,0.16539096328185854,0.04976617282213258,0.4621710869715431,0.421048402786,0.46095141403451273,0.48137899267631357
10991.137,-1.8427560794857376,3.1368913186990275,-2.1670261425972632,-0.2574752645990473,-0.3849736657596815,0.2478278443384635,-1.7089921236038208,3.0387766361236572,-2.116953198109762,-0.22058331966400146,-0.35864293575286865,0.21052762866020203,0.00607378683325685,0.16577815279327132,0.050072944487501214,0.46312901287786373,0.421048402786,0.462480275952894,0.48267974683946063
10991.156,-1.847872229809588,3.1291673828122306,-2.1620727839486706,-0.2558075161869351,-0.3861967943314138,0.2476679324242233,-1.7144975662231445,3.0298049449920654,-2.111690346394674,-0.21680153906345367,-0.36094653606414795,0.21052631735801697,0.008147791026284906,0.1661183567151901,0.05038243755399652,0.46322463962290794,0.421052634716,0.46430067212513837,0.4839493310783194
10991.178,-1.852950793260494,3.121421248604419,-2.157118001020285,-0.25392817256285544,-0.3873067104173493,0.24773914643641431,-1.7144975662231445,3.0298049449920654,-2.111690346394674,-0.21680153906345367,-0.36094653606414795,0.21052631735801697,-0.000291591880086553,0.16602035459190623,0.045427654625610714,0.46311799618950233,0.421052634716,0.46213536573649294,0.4774830178998251
10991.197,-1.85798995510572,3.1136481684026442,-2.1521502691705447,-0.25195809225579546,-0.38865401008025685,0.2483865924815826,-1.7144975662231445,3.0298049449920654,-2.111690346394674,-0.21680153906345367,-0.36094653606414795,0.21052631735801697,-0.008730250549549373,0.1659624490794426,0.04045992277587063,0.4631701739124703,0.421052634716,0.45877470582649044,0.47106548096075335
10991.217,-1.8629864837178927,3.1058519331288057,-2.147206894928112,-0.2498264306031819,-0.38981176368341863,0.247168712116253,-1.725156307220459,3.011650323867798,-2.101163689290182,-0.21298369765281677,-0.3632062077522278,0.21052762866020203,0.003860997814393724,0.1669017478535038,0.04604320563792985,0.4629875736324813,0.421047270298,0.46002663257815585,0.4803837746731463
10991.237,-1.867918927583207,3.098052090511521,-2.1423223243913863,-0.24662219326033874,-0.38999213085572354,0.2442285268309455,-1.7304809093475342,3.002570152282715,-2.095900837575094,-0.21298369765281677,-0.3632062077522278,0.21052762866020203,0.005965171243675682,0.167243613081374,0.04642148681629221,0.46141515292498103,0.421047270298,0.4617372714990078,0.4818150198986277
10991.257,-1.8727837395072933,3.0902776295691687,-2.1374846016366975,-0.24324059622112146,-0.3887230471444809,0.24188613775115678,-1.7357962131500244,2.9934844970703125,-2.090637509022848,-0.2091551572084427,-0.36543047428131104,0.21052631735801697,0.008122251934515726,0.16753662853220136,0.04684709261384956,0.4585407213125811,0.421052634716,0.4640424582975844,0.48328628165018994
10991.277,-1.8775876548244526,3.0825554275037392,-2.132691901722878,-0.24019576585272157,-0.38611010326304734,0.23963499568574306,-1.7357962131500244,2.9934844970703125,-2.090637509022848,-0.2091551572084427,-0.36543047428131104,0.21052631735801697,-0.0001692637281859588,0.1674467525220463,0.042054392700030085,0.45471860449471363,0.421052634716,0.46555188611969794,0.4771705129063044
10991.297,-1.882350683021054,3.0748919651158833,-2.127889372581856,-0.2381514098248691,-0.3831731193844351,0.2401264570458516,-1.7357962131500244,2.9934844970703125,-2.090637509022848,-0.2091551572084427,-0.36543047428131104,0.21052631735801697,-0.008388123748382117,0.16743663838225772,0.037251863559008225,0.45115133946346786,0.421052634716,0.4634510891254024,0.47114938595649614
10991.317,-1.8871100383787327,3.0672863308580007,-2.123065644328522,-0.2379677678787455,-0.3802817128858253,0.24118641266144056,-1.746070384979248,2.975109338760376,-2.0801108519183558,-0.20529116690158844,-0.3676123321056366,0.21052762866020203,0.004481311009534153,0.1684301028760838,0.04295479241016631,0.44859035909522904,0.421050220728,0.46623539555203036,0.48091089845124385
10991.337,-1.8918608293277837,3.0596798232877713,-2.118272404745576,-0.2375395474689668,-0.3803253785377589,0.23966197916387563,-1.7512027025222778,2.965919256210327,-2.074848000203268,-0.20529116690158844,-0.3676123321056366,0.21052762866020203,0.006839301073217868,0.1689052294511557,0.043424404542308004,0.4483847896254205,0.421050220728,0.4693822376965127,0.48264099603405675
10991.357,-1.89657985570377,3.051966001277754,-2.1134920287272014,-0.23595131879417086,-0.3856911004924435,0.23901880091350491,-1.756325602531433,2.956723690032959,-2.069584671651022,-0.20141607522964478,-0.3697524666786194,0.21052631735801697,0.009124075969360726,0.16929000154139567,0.043907357076179654,0.4521310257075169,0.421052634716,0.47249281949773436,0.48401731521901753
10991.377,-1.9012569472767933,3.044134752769923,-2.108715599632742,-0.23385457864605577,-0.39156242538300917,0.2388214547177687,-1.756325602531433,2.956723690032959,-2.069584671651022,-0.20141607522964478,-0.3697524666786194,0.21052631735801697,0.0008109686250940967,0.16924872498306454,0.03913092798172002,0.4560800939416748,0.421052634716,0.4740430005619904,0.47760537586917834
10991.397,-1.9058879189561586,3.0361200927338485,-2.103929249703147,-0.23154858396321207,-0.40073300179497423,0.23931749647451686,-1.756325602531433,2.956723690032959,-2.069584671651022,-0.20141607522964478,-0.3697524666786194,0.21052631735801697,-0.007634955064172805,0.16915786330330496,0.03434457805212521,0.4627997464819852,0.421052634716,0.47094103720315,0.47099956205484184
10991.418,-1.9104758412398497,3.0279100458743073,-2.0991236457794473,-0.22939611420041087,-0.4105023430054339,0.24028019620159174,-1.7662104368209839,2.9381368160247803,-2.059058491383688,-0.1975017786026001,-0.37184131145477295,0.2105226069688797,0.0048101149399263216,0.1698487636222873,0.04006515439575953,0.47016710480752205,0.421037912369,0.47168118341568654,0.47964353336182425
10991.437,-1.915044048446468,3.0195659156138714,-2.094355905081533,-0.22841036032592496,-0.4172065130126883,0.23838703489051163,-1.7711480855941772,2.9288408756256104,-2.0537956396686,-0.1975017786026001,-0.37184131145477295,0.2105226069688797,0.006628870720104596,0.16997981962290562,0.040560265412933116,0.47551704178996995,0.421037912369,0.4721556396758563,0.4804347251393284
10991.457,-1.9195827890733916,3.011062480703257,-2.0896346996091153,-0.22693703134123247,-0.42517174552143633,0.23606027361573342,-1.776076078414917,2.9195396900177,-2.048532311116354,-0.19358788430690765,-0.37391045689582825,0.21052630245685577,0.008317086012393365,0.17000418612243015,0.04110238849276149,0.4817490072527212,0.421052604914,0.472260466536341,0.48101799745484614
10991.477,-1.9240852262211878,3.0024528119324487,-2.0849648920075214,-0.22512185738489557,-0.4304834385310223,0.23349038007459622,-1.776076078414917,2.9195396900177,-2.048532311116354,-0.19358788430690765,-0.37391045689582825,0.21052630245685577,-0.0005999244598568904,0.1696494435906907,0.03643258089116763,0.48554018708461866,0.421052604914,0.4681407175967756,0.47420849950525423
10991.496,-1.9285492850345314,2.9937794546465644,-2.0803079984500945,-0.22320294068260574,-0.433667864324194,0.23284467788744126,-1.776076078414917,2.9195396900177,-2.048532311116354,-0.19358788430690765,-0.37391045689582825,0.21052630245685577,-0.009558922252131272,0.16931700562670746,0.0317756873337407,0.48745204217219873,0.421052604914,0.46234992915064504,0.46754730598561156
10991.517,-1.9329644159756718,2.985081200771941,-2.0756488331356633,-0.220756547052203,-0.4349126937216777,0.2329582657164762,-1.7855677604675293,2.9007484912872314,-2.03800613084902,-0.18963544070720673,-0.37592586874961853,0.21052762866020203,0.002519280273604027,0.16979821309696247,0.03764270228664346,0.48743068169378595,0.421048521996,0.4580692492402379,0.47609944814748956
10991.538,-1.9373370088877562,2.976388424412641,-2.0710376913140127,-0.20821871009290674,-0.4139417313826114,0.21957818197666543,-1.7903087139129639,2.891350269317627,-2.0327428022967737,-0.18963544070720673,-0.37592586874961853,0.21052762866020203,0.004097898940857533,0.16979992511608694,0.03829488901723899,0.4630896033566383,0.421048521996,0.4594084864354589,0.4780847660062523
10991.557,-1.9416522830480982,2.9677267218603136,-2.066453677325861,-0.22711969264679857,-0.45587908169585856,0.24126389411030094,-1.7950400114059448,2.8819475173950195,-2.0274794737445276,-0.18567372858524323,-0.3779028654098511,0.21052631735801697,0.005725951963322512,0.16976584930098582,0.03897420358133319,0.5090372830684449,0.421052634716,0.4539488122201905,0.4769189936766883
10991.578,-1.9459110459099547,2.9591279913368758,-2.0619123033447,-0.20279823152835647,-0.4094633582819278,0.21625590387693983,-1.7950400114059448,2.8819475173950195,-2.0274794737445276,-0.18567372858524323,-0.3779028654098511,0.21052631735801697,-0.003094037415028658,0.16943825289076278,0.034432829600172354,0.45670942350325644,0.421052634716,0.4520014577298848,0.4726912902126416
10991.597,-1.950104587911874,2.9505875233753205,-2.0573793692380136,-0.22071273694041307,-0.4494983137605589,0.23857547929636203,-1.7950400114059448,2.8819475173950195,-2.0274794737445276,-0.18567372858524323,-0.3779028654098511,0.21052631735801697,-0.011836116164050337,0.16916376580724962,0.02989989549348593,0.5005347548134069,0.421052634716,0.44497746663725474,0.4646541291920814
10991.617,-1.9542234963637934,2.9421086488102315,-2.0528301715620603,-0.20594542259148135,-0.42394372824519627,0.22745988379269994,-1.8041338920593262,2.8629605770111084,-2.0169532934771937,-0.18167941272258759,-0.37983348965644836,0.21052762866020203,0.0005505844887942757,0.16967911906451955,0.035876878084866615,0.4711096326238778,0.421047359705,0.44222368347768665,0.47457691477771236
10991.637,-1.9582748357040836,2.9336907100146643,-2.048324244604996,-0.1929209209603139,-0.40085422834812,0.2145679503298589,-1.8086758852005005,2.8534646034240723,-2.0116899649249476,-0.18167941272258759,-0.37983348965644836,0.21052762866020203,0.0024980742775115444,0.16973459810940894,0.03663427968004829,0.444675745641593,0.421047359705,0.44528956490921734,0.47688601989719837
10991.657,-1.9622516949819775,2.9253259399674385,-2.0438418017164857,-0.209308383044484,-0.44025105511175244,0.23591804676080297,-1.8132082223892212,2.8439643383026123,-2.0064271132098597,-0.17767728865146637,-0.38172778487205505,0.21052631735801697,0.004522748266676355,0.169744548354549,0.03741468850662599,0.4872656222721949,0.421052634716,0.4416995265965193,0.47619387647278355
10991.677,-1.9661605900123242,2.9169984443579664,-2.0393544884106523,-0.19544475153084687,-0.4163747805023856,0.22436566530717886,-1.8132082223892212,2.8439643383026123,-2.0064271132098597,-0.17767728865146637,-0.38172778487205505,0.21052631735801697,-0.003910822139391312,0.16944944048007837,0.032927375200792586,0.45976096429839,0.421052634716,0.43931552183063255,0.47100653314273927
10991.698,-1.9700119981077029,2.908721445086251,-2.034831458208224,-0.1925704047647291,-0.41384996357674386,0.22615151011648313,-1.8132082223892212,2.8439643383026123,-2.0064271132098597,-0.17767728865146637,-0.38172778487205505,0.21052631735801697,-0.012269834888603032,0.16920507708211918,0.028404344998364195,0.45627375381038016,0.421052634716,0.43636185809478156,0.4648133779962685
10991.717,-1.973801079069713,2.9004775995981964,-2.0302750587143406,-0.18945404809636598,-0.4121922743937256,0.22781997468919277,-1.821900486946106,2.8247902393341064,-1.9959004561053675,-0.1736435443162918,-0.3835742771625519,0.21052762866020203,0.00047233335400773124,0.16971194210323337,0.03437460260897307,0.4534605183397943,0.421047866344,0.43813087621176033,0.4739301828150598
10991.737,-1.9775288225226557,2.892270795040497,-2.0256760382861003,-0.18638717264307156,-0.41034022787601865,0.22995102140699217,-1.8262416124343872,2.8152008056640625,-1.9906371275531214,-0.1736435443162918,-0.3835742771625519,0.21052762866020203,0.0027643612343789536,0.16976442944781295,0.035038910732978934,0.4505043221802007,0.421047866344,0.4405131535769439,0.4752189010536093
10991.757,-1.9811970145292142,2.8841342411329256,-2.021056580172278,-0.1834096003405993,-0.4068276954066849,0.2309729057070833,-1.8305728435516357,2.8056070804595947,-1.9853742758380335,-0.16960208117961884,-0.3853834867477417,0.21052631735801697,0.005149043825989547,0.16978705249157233,0.03568230433424446,0.4461005867606639,0.421052604914,0.44366508218935763,0.47651813495027306
10991.781,-1.9848058958368857,2.8760280217811918,-2.0164235442546046,-0.18044406537963945,-0.4053109675778446,0.231651795878613,-1.8305728435516357,2.8056070804595947,-1.9853742758380335,-0.16960208117961884,-0.3853834867477417,0.21052631735801697,-0.002934468937386428,0.1695238398748093,0.031049268416571074,0.44350420997473056,0.421052604914,0.4431269798390316,0.4701558079187375
10991.798,-1.9883740833630652,2.8679254978901008,-2.0117334802964386,-0.17840937630508016,-0.4051261945457073,0.23450319790317917,-1.8305728435516357,2.8056070804595947,-1.9853742758380335,-0.16960208117961884,-0.3853834867477417,0.21052631735801697,-0.01098975303785319,0.16930458282407498,0.026359204458405117,0.4425195555566638,0.421052604914,0.4414693650064787,0.4637432431365723
10991.818,-1.9919166829594381,2.8598157549698087,-2.007031337311966,-0.1686952188843701,-0.38617823432129933,0.2239115707017436,-1.8388594388961792,2.786254644393921,-1.9748480955706995,-0.1655264049768448,-0.3871358036994934,0.2105226069688797,0.0020007433670432007,0.1698050469667413,0.03218324174126641,0.4212910229142603,0.421038150787,0.44661076020815493,0.47353838497352796
10991.837,-1.995431636517362,2.851690913930047,-2.0023460358551013,-0.1757476778923624,-0.4062420519792253,0.2342650728381181,-1.8429975509643555,2.776576280593872,-1.9695847670184534,-0.1655264049768448,-0.3871358036994934,0.2105226069688797,0.004468054072519642,0.16987758849363963,0.03276126883664787,0.4425087754146777,0.421038150787,0.4500172802381627,0.4738814327848574
10991.86,-1.9989107238342856,2.8435380027875734,-1.9976668194382723,-0.15814033258136395,-0.37058687009821034,0.21269165530224943,-1.8471258878707886,2.7668936252593994,-1.9643219153033655,-0.16145190596580505,-0.3888683617115021,0.21052630245685577,0.006924175237155758,0.1698971831209456,0.03334490413490676,0.4028065064918661,0.421052634716,0.4584320594704891,0.4765333383787676
10991.877,-2.0023630467203812,2.835348350895222,-1.992994378445742,-0.20307781683124182,-0.4817442289667976,0.2748494701516632,-1.8471258878707886,2.7668936252593994,-1.9643219153033655,-0.16145190596580505,-0.3888683617115021,0.21052630245685577,-0.0011672371791261113,0.16965630700606762,0.02867246314237648,0.5226569710416608,0.421052634716,0.4515772718623806,0.46568521541876823
10991.897,-2.0057801665790036,2.827090995843961,-1.9883077161768028,-0.17085599292738876,-0.41286775255402774,0.23433311344184563,-1.8471258878707886,2.7668936252593994,-1.9643219153033655,-0.16145190596580505,-0.3888683617115021,0.21052630245685577,-0.00930575812001034,0.16943525738030707,0.02398580087343727,0.44668263308434897,0.421052634716,0.44982616200081804,0.4618871929773463
10991.917,-2.0091708017485344,2.818769040387809,-1.9836192590537163,-0.16953175848825597,-0.4160977728363612,0.2344228561705297,-1.8550033569335938,2.747370719909668,-1.9537952581988733,-0.15734410285949707,-0.39054325222969055,0.21052762866020203,0.00354881379797041,0.1698609052386524,0.029824000854842936,0.4491577821822725,0.421047747135,0.45245172032097053,0.47061449504881503
10991.938,-2.0125365380479083,2.8104207395157355,-1.9789529556149386,-0.16828681496502557,-0.4174150435945748,0.23331517193379317,-1.8589370250701904,2.73760724067688,-1.9485324064837855,-0.15734410285949707,-0.39054325222969055,0.21052762866020203,0.005865744401508506,0.16988292746113226,0.030420549131153107,0.44992216365718674,0.421047747135,0.455472735458979,0.4716442518446813
10991.957,-2.0158529690341362,2.802065989605877,-1.9742829659216488,-0.16582154930777618,-0.41773749548380196,0.2334994846593932,-1.8628606796264648,2.727839708328247,-1.9432690779315394,-0.15323001146316528,-0.3921809196472168,0.21052631735801697,0.008196774343403497,0.1698499171058669,0.0310138879901094,0.4492982672959893,0.421052634716,0.45857662968422125,0.4726294291539655
10991.977,-2.019124922014536,2.7937198513832353,-1.9696223603208596,-0.16359764901641544,-0.41730691112297813,0.23303028003437248,-1.8628606796264648,2.727839708328247,-1.9432690779315394,-0.15323001146316528,-0.3921809196472168,0.21052631735801697,2.6553623827516026e-05,0.1695839202075734,0.02635328238932022,0.4480866153331461,0.421052634716,0.46080853982403286,0.46617713813728545
10991.998,-2.022352660215234,2.7853542103299427,-1.9649601777802106,-0.16138691004606612,-0.4182820526935437,0.23310912704856213,-1.8628606796264648,2.727839708328247,-1.9432690779315394,-0.15323001146316528,-0.3921809196472168,0.21052631735801697,-0.008146533901013511,0.16934947238781425,0.021691099848671236,0.4481857782330297,0.421052634716,0.45899072522900186,0.4597290379967484
10992.017,-2.025538343565364,2.7769400551482804,-1.960280791306811,-0.1592841675030247,-0.4207077590739334,0.2339693236648732,-1.8704744577407837,2.707761287689209,-1.9325321356402796,-0.14908766746520996,-0.39377155900001526,0.21052762866020203,0.005118072283131922,0.1697183428220988,0.027748655666531397,0.4496808619165481,0.421050071716,0.4616437336398139,0.4686774443081001
10992.037,-2.0286879441135612,2.768487048990512,-1.9556387663644814,-0.15748002740641345,-0.4226503078791914,0.23210124711141222,-1.8740525245666504,2.6983108520507812,-1.9274795691119593,-0.14908766746520996,-0.39377155900001526,0.21052762866020203,0.0069911780361088735,0.1696700769877837,0.02815919725252214,0.45085671376076364,0.421050071716,0.4645838027883715,0.46931034816589384
10992.058,-2.0318081948945297,2.759998430483774,-1.9510161486236601,-0.15601253904501697,-0.42443092532764054,0.23113088703601933,-1.8777697086334229,2.688462734222412,-1.9222162405597132,-0.14494016766548157,-0.3953196704387665,0.21052631735801697,0.009259365145613624,0.1695861882533811,0.028799908063946944,0.45201946583408126,0.421052604914,0.4677287126457321,0.47017663225619105
10992.078,-2.0348938743068268,2.751488823037614,-1.946393201324179,-0.14693711487953756,-0.4052194022208252,0.22014034760669937,-1.8777697086334229,2.688462734222412,-1.9222162405597132,-0.14494016766548157,-0.3953196704387665,0.21052631735801697,0.0009949454264985974,0.16929058270767255,0.024176960764465738,0.43087171401817187,0.421052604914,0.47198437208573213,0.4643120509255995
10992.097,-2.03795335611244,2.7429392396783996,-1.9417582030463894,-0.16102535818819028,-0.44997807153209796,0.24394727777540906,-1.8777697086334229,2.688462734222412,-1.9222162405597132,-0.14494016766548157,-0.3953196704387665,0.21052631735801697,-0.00729753840321902,0.16903619878485132,0.019541962486676168,0.47774378379506616,0.421052604914,0.4676931975696836,0.4565378723376648
10992.117,-2.040991447727027,2.7343298207039384,-1.9371082968811233,-0.14467102926164255,-0.4099723321047007,0.22142410310115646,-1.884818196296692,2.668625831604004,-1.9116900602923792,-0.14076067507266998,-0.3968107998371124,0.2105226069688797,0.00540755415498613,0.16934537786437476,0.025418236588744092,0.4345900522895577,0.421037256718,0.4722154939403495,0.4663507315902174
10992.138,-2.04399943139343,2.7256672957448305,-1.9324662243055617,-0.15831492980875483,-0.45592236626325033,0.24431960923709,-1.888337254524231,2.658705711364746,-1.9064272085772913,-0.14076067507266998,-0.3968107998371124,0.2105226069688797,0.007550681476604329,0.1692854225844266,0.026039015728270387,0.4824451132884322,0.421037256718,0.4721294305043226,0.4657139750494047
10992.158,-2.0469720756068788,2.716933768055349,-1.9278303613130077,-0.14155448636263865,-0.4158822709510251,0.22075538061020167,-1.8918461799621582,2.6487817764282227,-1.9011638800250452,-0.13658630847930908,-0.3982832133769989,0.21052630245685577,0.009638147389841693,0.1691621812853344,0.02666648128796245,0.43912855851025034,0.421052664518,0.47680321259256714,0.46792253264097594
10992.177,-2.0499167711971027,2.7081605041170733,-1.923215351320563,-0.1549839784309388,-0.4617507335878059,0.24289526275727008,-1.8918461799621582,2.6487817764282227,-1.9011638800250452,-0.13658630847930908,-0.3982832133769989,0.21052630245685577,0.0011682456027081317,0.16885135568754947,0.022051471295517766,0.4868674492003801,0.421052664518,0.47278350704700794,0.4599331091480863
10992.198,-2.052839988544244,2.6993303684536505,-1.9185852609473786,-0.14616086735386874,-0.4415067831615045,0.2315045186541669,-1.8918461799621582,2.6487817764282227,-1.9011638800250452,-0.13658630847930908,-0.3982832133769989,0.21052630245685577,-0.007347726436534856,0.16858285047338664,0.017421380922333363,0.4648876879968007,0.421052664518,0.4693455928570641,0.4540953591366795
10992.218,-2.055753552453809,2.6904440230185647,-1.913957109615776,-0.1456781954750806,-0.4443172717445924,0.23140756657508182,-1.8984757661819458,2.628800630569458,-1.8906376997577112,-0.13238050043582916,-0.39969614148139954,0.21052762866020203,0.00513081666597269,0.16884870330432705,0.023319409858064688,0.4674273957018521,0.421048223972,0.47033112551952055,0.4624400685076138
10992.237,-2.058650511075866,2.681543132521165,-1.9093568776789303,-0.14484793109969216,-0.44504452486026086,0.2300115968372627,-1.9017852544784546,2.6188080310821533,-1.8853743712054651,-0.13238050043582916,-0.39969614148139954,0.21052762866020203,0.007074252929964726,0.16879679092156274,0.023982506473465115,0.46788930544590834,0.421048223972,0.47165868672679245,0.4633362240971361
10992.257,-2.061518220867467,2.672597044202233,-1.9047843041663495,-0.1433854895899501,-0.4473044159775217,0.22862867564484218,-1.9050846099853516,2.6088123321533203,-1.8801115194903772,-0.12817172706127167,-0.4010702073574066,0.21052631735801697,0.008979123000854017,0.16869896103685803,0.024672784675972226,0.46959117507892306,0.421052604914,0.47295538768379125,0.46413164831216913
10992.277,-2.0643476043026108,2.663629923060434,-1.9002422746255077,-0.14146917175410345,-0.4483560570801625,0.2271014770371338,-1.9050846099853516,2.6088123321533203,-1.8801115194903772,-0.12817172706127167,-0.4010702073574066,0.21052631735801697,0.00034501969035555247,0.1684326292414041,0.020130755135130407,0.4700121860308601,0.421052604914,0.47026081358495747,0.4577427762641901
10992.297,-2.0671319802797283,2.654629893607961,-1.8957078922939568,-0.1392187988528391,-0.4500014726138397,0.22671911657259627,-1.9050846099853516,2.6088123321533203,-1.8801115194903772,-0.12817172706127167,-0.4010702073574066,0.21052631735801697,-0.008309229457165772,0.16819499357234388,0.015596372803579506,0.47089904606744204,0.421052604914,0.46626056740127564,0.4513999529272274
10992.317,-2.0698909261421834,2.64557009275502,-1.8911870597116638,-0.13794729311974213,-0.4529900426371623,0.22604162910971431,-1.9112920761108398,2.588696002960205,-1.869584862385885,-0.12393692135810852,-0.4023950695991516,0.21052762866020203,0.004031190920367758,0.16843992050881762,0.021602197325778727,0.4733832485357497,0.421048879623,0.466552403758996,0.4597527337474359
10992.337,-2.072625670151184,2.636490273883238,-1.8867012569046333,-0.13022590519780575,-0.4323723272519721,0.21360965748963162,-1.9143904447555542,2.5786361694335938,-1.864321533833639,-0.12393692135810852,-0.4023950695991516,0.21052762866020203,0.005831225059956542,0.16837897960249135,0.02237972307099434,0.4514348147075648,0.421048879623,0.46938494394037183,0.4613542097106823
10992.357,-2.075327914148035,2.6274069266612363,-1.8822452902073292,-0.14222336825359255,-0.4780709064152874,0.23452456301313035,-1.9143904447555542,2.5786361694335938,-1.864321533833639,-0.12393692135810852,-0.4023950695991516,0.21052762866020203,-0.002892967404841934,0.16814008015523224,0.01792375637369026,0.49865385348140046,0.421048879623,0.4637176867628351,0.4538565512381056
10992.377,-2.0779884468056573,2.618327277558674,-1.8778028047498916,-0.13302663287820216,-0.45398245511820073,0.22212427286703346,-1.9203753471374512,2.558453321456909,-1.853795353566305,-0.11543850600719452,-0.40491265058517456,0.21052762866020203,0.009442705560544197,0.16833780062122952,0.024007451183586603,0.472956876503733,0.421046674252,0.464809786234245,0.4628818906234365
10992.398,-2.0805998414789495,2.609250987650939,-1.8733682798210856,-0.1305697336617594,-0.4538144953768449,0.22172624643546154,-1.9203753471374512,2.558453321456909,-1.853795353566305,-0.11543850600719452,-0.40491265058517456,0.21052762866020203,0.0007469909992263227,0.16808251985913347,0.019572926254780576,0.4721058721238201,0.421046674252,0.4619584901725256,0.456648348261242
10992.417,-2.0831612946827587,2.6001632273965294,-1.8689095645608207,-0.12807266019931174,-0.45438801275189383,0.22293576302865303,-1.923261284828186,2.548330545425415,-1.8485320250140589,-0.11543850600719452,-0.40491265058517456,0.21052762866020203,0.002581083537270497,0.16807134818161226,0.020377539546761803,0.4719631737418292,0.421046674252,0.45937827745661536,0.45773948595553343
10992.446,-2.085682316015343,2.5910554489326447,-1.86444926229931,-0.08403404441764442,-0.30359261545619537,0.14867674204710865,-1.926147222518921,2.538207769393921,-1.843269173298971,-0.11543850600719452,-0.40491265058517456,0.21052762866020203,0.0044078781765014355,0.16800266039417627,0.021180089000339075,0.3149204159407696,0.421046674252,0.48320277014280405,0.46308703526305917
10992.456,-2.088166435948605,2.5819349942763177,-1.8600018830820666,-0.2484119933207696,-0.9120454656127969,0.4447379217146398,-1.9290229082107544,2.5280821323394775,-1.838005844746725,-0.11117585748434067,-0.4061099588871002,0.21052631735801697,0.006230112561748907,0.16789275999013276,0.021996038335341694,0.9450137288849256,0.421052694321,0.4589398953033402,0.44653889233705235
10992.477,-2.090609693600547,2.572751897450251,-1.8555374240219327,-0.12216288259443228,-0.4591548412933218,0.223222953001824,-1.9290229082107544,2.5280821323394775,-1.838005844746725,-0.11117585748434067,-0.4061099588871002,0.21052631735801697,-0.0025200687250871295,0.16762853689416776,0.017531579275207765,0.47498335314281115,0.421052694321,0.45534054141753605,0.45326557460611594
10992.497,-2.093029130793224,2.5635309405815683,-1.8511118150252641,-0.11521129489584281,-0.4390931842476228,0.21074328556747404,-1.9290229082107544,2.5280821323394775,-1.838005844746725,-0.11117585748434067,-0.4061099588871002,0.21052631735801697,-0.011308593142366263,0.16741199112577168,0.013105970278539214,0.4538288112443075,0.421052694321,0.4524414197240855,0.44748950882980365
10992.517,-2.095435317803407,2.5543127411743014,-1.8467011130540318,-0.12664142158702837,-0.48516838985020566,0.23214220900938043,-1.9345917701721191,2.5069079399108887,-1.8270586172686976,-0.10688755661249161,-0.4072464406490326,0.2105226069688797,0.0017952939751726751,0.16767420468570798,0.01964249578533428,0.501318244413848,0.421039909124,0.4471412756411675,0.4554569996738888
10992.537,-2.0978044014144817,2.545106761501761,-1.84227149256668,-0.1184541805511542,-0.46029898361698035,0.2214810243627524,-1.937050223350525,2.4975414276123047,-1.822216812764303,-0.10688755661249161,-0.4072464406490326,0.2105226069688797,0.002716625070424021,0.16762155798482636,0.020054679802377073,0.475204994371134,0.421039909124,0.444108147762933,0.45660743961238065
10992.557,-2.100124271109462,2.5360035921365482,-1.837850443125098,-0.11599348474648993,-0.45515846825069506,0.22105247207428338,-1.937050223350525,2.4975414276123047,-1.822216812764303,-0.10688755661249161,-0.4072464406490326,0.2105226069688797,-0.005935018248810084,0.16744329998766866,0.015633630360794903,0.4696338775581928,0.421039909124,0.4407263692924232,0.45063739660717717
10992.577,-2.102354559986493,2.527000882001311,-1.8333757634329024,-0.1115144438592428,-0.450135506792987,0.22373398462524008,-1.9421801567077637,2.4771249294281006,-1.8116901556598108,-0.09829142689704895,-0.40941405296325684,0.21052762866020203,0.0065895265342051645,0.16763063040756324,0.021685607773091586,0.463652576335055,0.421047598124,0.4423157761053614,0.45921824328196875
10992.598,-2.1044708615805154,2.518073270382234,-1.8288712171287154,-0.10581507969882285,-0.4463805809440877,0.2252273152044369,-1.9421801567077637,2.4771249294281006,-1.8116901556598108,-0.09829142689704895,-0.40941405296325684,0.21052762866020203,-0.00182752148711407,0.16736696113691232,0.017181061468904524,0.45860392752280543,0.421047598124,0.44041284372335715,0.4530149740868808
10992.617,-2.1064992938134877,2.509215879693677,-1.8243603828320651,-0.10142161164639726,-0.44286953441818083,0.22554171482758809,-1.944637417793274,2.4668893814086914,-1.806427303944723,-0.09829142689704895,-0.40941405296325684,0.21052762866020203,0.00036912338201518236,0.16730410369677365,0.01793307888734219,0.4541507464312325,0.421047598124,0.4420541161542753,0.4541539431164968
10992.637,-2.108465536744527,2.5003887461288246,-1.8198477815408207,-0.0983121465498139,-0.4413566782329987,0.2256300645572961,-1.9470946788787842,2.4566540718078613,-1.8011639753924769,-0.09829142689704895,-0.40941405296325684,0.21052762866020203,0.0026098513842724505,0.16717195991564632,0.018683806148343862,0.45197179929749504,0.421047598124,0.4442210218040891,0.4551313666524347
10992.657,-2.1104082736288348,2.491599943874917,-1.8153432620285694,-0.09713684421327497,-0.43944011268579636,0.22522597560764787,-1.9495415687561035,2.4464163780212402,-1.7959006468402308,-0.09398311376571655,-0.41042962670326233,0.21052631735801697,0.004890698442434796,0.16702015575555276,0.019442615188338674,0.4498839618316407,0.421052604914,0.44691163333856004,0.4560905224353207
10992.677,-2.1123407187362515,2.4828362844258804,-1.8108355418638908,-0.09662225537751604,-0.438182972482105,0.22538600824950888,-1.9495415687561035,2.4464163780212402,-1.7959006468402308,-0.09398311376571655,-0.41042962670326233,0.21052631735801697,-0.0033282880818847893,0.16678997366516207,0.014934895023660077,0.44859072054815635,0.421052604914,0.44577084746582435,0.4498272525687997
10992.697,-2.1142587666907775,2.4740724222156443,-1.8063144259953274,-0.09590239772420626,-0.4381931105022438,0.22605579342323606,-1.9495415687561035,2.4464163780212402,-1.7959006468402308,-0.09398311376571655,-0.41042962670326233,0.21052631735801697,-0.011543673521807636,0.1666233947486226,0.01041377915509667,0.4484746841647165,0.421052604914,0.44348658635858007,0.4436293956374099
10992.717,-2.1161556355838664,2.465333496412187,-1.8018158648009857,-0.09484344465237637,-0.43694629016331954,0.22492805971217913,-1.9540350437164307,2.425848960876465,-1.7853744665728968,-0.089652419090271,-0.4113929569721222,0.21052762866020203,0.0013148006502539736,0.16685438607711062,0.016441398228088877,0.4470544503782414,0.421048372984,0.4459484790677158,0.4523153173266787
10992.737,-2.11801193525203,2.456583838033164,-1.7973643714907241,-0.09281498340615889,-0.43748291894161045,0.22257466550821725,-1.956276297569275,2.4155642986297607,-1.7801111380206507,-0.089652419090271,-0.4113929569721222,0.21052762866020203,0.0036397842644234277,0.16681657915214326,0.01725323347007346,0.4471516551713287,0.421048372984,0.44886570933198455,0.45347713701061965
10992.758,-2.119833175776564,2.447832275109306,-1.792932172886219,-0.09106202623297915,-0.43757814622314234,0.2216099302405708,-1.9585071802139282,2.4052772521972656,-1.7748478094684046,-0.08532226085662842,-0.4123171269893646,0.21052631735801697,0.005967115313603874,0.16673751933549316,0.018084363417814497,0.44688865845068626,0.421052604914,0.45199673163581666,0.45459493891468566
10992.777,-2.1216250375177457,2.439080240851408,-1.7885148933326172,-0.08959308705713656,-0.43760171288535643,0.22086397767527594,-1.9585071802139282,2.4052772521972656,-1.7748478094684046,-0.08532226085662842,-0.4123171269893646,0.21052631735801697,-0.00222888898724289,0.16656863290314644,0.01366708386421256,0.44662349621266795,0.421052604914,0.4512400900851454,0.4484918259773822
10992.798,-2.1233926047606024,2.4302880217002767,-1.784069129600535,-0.0883783621409089,-0.4396109575469619,0.22228818659925056,-1.9585071802139282,2.4052772521972656,-1.7748478094684046,-0.08532226085662842,-0.4123171269893646,0.21052631735801697,-0.010455484950932136,0.16644345782730716,0.009221320132130506,0.4483570168961557,0.421052604914,0.44911810066936314,0.44239666147353224
10992.817,-2.12513858781705,2.421476024488535,-1.7795964907617186,-0.08729915282046766,-0.4405998605774702,0.22363194193594585,-1.9625667333602905,2.384619951248169,-1.7643216292010706,-0.08097158372402191,-0.4131881892681122,0.21052762866020203,0.002356657571102011,0.16668060523438696,0.015274861560647945,0.4491260923414195,0.421047359705,0.4515206218458842,0.45106025608648753
10992.837,-2.1268502166533136,2.4126332721543067,-1.7751353482999557,-0.08558144181910281,-0.44213761674197455,0.22305712310356202,-1.9645910263061523,2.3742902278900146,-1.7590583006488245,-0.08097158372402191,-0.4131881892681122,0.21052762866020203,0.0046196984471816305,0.16666401015764287,0.01607704765113116,0.4503052711706721,0.421047359705,0.45412496680737424,0.4522111105589035
10992.857,-2.1285119301987914,2.4037637065479256,-1.7706851864263442,-0.0830856772720728,-0.4434782803093738,0.22250809367571658,-1.9645910263061523,2.3742902278900146,-1.7590583006488245,-0.08097158372402191,-0.4131881892681122,0.21052762866020203,-0.003661579033845074,0.1665092835734904,0.011626885777519691,0.45114555562301045,0.421047359705,0.45268237252469506,0.4460785927172339
10992.877,-2.1301112337688606,2.3948682682603053,-1.7662345517624864,-0.07615731285811658,-0.423592299397575,0.2119349839867646,-1.9684220552444458,2.353590726852417,-1.7485321203814905,-0.07225372642278671,-0.4147922992706299,0.2105226069688797,0.009092264703752365,0.16662699841003228,0.01770243138099592,0.43031770835415895,0.421038299799,0.45813367215893974,0.4550474061503493
10992.898,-2.131659983986021,2.3859641592794048,-1.761770837464626,-0.07743751085633467,-0.44520544903530956,0.22318571488815442,-1.9684220552444458,2.353590726852417,-1.7485321203814905,-0.07225372642278671,-0.4147922992706299,0.2105226069688797,0.0007997399193641272,0.16641520640556176,0.013238717083135398,0.4518103524552324,0.421038299799,0.46004917779717097,0.4483040448326649
10992.918,-2.1331580191059416,2.3770337829727852,-1.7572771813121442,-0.07884395368660978,-0.47001980565079216,0.23650821857141588,-1.9702284336090088,2.3432209491729736,-1.7432692686664026,-0.07225372642278671,-0.4147922992706299,0.2105226069688797,0.0030191556200614943,0.16637380280295896,0.014007912645741527,0.4764887866368396,0.421038299799,0.45720401229839447,0.4488915727688489
10992.937,-2.1346103893126873,2.368058311349941,-1.7527731953551928,-0.06916048603340143,-0.4274034105986014,0.2144755217530483,-1.9720348119735718,2.332850933074951,-1.7380059401141565,-0.07225372642278671,-0.4147922992706299,0.2105226069688797,0.005204051612372029,0.16626273087785107,0.014767255241036281,0.4328623228162326,0.421038299799,0.46181262523605754,0.4507579123464428
10992.957,-2.1360253738242445,2.359056522950645,-1.7482704216735572,-0.07447286902841337,-0.47377833679925246,0.23698808850423547,-1.9738305807113647,2.322479486465454,-1.7327430883990687,-0.06789117306470871,-0.41554316878318787,0.21052630245685577,0.007368009578808888,0.1661046144627398,0.01552733327448852,0.4794843207685725,0.421052664518,0.4619212992885145,0.45062364875620137
10992.977,-2.1373883585771063,2.3500013506942943,-1.7437714957143535,-0.06814923764160168,-0.45275861280764484,0.2249462979552723,-1.9738305807113647,2.322479486465454,-1.7327430883990687,-0.06789117306470871,-0.41554316878318787,0.21052630245685577,-0.0010394061960168205,0.16585390964873167,0.011028407315284872,0.45773155251529557,0.421052664518,0.46018578953445993,0.4447817929792802
10992.997,-2.138705984228035,2.340895091686235,-1.7392720688124865,-0.06588128255098548,-0.4553129504344249,0.2249713451089003,-1.9738305807113647,2.322479486465454,-1.7327430883990687,-0.06789117306470871,-0.41554316878318787,0.21052630245685577,-0.009491417979212442,0.16562894126684613,0.006528980413417873,0.45991336650164416,0.421052664518,0.4570480102245801,0.43846869927053583
10993.018,-2.1399891305223058,2.331771154973568,-1.7347851987553797,-0.06110220448722476,-0.43447317678042935,0.21366047890333295,-1.9770169258117676,2.3016695976257324,-1.7222164312945765,-0.06350744515657425,-0.4162329137325287,0.21052762866020203,0.0030917096336092707,0.16569998368895528,0.012568767460803265,0.4386194860992977,0.421049922705,0.4607427473573745,0.4471444380309979
10993.037,-2.141234855353211,2.322644644518024,-1.73031988782471,-0.06556446478367103,-0.4803426555490507,0.2350163647692158,-1.9786046743392944,2.2912635803222656,-1.7169535795794886,-0.06350744515657425,-0.4162329137325287,0.21052762866020203,0.005149169071796959,0.1655500921912989,0.013366308245221337,0.4846585549909141,0.421049922705,0.45740694510445384,0.44714539909777123
10993.057,-2.1424361804503915,2.313529405296488,-1.7258441323628437,-0.06006625485772582,-0.4557619610668688,0.2237877730884243,-1.9801816940307617,2.2808563709259033,-1.7116902510272425,-0.05912845581769943,-0.41688022017478943,0.21052631735801697,0.007224566159608321,0.16535371535615603,0.014153881335601248,0.45957058013537033,0.421052604914,0.4594451376586078,0.4484524904266103
10993.077,-2.1435941396640867,2.3044418344198525,-1.721379593149417,-0.05789796068876272,-0.4543785438631756,0.22322696068677086,-1.9801816940307617,2.2808563709259033,-1.7116902510272425,-0.05912845581769943,-0.41688022017478943,0.21052631735801697,-0.0011957248244952555,0.16510139829278522,0.009689342122174427,0.4579222339159725,0.421052604914,0.4576594151600614,0.4421955386606838
10993.098,-2.1446971879313854,2.295384475572935,-1.7169050680400633,-0.05252610796500223,-0.43130280222101086,0.21307262424843892,-1.9801816940307617,2.2808563709259033,-1.7116902510272425,-0.05912845581769943,-0.41688022017478943,0.21052631735801697,-0.009578410684875109,0.16487773532758487,0.005214817012820783,0.4343545579632983,0.421052604914,0.45697289645701455,0.4362281968059732
10993.118,-2.1457457395835293,2.2863129033153653,-1.7124364529865317,-0.055186929059529155,-0.4774511714451927,0.2351902659724641,-1.9829293489456177,2.259984016418457,-1.7011635939227503,-0.054731275886297226,-0.4174749553203583,0.21052762866020203,0.00308092175668382,0.16490268423138668,0.011272859063781393,0.4804604516000555,0.421047329903,0.45374092152472556,0.44378717064763346
10993.138,-2.1467431839254765,2.2772175619248007,-1.7080184944432295,-0.04987221709626896,-0.45476706951830137,0.2208979271602873,-1.9842976331710815,2.249547243118286,-1.6959007422076624,-0.054731275886297226,-0.4174749553203583,0.21052762866020203,0.005188972628886242,0.16470360671767187,0.012117752235567103,0.45731428594334195,0.421047329903,0.45570084931312815,0.44506607657723907
10993.157,-2.1476859384360454,2.26809785630795,-1.7036256918648995,-0.047137725527416616,-0.4559852808325881,0.21964012891170415,-1.9856553077697754,2.2391090393066406,-1.6906374136554163,-0.050339531153440475,-0.41803255677223206,0.21052631735801697,0.007274266045455096,0.1644425791537719,0.012988278209483228,0.45821145014944104,0.421052604914,0.45786175400095236,0.44583075687626567
10993.178,-2.148579919900585,2.2589483181795496,-1.6992466762088416,-0.04257054593283946,-0.43569229185304337,0.2085245550620812,-1.9856553077697754,2.2391090393066406,-1.6906374136554163,-0.050339531153440475,-0.41803255677223206,0.21052631735801697,-0.0011943865732666897,0.16412373278988432,0.008609262553425312,0.4375560572252424,0.421052604914,0.46100410923891616,0.439809672993832
10993.197,-2.14942512963768,2.2497670565717227,-1.6948669477332792,-0.04448472300446706,-0.48322429514285953,0.23051202502677787,-1.9856553077697754,2.2391090393066406,-1.6906374136554163,-0.050339531153440475,-0.41803255677223206,0.21052631735801697,-0.009690843140577266,0.16382989789990332,0.004229534077862862,0.4850149005531429,0.421052604914,0.455630874830866,0.43291813950876534
10993.217,-2.150236552375543,2.2405641309015216,-1.6904810268895205,-0.03863917799230069,-0.43823455571049974,0.20885337350594935,-1.9879628419876099,2.2181835174560547,-1.6801112333880823,-0.045930035412311554,-0.418535977602005,0.21052762866020203,0.0028451638111547106,0.16378508474262835,0.010369793501438185,0.43971305682211775,0.421048611403,0.4591371429108102,0.44168111102987856
10993.238,-2.1510111146131434,2.231349944257828,-1.6861192280055655,-0.0387281118826923,-0.4607093322165172,0.21808994421282712,-1.989111065864563,2.2077200412750244,-1.6748479048358362,-0.045930035412311554,-0.418535977602005,0.21052762866020203,0.0048435197303413925,0.16354368962571203,0.01127132316972923,0.46210549882719776,0.421048611403,0.46055591577934674,0.44213079287000057
10993.257,-2.151756333670213,2.2221300382515743,-1.6817641133169592,-0.039222055634760965,-0.4852582108495212,0.2292165625554162,-1.990248680114746,2.1972553730010986,-1.6695845762835901,-0.041528306901454926,-0.41899964213371277,0.21052631735801697,0.006836283208202159,0.16326890812464326,0.012179537033369048,0.4866170348660656,0.421052604914,0.45988154907640805,0.44245015442972313
10993.277,-2.152460709295441,2.2128934048504227,-1.6774423398804077,-0.03521878126063479,-0.4618316700474967,0.21608867182285776,-1.990248680114746,2.1972553730010986,-1.6695845762835901,-0.041528306901454926,-0.41899964213371277,0.21052631735801697,-0.001717305472776081,0.1629550284985164,0.007857763596817557,0.4629566935689419,0.421052604914,0.45736724187866507,0.43662177496931626
10993.297,-2.1531244930682734,2.2036354532347966,-1.6731262506682538,-0.03318918864088913,-0.4628975807712033,0.21580446060298308,-1.990248680114746,2.1972553730010986,-1.6695845762835901,-0.041528306901454926,-0.41899964213371277,0.21052631735801697,-0.010291291659743015,0.16267552116109826,0.0035416743846636844,0.4638664219578657,0.421052604914,0.4538615502421002,0.4304077036900015
10993.318,-2.1537450218740473,2.194344847666442,-1.668811919405472,-0.029548990752796697,-0.4424097889940983,0.20544434585828378,-1.9921152591705322,2.176286458969116,-1.6590583960162562,-0.03710978105664253,-0.4193984568119049,0.2105226069688797,0.0021548311958121784,0.1626211618961562,0.009753523389215868,0.4431779885467142,0.421037048101,0.4568834962096629,0.4389026405991729
10993.337,-2.15432537239236,2.185042734207668,-1.6645477034199263,-0.030544764121354345,-0.48958491887683486,0.22443242028912955,-1.993043065071106,2.165801525115967,-1.6537955443011683,-0.03710978105664253,-0.4193984568119049,0.2105226069688797,0.0040584140914546925,0.1623752938634456,0.010752159118758042,0.4902943555579038,0.421037048101,0.452816969843503,0.439010379583059
10993.356,-2.1548718070305064,2.1757652664887805,-1.6602611618645924,-0.027321731906718532,-0.46387338593425465,0.21432707776201781,-1.9939601421356201,2.155315637588501,-1.6485322157489222,-0.0326988659799099,-0.41978102922439575,0.21052630245685577,0.005991105329354577,0.16209521238560967,0.011728946115670214,0.4644592873919451,0.421052634716,0.4541334543634649,0.44026655392654995
10993.377,-2.1553801303958116,2.1665220151128697,-1.655979564201425,-0.02541616826470283,-0.46216256878545525,0.2140798831536961,-1.9939601421356201,2.155315637588501,-1.6485322157489222,-0.0326988659799099,-0.41978102922439575,0.21052630245685577,-0.0025679097890440473,0.16178813722413135,0.007447348452502833,0.46264922828226274,0.421052634716,0.4516214079264531,0.43408022107240407
10993.398,-2.155857858553005,2.1573162806418873,-1.651668634378846,-0.022748959865652535,-0.43836830812865263,0.2052823724975014,-1.9939601421356201,2.155315637588501,-1.6485322157489222,-0.0326988659799099,-0.41978102922439575,0.21052630245685577,-0.011084670264251188,0.16153019296380416,0.003136418629923865,0.43877330864217323,0.421052634716,0.4501831542157958,0.4281509426734952
10993.418,-2.156290418277114,2.148113262805335,-1.6473513183134745,-0.02162798620695854,-0.46015089185941066,0.21586580328349883,-1.995384931564331,2.1343114376068115,-1.6380060354815882,-0.028272824361920357,-0.4201000928878784,0.21052762866020203,0.001455311366510453,0.16148977708175433,0.009345282831886292,0.4604572682555507,0.421050399542,0.4512467501563855,0.43617389359567654
10993.437,-2.1566907473091983,2.13894512909826,-1.6430570158874551,-0.021069949056805027,-0.482533352998036,0.22601591715614394,-1.9960917234420776,2.1238090991973877,-1.632742706929342,-0.028272824361920357,-0.4201000928878784,0.21052762866020203,0.0035016305784216824,0.16127270212755895,0.010314308958113028,0.4827953056478,0.421050399542,0.44778428302446527,0.4367469754589795
10993.457,-2.1570499336206934,2.12979801830925,-1.638741848547134,-0.017959315574363928,-0.457355539440516,0.21575836701135168,-1.9967879056930542,2.1133058071136475,-1.6274798552142542,-0.02385473996400833,-0.42037633061408997,0.21052631735801697,0.005573446295235979,0.1610119477616301,0.011261993332879694,0.45751954950492646,0.421052604914,0.44970475076613387,0.43801605056148296
10993.477,-2.1573588300410123,2.1206409419338503,-1.6344605975624291,-0.015444821015604784,-0.45785381875999925,0.21406254923056628,-1.9967879056930542,2.1133058071136475,-1.6274798552142542,-0.02385473996400833,-0.42037633061408997,0.21052631735801697,-0.0028954519013167663,0.16071229668906914,0.006980742348174918,0.4579088786186345,0.421052604914,0.4475940400437505,0.43180140577028464
10993.498,-2.1576289380411326,2.111498110397704,-1.6301648764479215,-0.013505400006953256,-0.4571415768389167,0.21478605574022636,-1.9967879056930542,2.1133058071136475,-1.6274798552142542,-0.02385473996400833,-0.42037633061408997,0.21052631735801697,-0.011347802348219147,0.16045040615741116,0.0026850212336673174,0.45713751228372634,0.421052604914,0.44436994099515964,0.4256545857709644
10993.517,-2.157856387268134,2.102354386838984,-1.6258522352532112,-0.011372461349808302,-0.4571861779260182,0.21563205973080868,-1.997770071029663,2.0922765731811523,-1.616953198109762,-0.019422730430960655,-0.42059817910194397,0.21052762866020203,0.001253298181706733,0.1603983173808047,0.008899037143449195,0.45711925721952623,0.421046406031,0.4457098787847203,0.4338984626987361
10993.537,-2.1580521651527116,2.0932379541678303,-1.621562950853849,-0.009788894228676728,-0.4558216335477352,0.21446421996343218,-1.998255729675293,2.081761598587036,-1.611689869557516,-0.019422730430960655,-0.42059817910194397,0.21052762866020203,0.003352728604474638,0.1601729276114112,0.00987308129633302,0.455731112190582,0.421046406031,0.4474756343491312,0.4348655764744164
10993.557,-2.1582232086328297,2.084195094313996,-1.6172908918907254,-0.008552174005718014,-0.4521429926818482,0.21360294815151493,-1.9987306594848633,2.0712461471557617,-1.606427017842428,-0.015000037848949432,-0.4207853376865387,0.21052631735801697,0.005522088273164121,0.15992202789899396,0.010863874048297362,0.45205185824568384,0.421052604914,0.45002425195069984,0.43585895547689235
10993.578,-2.158366761100932,2.0752027367107493,-1.6130283302683321,-0.0068358318147828025,-0.4282075049405434,0.20297912488726183,-1.9987306594848633,2.0712461471557617,-1.606427017842428,-0.015000037848949432,-0.4207853376865387,0.21052631735801697,-0.002786686836100555,0.1596608089562369,0.006601312425904116,0.42811430369809667,0.421052604914,0.45362850193169785,0.4300451858071185
10993.598,-2.1584772324780905,2.0662334738511725,-1.608772419487045,-0.005814283008269382,-0.47206646628772975,0.2239953042755275,-1.9987306594848633,2.0712461471557617,-1.606427017842428,-0.015000037848949432,-0.4207853376865387,0.21052631735801697,-0.01107415172971413,0.15944107889815062,0.00234540164461694,0.47194685461541586,0.421052604914,0.44920380005363914,0.4235357448145287
10993.617,-2.1585473345600716,2.057246344129898,-1.6045163928953272,-0.003505104098978736,-0.44935648605391487,0.2128013295812427,-1.9992804527282715,2.0497796535491943,-1.5956900755511683,-0.010564305819571018,-0.4209153652191162,0.21052762866020203,0.002092973914654573,0.15942807336490378,0.008826317344158952,0.44921921141292387,0.421047925949,0.45141659120160815,0.432452029920454
10993.637,-2.1585849702068405,2.0482402867220086,-1.6002529926081723,-0.0018817823384009755,-0.4503028703846409,0.21317001435309113,-1.999534010887146,2.039677858352661,-1.590637509022848,-0.010564305819571018,-0.4209153652191162,0.21052762866020203,0.0038742804051131226,0.1592341445527242,0.00961548358532438,0.4501629447173581,0.421047925949,0.4537826259420348,0.4332051782692427
10993.656,-2.158590329695713,2.0392300596007082,-1.5959867546813071,-0.00026797444362928346,-0.4505113560551861,0.21331189633860395,-1.999787449836731,2.0291547775268555,-1.5853741804706019,-0.006138690281659365,-0.4210078716278076,0.21052631735801697,0.006072196134017242,0.15900627155708064,0.010612574210705272,0.45037517557524853,0.421052634716,0.4564329444137509,0.4341890011467595
10993.678,-2.1585491158593433,2.0302055217531234,-1.5916919164214811,0.0019625636367721646,-0.42973989752816055,0.20451610762224195,-1.999787449836731,2.0291547775268555,-1.5853741804706019,-0.006138690281659365,-0.4210078716278076,0.21052631735801697,-0.002266662371560278,0.15874896189707158,0.006317735950879255,0.42960507726708774,0.421052634716,0.46012121754846463,0.4282907268290907
10993.697,-2.158476584494418,2.0211919296602794,-1.5873845419102193,0.0038174402591765614,-0.4743995838280826,0.22670392164258196,-1.999787449836731,2.0291547775268555,-1.5853741804706019,-0.006138690281659365,-0.4210078716278076,0.21052631735801697,-0.010594001107196077,0.15853521862694267,0.002010361439617414,0.4742709937074193,0.421052634716,0.45552691701947146,0.42175072249734147
10993.717,-2.1583734827907337,2.012183710810141,-1.583060013642081,0.0051550851841038435,-0.4504109424970976,0.2162264134021972,-1.9998836517333984,2.0081028938293457,-1.5748480002032679,-0.0017011024756357074,-0.4210352897644043,0.2105226069688797,0.0021368891750139637,0.15852795753578333,0.00821201343881306,0.4503138537000596,0.421038717031,0.45761943272917893,0.43031621468128733
10993.737,-2.15822431640912,2.003161813290236,-1.5787524268273312,0.007458319080525925,-0.4510948759853929,0.21537934073278583,-1.999926209449768,1.9975770711898804,-1.56958514848818,-0.0017011024756357074,-0.4210352897644043,0.2105226069688797,0.004325143058509798,0.1583375291861197,0.009167278339151208,0.4510212605077415,0.421038717031,0.4599455307819983,0.4313160322765243
10993.758,-2.1580614680825456,1.9941490748822828,-1.5744750751123346,0.008142416329278635,-0.4506369204288111,0.2138675857646102,-1.9999580383300781,1.987051248550415,-1.5643218199359339,0.0027251779101788998,-0.4210438132286072,0.21052630245685577,0.006516156889493065,0.15812847098964275,0.010153255176400755,0.45060391732209215,0.421052634716,0.46261375665864835,0.43233339692327205
10993.777,-2.1578720552146473,1.9851278981392344,-1.570256216540403,0.009470643394708711,-0.45105883714257256,0.21094292859197583,-1.9999580383300781,1.987051248550415,-1.5643218199359339,0.0027251779101788998,-0.4210438132286072,0.21052630245685577,-0.0018380591549408353,0.1579150326725329,0.00593439660446915,0.45106388654270346,0.421052634716,0.46126186640305494,0.426317578200516
10993.797,-2.1576475007373306,1.976092951794484,-1.566089736040968,0.011227723865591404,-0.4517473172276557,0.20832402496720379,-1.9999580383300781,1.987051248550415,-1.5643218199359339,0.0027251779101788998,-0.4210438132286072,0.21052630245685577,-0.010215998356445474,0.1577392918700361,0.0017679161050341285,0.45179515779062407,0.421052634716,0.45866146541528596,0.4204133036105361
10993.818,-2.15739928634952,1.9670589971593266,-1.5619636724739827,0.01181973275355111,-0.4301883159840239,0.19647921748651886,-1.9996111392974854,1.9660016298294067,-1.5537956396686,0.007162061054259539,-0.42098814249038696,0.21052762866020203,0.0024509961218251415,0.1577726528705012,0.008168032805382808,0.43027593361021865,0.421049058437,0.46295325796436254,0.42933046066999164
10993.837,-2.1571230828698673,1.9580377695676465,-1.5578570317509883,0.014537025244696902,-0.4748014521878719,0.2161389854181083,-1.99943208694458,1.955476999282837,-1.5485323111163538,0.007162061054259539,-0.42098814249038696,0.21052762866020203,0.0046009093053127285,0.15764466173621233,0.00932472063463452,0.47494979945127846,0.421049058437,0.4629587783216329,0.4299739275885565
10993.857,-2.156810207337038,1.949009975551383,-1.5537087492318769,0.015643776641130404,-0.4513897008033233,0.20741412595104655,-1.9992423057556152,1.9449524879455566,-1.5432689825641077,0.011588038876652718,-0.420893132686615,0.21052631735801697,0.006749217972330022,0.15747556912488458,0.010439766667769135,0.45159110406489195,0.421052634716,0.465554048965941,0.43151874977758786
10993.877,-2.1564685163022594,1.9399674035217507,-1.549512441331389,0.01708455173854884,-0.45212860147174716,0.20981539501981322,-1.9992423057556152,1.9449524879455566,-1.5432689825641077,0.011588038876652718,-0.420893132686615,0.21052631735801697,-0.001637823326676874,0.1572966938124281,0.006243458767281274,0.4523897955438255,0.421052634716,0.4640916417488471,0.4255775621822514
10993.898,-2.156100612847974,1.9309010356861502,-1.5452590674237334,0.017519212108293932,-0.43173180168209574,0.20254161464408962,-1.9992423057556152,1.9449524879455566,-1.5432689825641077,0.011588038876652718,-0.420893132686615,0.21052631735801697,-0.01004157477350636,0.15716595875235578,0.001990084859625707,0.43203837607369283,0.421052634716,0.4634119762608789,0.4198362224809554
10993.917,-2.1556924824769728,1.921796389353461,-1.5409760541463897,0.02148054584396649,-0.4791919122868012,0.22542175145796106,-1.9984523057937622,1.923914909362793,-1.5327428022967737,0.016022875905036926,-0.4207424819469452,0.21052762866020203,0.0025706718976315156,0.157233434537289,0.008233251849615986,0.4796193284942025,0.421047478914,0.4600437066944739,0.4277970891855132
10993.937,-2.1552497028057798,1.9126755194660383,-1.536713861711438,0.02213898355916647,-0.4560434943611844,0.21310962174293524,-1.9980517625808716,1.9133963584899902,-1.5274794737445276,0.016022875905036926,-0.4207424819469452,0.21052762866020203,0.004636235710870508,0.15713121057983837,0.00923438796691034,0.4565330517089552,0.421047478914,0.46184936231138196,0.42929796307514123
10993.957,-2.15476518466284,1.9035479887063091,-1.532442559522445,0.024225907146462,-0.4563765379764964,0.21356510944499213,-1.9976404905319214,1.9028782844543457,-1.5222161451922815,0.02044576406478882,-0.42055588960647583,0.21052631735801697,0.006694058335873233,0.15698346279948006,0.010226414330163358,0.4569698385842703,0.421052604914,0.4638992142213792,0.4303770210666922
10993.978,-2.154239576479542,1.8944279944758988,-1.5281928462391676,0.026280409164329062,-0.4559997115105626,0.21248566415922582,-1.9976404905319214,1.9028782844543457,-1.5222161451922815,0.02044576406478882,-0.42055588960647583,0.21052631735801697,-0.0017729742067381857,0.15681689221130582,0.005976701046886079,0.4567052396989284,0.421052604914,0.4618893829208436,0.4244260321163242
10993.998,-2.1536620746876878,1.8853022993519666,-1.5239468488888794,0.028875089594701798,-0.45628475622815123,0.21229986752908395,-1.9976404905319214,1.9028782844543457,-1.5222161451922815,0.02044576406478882,-0.42055588960647583,0.21052631735801697,-0.010249843959867506,0.1566735161844283,0.0017307036965978906,0.4571363921940661,0.421052604914,0.4589004044503784,0.4185088495039721
10994.017,-2.1530446836376758,1.8761571889629889,-1.5196896596860712,0.030869552499927046,-0.45725551943890386,0.21285946013576698,-1.9964077472686768,1.8818625211715698,-1.5116899649249476,0.024876542389392853,-0.4203033745288849,0.2105226069688797,0.0023038244610262375,0.15672387515477304,0.00799969476112361,0.4582354517797523,0.421038925648,0.46020306849531323,0.4269516754548338
10994.037,-2.1523884462662863,1.866995960326422,-1.5154572803441115,0.031249398636638795,-0.43624898268036494,0.20154187342050436,-1.9957858324050903,1.8713549375534058,-1.5064271132098597,0.024876542389392853,-0.4203033745288849,0.2105226069688797,0.004309512294653481,0.15660398288168295,0.009030167134251865,0.437309595910795,0.421038925648,0.4640178904084394,0.428422294577549
10994.058,-2.151671515594119,1.8577856694977424,-1.5112038236911904,0.03584653360759219,-0.4605145414239241,0.21267283264141254,-1.9951533079147339,1.8608479499816895,-1.5011642614947718,0.029294226318597794,-0.4200323224067688,0.21052630245685577,0.006264947522919917,0.15642275195592392,0.010039562196418661,0.46183199900069344,0.421052604914,0.46551511671194684,0.429081599789059
10994.077,-2.1509157936585783,1.848557065344596,-1.5069461452375503,0.03977483871597948,-0.4857160081008861,0.22408833968397643,-1.9951533079147339,1.8608479499816895,-1.5011642614947718,0.029294226318597794,-0.4200323224067688,0.21052630245685577,-0.002327132442098862,0.15622932587981236,0.0057818837427785486,0.4872641552326534,0.421052604914,0.460761307388508,0.4227747314282799
10994.097,-2.1501046495913134,1.8393191019852777,-1.5026750888852525,0.04055720336235981,-0.4618981679558306,0.21355281761023123,-1.9951533079147339,1.8608479499816895,-1.5011642614947718,0.029294226318597794,-0.4200323224067688,0.21052630245685577,-0.010931599650591067,0.15605739236737198,0.0015108273904806957,0.46358753299805705,0.421052604914,0.4568701756772721,0.4170666588548093
10994.117,-2.1492313346347776,1.83004248844921,-1.4983655364979223,0.04158642650043987,-0.4417435017040452,0.20521678034280097,-1.9934784173965454,1.83986234664917,-1.4906376043902796,0.0337194949388504,-0.4196958541870117,0.21052762866020203,0.0014773345445691817,0.15605517718400225,0.0077279321076426655,0.44359477124465,0.421048223972,0.4596100392005429,0.4255926415634456
10994.137,-2.148335299190203,1.8207893781035436,-1.4940514426149616,0.0448017722277418,-0.4626555172732181,0.21570469414332502,-1.9926354885101318,1.8293699026107788,-1.4853742758380335,0.0337194949388504,-0.4196958541870117,0.21052762866020203,0.003382169520894653,0.15589938221802305,0.008677166776928091,0.4647286495631686,0.421048223972,0.46041099751071674,0.4263022059793514
10994.158,-2.147406290259286,1.8115565175045787,-1.4897646715507469,0.04423852052234375,-0.4396600285468151,0.20413195545025348,-1.9917818307876587,1.818878412246704,-1.4801114241229456,0.038129907101392746,-0.41932255029678345,0.21052631735801697,0.005298842068119586,0.15570647000426183,0.00965324742780127,0.44179818479727045,0.421052604914,0.4638924081294505,0.4276140840668264
10994.177,-2.146423764693255,1.802302598516916,-1.4854952449439796,0.05458475366831053,-0.5141066104248683,0.23719036704224558,-1.9917818307876587,1.818878412246704,-1.4801114241229456,0.038129907101392746,-0.41932255029678345,0.21052631735801697,-0.0033404121610908326,0.1554918871499779,0.005383820821033947,0.5168878478834777,0.421052604914,0.4566374630276439,0.4206251456724758
10994.198,-2.145401784559157,1.7930375486197638,-1.4812410091387065,0.04866572066985162,-0.4411928522318942,0.2025826573877788,-1.9917818307876587,1.818878412246704,-1.4801114241229456,0.038129907101392746,-0.41932255029678345,0.21052631735801697,-0.011998207394171484,0.15531543210212503,0.001129585015760881,0.4437772675903847,0.421052604914,0.45442186815561264,0.4153711747109819
10994.216,-2.1443320346299215,1.7837398942909795,-1.4770119170107279,0.0563026278538029,-0.48935022782476006,0.22258379620667332,-1.9896656274795532,1.7979326248168945,-1.4695847670184534,0.042546916753053665,-0.41889360547065735,0.21052762866020203,0.00035368339185256475,0.15531582665215757,0.007427149992274451,0.49247233258186685,0.421048790216,0.44952409549064554,0.4231779760182388
10994.237,-2.1432076358792482,1.774413958282402,-1.4728060922537882,0.05621993753243645,-0.46629680041869986,0.21029123784239212,-1.9886019229888916,1.7874603271484375,-1.4643219153033655,0.042546916753053665,-0.41889360547065735,0.21052762866020203,0.0021418338861500155,0.1551404097794259,0.008484176950422695,0.46956007297192826,0.421048790216,0.4468618189042823,0.42451443085386964
10994.257,-2.142059361062424,1.7651344527309762,-1.4685978839824283,0.05741374084517418,-0.46397527760335316,0.21041041358254017,-1.98752760887146,1.7769891023635864,-1.4590585867511194,0.046948689967393875,-0.4184269607067108,0.21052631735801697,0.003972631812222309,0.15493486808851653,0.009539297231308863,0.4674117720675875,0.421052604914,0.44746389256003244,0.4255366826686994
10994.277,-2.140873020568873,1.755921020867167,-1.4644221664731563,0.059317024676268405,-0.46067159318040934,0.20878587545904448,-1.98752760887146,1.7769891023635864,-1.4590585867511194,0.046948689967393875,-0.4184269607067108,0.21052631735801697,-0.0046677524550164315,0.1547155177530926,0.005363579722036826,0.4643655996894117,0.421052604914,0.44419357159362965,0.419605679466373
10994.298,-2.139617860836756,1.7467423559808786,-1.4602921189102382,0.059769511051362065,-0.4370792802861202,0.19666893156152818,-1.98752760887146,1.7769891023635864,-1.4590585867511194,0.046948689967393875,-0.4184269607067108,0.21052631735801697,-0.013289831062697505,0.15449819028044323,0.0012335321591188109,0.44100471654495144,0.421052604914,0.4421566242974326,0.41384095810676796
10994.316,-2.1382985821104343,1.7376014975796004,-1.4561727882507634,0.06943572243713063,-0.48109781058769435,0.2168068768118114,-1.9849709272384644,1.7560925483703613,-1.4485324064837855,0.05135525017976761,-0.4179041385650635,0.21052762866020203,-0.0008332121772076512,0.1544363767554529,0.0076403817669778995,0.4858823556658492,0.421047776937,0.4376966741333659,0.42172858662974655
10994.337,-2.1369190301233987,1.728474633893546,-1.452103754012547,0.06897759935655055,-0.4563431843342642,0.20345171192488104,-1.9836870431900024,1.7456450462341309,-1.4432690779315394,0.05135525017976761,-0.4179041385650635,0.21052762866020203,0.001095218297368545,0.15418711157675707,0.00883467608100763,0.4613004106183559,0.421047776937,0.43567714699559545,0.4231291093942945
10994.357,-2.135480382345386,1.7193542561984874,-1.4480889086036894,0.07193238889907166,-0.45601888474297503,0.20074227043849563,-1.98239266872406,1.735198736190796,-1.4380057493792933,0.055746663361787796,-0.41734591126441956,0.21052631735801697,0.003012548724919975,0.1538759895442161,0.010083159224396177,0.46139453079718296,0.421052604914,0.43671234813506954,0.42414431307025446
10994.377,-2.1340487583891146,1.7103472116914327,-1.4439928019190647,0.07158119781200141,-0.45035222534290453,0.20480533422676903,-1.98239266872406,1.735198736190796,-1.4380057493792933,0.055746663361787796,-0.41734591126441956,0.21052631735801697,-0.005472963453486589,0.15358129597537035,0.005987052539771387,0.4557888806347825,0.421052604914,0.4341806850203469,0.41819585212099347
10994.398,-2.132596496755303,1.7014283651093378,-1.4398672217689035,0.06915531589367784,-0.4247069800868057,0.1964561976207329,-1.98239266872406,1.735198736190796,-1.4380057493792933,0.055746663361787796,-0.41734591126441956,0.21052631735801697,-0.013871417627723214,0.1533271394477047,0.0018614723896102081,0.4301005189840299,0.421052604914,0.433105732532307,0.4124100560715072
10994.418,-2.1311163208147503,1.6925865739873915,-1.4357281836127558,0.07790399687769933,-0.46535742750970555,0.21784411349964342,-1.9793965816497803,1.7143610715866089,-1.4274795691119593,0.0601409487426281,-0.4167211055755615,0.2105226069688797,-0.0011459274739164492,0.15327000635548169,0.008248614500796503,0.471609408818906,0.421038508415,0.42990865118018856,0.4204283239517939
10994.436,-2.1296367725024163,1.6838419746605342,-1.4315394003224955,0.0739774156150847,-0.4372299663333231,0.20943916450844285,-1.9778931140899658,1.703943133354187,-1.4222167173968714,0.0601409487426281,-0.4167211055755615,0.2105226069688797,0.0011565557125606425,0.15306487783977624,0.009322682925624104,0.44326592719337465,0.421038508415,0.4324407950811802,0.4219469637236428
10994.458,-2.1281275211349744,1.6751433797868969,-1.4273905157835136,0.07186911273313992,-0.41421880349391027,0.19756593042168477,-1.9763790369033813,1.6935266256332397,-1.4169533888446253,0.0645197331905365,-0.41607996821403503,0.21052630245685577,0.0034925605888574754,0.15281802320068888,0.01043712693888832,0.420238005043946,0.421052664518,0.4378074832367232,0.4234189152973965
10994.477,-2.126600163487963,1.6664968582052757,-1.423273726092719,0.08038724457856207,-0.4550800832376422,0.21667314161811022,-1.9763790369033813,1.6935266256332397,-1.4169533888446253,0.0645197331905365,-0.41607996821403503,0.21052630245685577,-0.004655459835985077,0.15256251798284615,0.006320337248093777,0.4619530902276664,0.421052664518,0.4350274100983321,0.4168560001152313
10994.501,-2.1250555105271727,1.6578989858877953,-1.4191268959406935,0.06715882438443967,-0.3738205355551629,0.18029696313759144,-1.972944974899292,1.6727561950683594,-1.4064272085772913,0.0689004436135292,-0.4153721332550049,0.21052762866020203,0.008295517411730135,0.1526090957463135,0.012699687363402212,0.37967609270109426,0.421047836542,0.44674079493903046,0.4269596839360303
10994.517,-2.1234794537289883,1.64933412132954,-1.4149547594462246,0.09270922342356405,-0.5038155622554825,0.24541979379480935,-1.972944974899292,1.6727561950683594,-1.4064272085772913,0.0689004436135292,-0.4153721332550049,0.21052762866020203,0.0002264579792439006,0.15234556630088913,0.008527550868933309,0.512099492022692,0.421047836542,0.44101158835841764,0.41881531471402883
10994.537,-2.121831617332624,1.6407319989332785,-1.4107773316704555,0.07846839982448103,-0.40962487599996633,0.19892513217341706,-1.9712225198745728,1.6623718738555908,-1.4011638800250452,0.0689004436135292,-0.4153721332550049,0.21052762866020203,0.0026341861601434646,0.1521329861898983,0.009613451645410276,0.4168945300411782,0.421047836542,0.44658412704885864,0.4213207353512555
10994.557,-2.1201492907258217,1.6320967657455467,-1.4065848046212797,0.08854350562008503,-0.4544859572434695,0.22065931837497132,-1.9712225198745728,1.6623718738555908,-1.4011638800250452,0.0689004436135292,-0.4153721332550049,0.21052762866020203,-0.005522102933356112,0.1518725506023017,0.005420924596234444,0.4628466175607305,0.421047836542,0.4434375848746066,0.4146528129064258
10994.578,-2.1184281063357475,1.6234368325819222,-1.4024113112316474,0.08605921950965764,-0.4329966582111578,0.2086746694960361,-1.9675596952438354,1.641641616821289,-1.3906376997577112,0.0776301696896553,-0.4138295650482178,0.21052762866020203,0.007336792477955621,0.1517855826840464,0.011773611473936185,0.44129536137517184,0.421047925949,0.4468263457689307,0.4233514912799098
10994.597,-2.1166616134646543,1.61474462357842,-1.3982486135168701,0.08832464355273235,-0.4346104501656236,0.20813488573432115,-1.9675596952438354,1.641641616821289,-1.3906376997577112,0.0776301696896553,-0.4138295650482178,0.21052762866020203,-0.0008978638938493995,0.1515058550124807,0.007610913759158899,0.44332142394829605,0.421047925949,0.4490346000538343,0.4172399637993248
10994.618,-2.1148746780461547,1.6060546337171093,-1.3940863003840762,0.08509216278310144,-0.4138090410021756,0.1982053872698575,-1.9656188488006592,1.631295919418335,-1.3853743712054651,0.0776301696896553,-0.4138295650482178,0.21052762866020203,0.001389736987902946,0.1513687342178558,0.008711929178611078,0.4223234494836055,0.421047925949,0.4538488027407658,0.41880398698888766
10994.637,-2.113047022726255,1.5973590576580536,-1.3899371288547526,0.09619238525670026,-0.4576618978394279,0.21837744890909194,-1.9636781215667725,1.6209501028060913,-1.380111042653219,0.0776301696896553,-0.4138295650482178,0.21052762866020203,0.00366144117385811,0.15117605595231803,0.00982608620153358,0.4674997953740153,0.421047925949,0.4543186038579496,0.41932243164855604
10994.657,-2.1111741051269015,1.5886476965351313,-1.3857843052327135,0.09364587996563017,-0.43556805613661087,0.20764118109742613,-1.9617269039154053,1.6106064319610596,-1.3748481909381312,0.08197660744190216,-0.412995308637619,0.21052631735801697,0.0059080720299273005,0.15093623387492003,0.0109361142945823,0.4453616103374166,0.421052604914,0.45712326565422323,0.42074764319380226
10994.677,-2.1092489308933082,1.5799145799463326,-1.3816094079938035,0.09625871168631782,-0.4366558294701182,0.2087448619599267,-1.9617269039154053,1.6106064319610596,-1.3748481909381312,0.08197660744190216,-0.412995308637619,0.21052631735801697,-0.0024011827048397646,0.15066178196669855,0.006761217055672342,0.4469672341408092,0.421052604914,0.45594758863991813,0.4146429205019848
10994.697,-2.107274899543347,1.5711483137808364,-1.3774332563575635,0.09870156749591735,-0.4383133082652395,0.2088075818074405,-1.9617269039154053,1.6106064319610596,-1.3748481909381312,0.08197660744190216,-0.412995308637619,0.21052631735801697,-0.01075420171494039,0.1504177824165418,0.0025850654194323752,0.44911122834492,0.421052604914,0.453386760562106,0.40858972881979405
10994.717,-2.1052505454217583,1.5623453187151268,-1.373234061335079,0.10121770607721678,-0.4401497532758717,0.2099597511196394,-1.9574216604232788,1.5899989604949951,-1.364321533833639,0.0863240584731102,-0.41210466623306274,0.21052762866020203,0.0019000722549284352,0.15038115862370854,0.008912527501440115,0.45145491730269954,0.421048820019,0.45516677312012094,0.4169943647061437
10994.738,-2.1031999890893913,1.5535480398362251,-1.3690649376568405,0.10252781661610946,-0.43986394393548334,0.20845618390738127,-1.9552634954452515,1.5796962976455688,-1.3590582052813929,0.0863240584731102,-0.41210466623306274,0.21052762866020203,0.004023429171207554,0.15017572891746125,0.01000673237544758,0.4514870816021178,0.421048820019,0.4572371159759932,0.4180973430247941
10994.757,-2.1011221342799833,1.5447753257677543,-1.3649433451764592,0.10389274047758276,-0.43863570345385916,0.20607962403330665,-1.9530950784683228,1.569395899772644,-1.353795353566305,0.0906524732708931,-0.4111781418323517,0.21052631735801697,0.006156297306678122,0.14993425866048926,0.011147991610154229,0.4506106885849222,0.421052664518,0.4596889889217655,0.4191991079788901
10994.778,-2.099011474966316,1.536024483728637,-1.3608346041428299,0.10050758636204382,-0.41670676375478793,0.19565433492876544,-1.9530950784683228,1.569395899772644,-1.353795353566305,0.0906524732708931,-0.4111781418323517,0.21052631735801697,-0.0022262880268405297,0.1496672636796816,0.00703925057652488,0.42850346077953994,0.421052664518,0.4632994846328686,0.4134693242174405
10994.798,-2.0968576769179887,1.5272833631483795,-1.3567184215193513,0.11335779201583568,-0.4600589779026489,0.21664119070674367,-1.9530950784683228,1.569395899772644,-1.353795353566305,0.0906524732708931,-0.4111781418323517,0.21052631735801697,-0.010609364360728513,0.14942754713168263,0.00292306795304631,0.4736395391646263,0.421052664518,0.45833405105431746,0.40704609134129127
10994.817,-2.0946469785004442,1.518521719571173,-1.3525755336802106,0.11053492087481276,-0.43808217885075934,0.20714439195251552,-1.9483569860458374,1.5488841533660889,-1.343269173298971,0.09497855603694916,-0.4101860821247101,0.2105226069688797,0.002028388987268679,0.14939385836250396,0.009306360381239553,0.4516227324756172,0.421038657427,0.4600060271581063,0.4157002102345964
10994.837,-2.092392824247331,1.5097417223295995,-1.3484502921263075,0.1073406787256987,-0.4180951067650688,0.19644007400640862,-1.9459824562072754,1.5386295318603516,-1.338005844746725,0.09497855603694916,-0.4101860821247101,0.2105226069688797,0.0041095239061647235,0.14917644995901408,0.010444447379582611,0.43147337819249737,0.421038657427,0.46423028679860745,0.41713162786140195
10994.857,-2.0900944620773707,1.500958510962231,-1.3443217690136664,0.12096642999643224,-0.4622742824874132,0.21729069013634325,-1.943597674369812,1.5283772945404053,-1.332742993031637,0.0992879644036293,-0.4091786742210388,0.21052630245685577,0.006176283530938586,0.14891256502822633,0.011578775982029388,0.47763190278996603,0.421052604914,0.46402064533645315,0.41741558956106956
10994.877,-2.0877630431218375,1.4921810295572995,-1.3402133189450514,0.11657094777411739,-0.43887407023699576,0.20542250342626825,-1.943597674369812,1.5283772945404053,-1.332742993031637,0.0992879644036293,-0.4091786742210388,0.21052630245685577,-0.0022899755351161247,0.1486222700613312,0.007470325913414344,0.45390025284723545,0.421052604914,0.46213429647228105,0.4117669124156514
10994.897,-2.0853903268962015,1.4833993828054015,-1.336097151038591,0.118635811279208,-0.439082337585314,0.20580839531852263,-1.943597674369812,1.5283772945404053,-1.332742993031637,0.0992879644036293,-0.4091786742210388,0.21052630245685577,-0.010770871926840432,0.14836494590180938,0.0033541580069540444,0.4546334140789351,0.421052604914,0.4589826082562634,0.40576204891843504
10994.917,-2.082974209572871,1.4746012790840775,-1.3319692106848067,0.12080586617486819,-0.43990518609660983,0.20639701770348587,-1.9384287595748901,1.5079692602157593,-1.322216812764303,0.1035938635468483,-0.40810516476631165,0.21052762866020203,0.0017732658609767096,0.14833632329308086,0.009752397920503642,0.45599718501859055,0.421048104763,0.4602567234128478,0.4142053588612806
10994.938,-2.0805172569229633,1.4657884896948232,-1.3278455091087458,0.11699774523014049,-0.4196566375707394,0.19636674171119858,-1.9357353448867798,1.4973585605621338,-1.3167427221881312,0.1035938635468483,-0.40810516476631165,0.21052762866020203,0.004186938768313303,0.14812474800373698,0.011102786920614616,0.4354781934043086,0.421048104763,0.46405798479878757,0.41592474318365547
10994.957,-2.0780280978745407,1.4569767608208775,-1.3237089326891112,0.13100837096800605,-0.4637752038861993,0.21771454839915352,-1.9332387447357178,1.4875667095184326,-1.3116901556598108,0.1078796535730362,-0.4069978892803192,0.21052631735801697,0.005751805272475111,0.14787365715294037,0.01201877702930032,0.48173198055351363,0.421052604914,0.46073267927860834,0.4158965605456683
10994.977,-2.075513640643888,1.448170278471975,-1.3195983698846707,0.12572286152988466,-0.44032411743551203,0.2055281402175359,-1.9332387447357178,1.4875667095184326,-1.3116901556598108,0.1078796535730362,-0.4069978892803192,0.21052631735801697,-0.0027954998324099464,0.14760220176395064,0.007908214224859877,0.4577549377250935,0.421052604914,0.45837998223901605,0.41029063714396485
10994.997,-2.0729501904353835,1.4393473516078883,-1.3154950600665651,0.12817251043408798,-0.4411463432348277,0.2051654909194605,-1.9332387447357178,1.4875667095184326,-1.3116901556598108,0.1078796535730362,-0.4069978892803192,0.21052631735801697,-0.011374137876922576,0.14736018296796655,0.0038049044067542948,0.4592158721661794,0.421052604914,0.4546771534869728,0.4043147269118324
10995.016,-2.0703500363033838,1.4305165793113739,-1.3114214815786982,0.1300077065971505,-0.4415386148160827,0.2036789243889009,-1.9276413917541504,1.467272162437439,-1.3011639753924769,0.11216264218091965,-0.405832976102829,0.21052762866020203,0.0010752660522854937,0.14736205048428624,0.010257506186221343,0.46011327402018315,0.421047329903,0.4526290327841301,0.41281993618955104
10995.036,-2.067696175941518,1.4216709090304207,-1.3074145754519833,0.13269301809039197,-0.44228351403800475,0.20034530633137432,-1.924837350845337,1.457126259803772,-1.2959006468402308,0.11216264218091965,-0.405832976102829,0.21052762866020203,0.002960214755993465,0.14716304880954675,0.011513928611752489,0.4615776498593146,0.421047329903,0.4534977030903,0.4140077692544308
10995.057,-2.0650178124526963,1.4128379241974833,-1.303430044955079,0.13391817443816018,-0.4416492416372284,0.19922652484085984,-1.924837350845337,1.457126259803772,-1.2959006468402308,0.11216264218091965,-0.405832976102829,0.21052762866020203,-0.005680186726812461,0.14690049001271632,0.007529398114848318,0.4613376044069313,0.421047329903,0.45037281802028184,0.4081279561356528
10995.077,-2.0623316321599283,1.4040627213978232,-1.2994410169517465,0.13430901464768438,-0.43876014001333546,0.1994514001804145,-1.9188960790634155,1.4364922046661377,-1.285163704548971,0.12068133801221848,-0.4033833146095276,0.21052762866020203,0.007203252570332944,0.14687934650440282,0.014277312402775522,0.4587050906894926,0.421048790216,0.4521122696992116,0.41700655243413537
10995.097,-2.0596305037069635,1.395344211711821,-1.2954236168499045,0.1350564226452907,-0.43592548429058836,0.20087000508771738,-1.9188960790634155,1.4364922046661377,-1.285163704548971,0.12068133801221848,-0.4033833146095276,0.21052762866020203,-0.0013312164996648265,0.1466204742406394,0.010259912300933482,0.4562241227887603,0.421048790216,0.45009200530945903,0.41114572981634745
10995.117,-2.056926970522612,1.3866997507903105,-1.2914064314970124,0.13517665921463343,-0.432223046066096,0.20085926764021983,-1.9159996509552002,1.4268110990524292,-1.2801111380206507,0.12068133801221848,-0.4033833146095276,0.21052762866020203,0.000307436386118895,0.14652417937913467,0.011295293476361712,0.4527406733154439,0.421048790216,0.45144101306949586,0.41233706318417823
10995.137,-2.0541819656461606,1.3781030257287061,-1.2873823807671307,0.13725024381956613,-0.4298362530708356,0.201202536489691,-1.9129825830459595,1.4167264699935913,-1.2748478094684046,0.12068133801221848,-0.4033833146095276,0.21052762866020203,0.002401677504212038,0.14636689529646532,0.01253457129872615,0.4510685024492781,0.421048790216,0.4532442937705047,0.4136828481794241
10995.156,-2.051403847612187,1.3695273555256997,-1.2833833028333925,0.13890590169563954,-0.4287835101409618,0.1999538966825462,-1.909955382347107,1.4066449403762817,-1.2695844809161585,0.12491580098867416,-0.4020962119102478,0.21052631735801697,0.0045016870940802825,0.14616811637389926,0.013798821917234028,0.45057096834317123,0.421052634716,0.45538825545555695,0.41496377064742956
10995.177,-2.0485825902034445,1.3609493705584943,-1.2794164378562018,0.14106287044688687,-0.42889924838991667,0.19834324887324362,-1.909955382347107,1.4066449403762817,-1.2695844809161585,0.12491580098867416,-0.4020962119102478,0.21052631735801697,-0.0039454042063870876,0.14591100590656184,0.009831956940043352,0.4513441771375063,0.421052634716,0.45346602102230227,0.40908976526600505
10995.197,-2.0457133875029063,1.3523459212913613,-1.2754175900523972,0.1434601350237757,-0.4301724633472586,0.19994239018586876,-1.909955382347107,1.4066449403762817,-1.2695844809161585,0.12491580098867416,-0.4020962119102478,0.21052631735801697,-0.012427980285464782,0.1456851562222133,0.00583310913623869,0.45330409871863236,0.421052634716,0.45015780410298056,0.40322541741621915
10995.217,-2.0428046653865866,1.3437190696368655,-1.2714134642969817,0.14543610581281352,-0.43134258271537657,0.20020628776640656,-1.9035089015960693,1.3866044282913208,-1.2590587774859827,0.1291426122188568,-0.4007435142993927,0.2105226069688797,0.0001048184561140697,0.14574790842408714,0.012354686810998938,0.45504945142347253,0.421038210392,0.4484339130236768,0.4119345628019898
10995.237,-2.039850450192401,1.3350696089658407,-1.2674183527840677,0.14771075970604997,-0.4324730335417995,0.199755575641339,-1.9002803564071655,1.376585841178894,-1.2537954489337366,0.1291426122188568,-0.4007435142993927,0.2105226069688797,0.0020756523451904707,0.14559910811447135,0.013622903850331047,0.45685113471619065,0.421038210392,0.44960687107446184,0.4132332970032851
10995.257,-2.0368569613295886,1.3264120085867872,-1.2634336427727444,0.14967444315096956,-0.43288001898259626,0.1992355005799354,-1.89704167842865,1.3665704727172852,-1.2485325972186487,0.13335253298282623,-0.3993775546550751,0.21052630245685577,0.004024121535269445,0.14541259237032875,0.01490104555409566,0.45787640746925407,0.421052634716,0.45094726277677605,0.41448608423951744
10995.287,-2.033825875361724,1.317753190007036,-1.2594552036618498,0.10103619892660755,-0.2886272859854048,0.13261463702692436,-1.89704167842865,1.3665704727172852,-1.2485325972186487,0.13335253298282623,-0.3993775546550751,0.21052630245685577,-0.004568459793343943,0.14516257367846244,0.010922606443201088,0.3057021033395071,0.421052634716,0.47352288177313734,0.4110250503779181
10995.297,-2.0307565044495592,1.3090942533074947,-1.2554705240612662,0.30693709120979723,-0.8658936699352313,0.3984679600496597,-1.89704167842865,1.3665704727172852,-1.2485325972186487,0.13335253298282623,-0.3993775546550751,0.21052630245685577,-0.013173902326831403,0.1449469516510352,0.0069379268426175145,0.9183903616919726,0.421052634716,0.44900356826912885,0.3975476132918404
10995.316,-2.027620375404412,1.3003947497487585,-1.2514645070757988,0.15680645225392925,-0.43497517792731927,0.2003008492689994,-1.8901746273040771,1.3466696739196777,-1.2380059401141565,0.13755294680595398,-0.39794495701789856,0.21052762866020203,-0.00078686336869635,0.1450244225085006,0.013458566961642271,0.4622117781429859,0.421047508717,0.44643734846113586,0.41144478736007084
10995.337,-2.0244369166131295,1.2916579312721232,-1.2474986073735397,0.1591729395751362,-0.43684092386195567,0.1982949851266632,-1.8867357969284058,1.3367210626602173,-1.2327426115619105,0.13755294680595398,-0.39794495701789856,0.21052762866020203,0.0010184372617028162,0.14488356345172912,0.01475599581162923,0.4647779371323369,0.421047508717,0.4437414387864691,0.412726919563069
10995.357,-2.021224178357093,1.2829233918355434,-1.243550364477326,0.16063691279833064,-0.43672697181946063,0.1974121448063734,-1.8832868337631226,1.3267759084701538,-1.2274797598468226,0.14173033833503723,-0.39648181200027466,0.21052631735801697,0.00281276347289091,0.14471296628315666,0.01607060463050347,0.4651849329466209,0.421052634716,0.4441618543009894,0.4140093620486798
10995.377,-2.01799772317813,1.2742255698108806,-1.239588041590386,0.16132275894461343,-0.43489110122364416,0.1981161443426803,-1.8832868337631226,1.3267759084701538,-1.2274797598468226,0.14173033833503723,-0.39648181200027466,0.21052631735801697,-0.0058881546898433,0.14447799643729548,0.012108281743563376,0.4637147040154985,0.421052634716,0.44072232522316473,0.4082216867555574
10995.403,-2.014787405828117,1.2656246404613714,-1.2356092106846766,0.12347374423203294,-0.33080497498316314,0.15303195791284158,-1.876002311706543,1.3070240020751953,-1.2169531027423304,0.14590124785900116,-0.3949624001979828,0.21052762866020203,0.006557348279065296,0.14467968301013576,0.01865610794234618,0.353011452187806,0.421049237251,0.456281743892012,0.4197260345756867
10995.416,-2.011594045160497,1.257135345675752,-1.2315621022230867,0.22809719055710392,-0.6063781990068523,0.2890791758440716,-1.876002311706543,1.3070240020751953,-1.2169531027423304,0.14590124785900116,-0.3949624001979828,0.21052762866020203,-0.0019252993766345969,0.14446553028560175,0.014608999480756335,0.6477233375361124,0.421049237251,0.4416251555971356,0.4078231778533383
10995.437,-2.0083841969241667,1.248698733165324,-1.2274875742665479,0.1604924118130009,-0.42183062551218337,0.20372639782249521,-1.8723547458648682,1.297149896621704,-1.2116902510272425,0.14590124785900116,-0.3949624001979828,0.21052762866020203,0.0001642911748411663,0.14440048408568726,0.015797323239305383,0.45123763978107245,0.421049237251,0.4430543890644889,0.4129890096061581
10995.457,-2.005169179288973,1.2403024543030507,-1.223413682883171,0.16075088175617702,-0.4198139431045035,0.20369456916439788,-1.8686972856521606,1.2872796058654785,-1.2064269224749964,0.15004535019397736,-0.3934103846549988,0.21052631735801697,0.002289149033760339,0.14431282104663454,0.016986760408174595,0.44946289110536647,0.421052664518,0.4449553791635937,0.4144223716299005
10995.478,-2.001941270035357,1.2319330687635301,-1.2193464585265272,0.16139546267726826,-0.4184692769668958,0.20336121782774857,-1.8686972856521606,1.2872796058654785,-1.2064269224749964,0.15004535019397736,-0.3934103846549988,0.21052631735801697,-0.006092960284862579,0.14415295480306312,0.012919536051530844,0.44845206935106596,0.421052664518,0.4428765945413323,0.40865612841649623
10995.498,-1.9986814674980615,1.2235785313915202,-1.2152960153750465,0.16299012687604766,-0.41772686862937264,0.20252215758803524,-1.8686972856521606,1.2872796058654785,-1.2064269224749964,0.15004535019397736,-0.3934103846549988,0.21052631735801697,-0.014475782357343009,0.14402835187707957,0.008869092900050113,0.44833769029335585,0.421052664518,0.4397299630793733,0.40294597482981326
10995.518,-1.9954036723684072,1.215267168804901,-1.2112424837184903,0.1638897564791384,-0.4155681293218856,0.20267658282338588,-1.860998511314392,1.2676854133605957,-1.1959007422076624,0.15418265759944916,-0.3918021023273468,0.21052762866020203,-0.0017749537008104402,0.14425418267633122,0.0153417415108279,0.4466598674857576,0.421047717333,0.43859204518405587,0.4120189135533663
10995.536,-1.9921000788257808,1.2069984271572587,-1.2072170412016527,0.16517967712771633,-0.4134370823730932,0.2012721258374848,-1.8571439981460571,1.2578903436660767,-1.1906374136554163,0.15418265759944916,-0.3918021023273468,0.21052762866020203,0.0004282169600779498,0.14423226930409047,0.01657962754623643,0.4451521720359727,0.421047717333,0.44065126572132063,0.41362626214286086
10995.557,-1.9887877710012485,1.1987683372161757,-1.2031796319499817,0.16561539122299948,-0.411504497045167,0.20187046257914684,-1.8532795906066895,1.2480993270874023,-1.1853740851031702,0.15829382836818695,-0.3901645541191101,0.21052631735801697,0.0026655927436870647,0.144183591753168,0.01780554684681146,0.44353136718133396,0.421052634716,0.4431839266033849,0.4151882341493244
10995.577,-1.9854614296610502,1.1905604428273122,-1.1991189594828329,0.16631706702140955,-0.41039471947154166,0.20303362337147435,-1.8532795906066895,1.2480993270874023,-1.1853740851031702,0.15829382836818695,-0.3901645541191101,0.21052631735801697,-0.00560446011307509,0.14405329501448388,0.013744874379662653,0.44277558065414907,0.421052634716,0.44182672524103156,0.40947280135955316
10995.597,-1.9821168570340149,1.1823688908150505,-1.1950435035785634,0.16722863134811766,-0.4095776006041467,0.203772795209027,-1.8532795906066895,1.2480993270874023,-1.1853740851031702,0.15829382836818695,-0.3901645541191101,0.21052631735801697,-0.013864740666904116,0.14396979002297264,0.009669418475393154,0.44237041616433237,0.421052634716,0.439348977825551,0.40381415195209647
10995.617,-1.9787466064036907,1.174182358661365,-1.1909378192610725,0.16851253151252898,-0.4093266076753336,0.20528421587006512,-1.845170259475708,1.228671908378601,-1.1748479048358362,0.16239114105701447,-0.3884614408016205,0.2105226069688797,-0.0010767280654475284,0.14425876799586568,0.016089914425236218,0.4426312278859633,0.421038210392,0.44144310440970286,0.4129581336642382
10995.637,-1.9753369205398348,1.1660140514670045,-1.1868417250071566,0.17048429318907504,-0.40841535970911363,0.2048047126913237,-1.8411104679107666,1.2189604043960571,-1.1695850531207483,0.16239114105701447,-0.3884614408016205,0.2105226069688797,0.0011885374136668542,0.14428667385690058,0.017256671886408226,0.4425405772021822,0.421038210392,0.4438647369200395,0.41456949135507815
10995.657,-1.971872289051304,1.1578760563243222,-1.1827436857518345,0.1732315744227543,-0.40689975712523424,0.2049019627616294,-1.8411104679107666,1.2189604043960571,-1.1695850531207483,0.16239114105701447,-0.3884614408016205,0.2105226069688797,-0.00706406801144064,0.14415287159980034,0.013158632631086187,0.4421943121645221,0.421038210392,0.4423590654864829,0.4088037712991456
10995.677,-1.9683507902177109,1.1497623767802476,-1.1786393210256478,0.17607494169183088,-0.4056839772317717,0.20521823632351968,-1.8327876329421997,1.1996243000030518,-1.1590588728534144,0.17053815722465515,-0.3849654793739319,0.21052762866020203,0.005733127858507381,0.14432848728833747,0.019580448172233478,0.4421799972058848,0.421048313379,0.4454561257429646,0.4177701002026445
10995.698,-1.9647663035195642,1.1416694578673514,-1.1745310782901512,0.17068984276368643,-0.38537709107854556,0.19563060644625396,-1.8327876329421997,1.1996243000030518,-1.1590588728534144,0.17053815722465515,-0.3849654793739319,0.21052762866020203,-0.0025233006053501927,0.1441206653065322,0.015472205436736886,0.42139594639531097,0.421048313379,0.44962685350292453,0.41227625529552286
10995.716,-1.9611171666986773,1.1335824670265935,-1.1703982924886671,0.19205983267590201,-0.4256310968767802,0.21751504218070972,-1.8285242319107056,1.1900001764297485,-1.1537955443011683,0.17053815722465515,-0.3849654793739319,0.21052762866020203,-0.0002726753513039859,0.14409639113502795,0.01660274818749885,0.4668282240404004,0.421048313379,0.4468058041763574,0.41282175523590303
10995.737,-1.9574117109676958,1.1254858678502848,-1.1662630004190226,0.1852727865450292,-0.404829958806597,0.20676460347771025,-1.8240902423858643,1.1799911260604858,-1.1483219305621546,0.17053815722465515,-0.3849654793739319,0.21052762866020203,0.002368039355625594,0.14401329642427885,0.017941069856868053,0.44507606283156576,0.421048313379,0.44913960170627526,0.41493538471634067
10995.756,-1.9536643390296065,1.1173825897743672,-1.1621309547590677,0.1873685969174204,-0.40516390382388545,0.20660228301202832,-1.8199876546859741,1.1707563400268555,-1.143268887196676,0.1745765507221222,-0.3831557631492615,0.21052631735801697,0.0041425749052820746,0.14387860239200348,0.018862067562391616,0.4462569291440998,0.421052634716,0.451605456156007,0.4159042544294581
10995.777,-1.9498696426801407,1.109270460123844,-1.1579869919850958,0.1897348174691445,-0.40560648251731274,0.2071981386940717,-1.8199876546859741,1.1707563400268555,-1.143268887196676,0.1745765507221222,-0.3831557631492615,0.21052631735801697,-0.004214296701577469,0.14363872714583445,0.014718104788419728,0.44765309517603524,0.421052634716,0.4499559767347709,0.4098750544614443
10995.798,-1.9460268836177237,1.1011463022881933,-1.1538440253712727,0.1921379531166583,-0.40620789177366184,0.20714833068663208,-1.8199876546859741,1.1707563400268555,-1.143268887196676,0.1745765507221222,-0.3831557631492615,0.21052631735801697,-0.012603536339557006,0.14343150091742543,0.010575138174596654,0.449218227691768,0.421052634716,0.44697219496046814,0.40390546551352075
10995.817,-1.9421493727287809,1.0930215993363817,-1.149705616364499,0.19387554444290994,-0.4062351475817162,0.20692045033417125,-1.8110675811767578,1.1516870260238647,-1.132742706929342,0.17860381305217743,-0.3812902867794037,0.21052762866020203,3.985623280416267e-05,0.14361081705913792,0.01696290943515688,0.4499957437789202,0.421048223972,0.44856413678693935,0.4127510790186171
10995.836,-1.9382397421649311,1.0849056631913387,-1.1455861535195058,0.1954815282059991,-0.40579680728019496,0.20597314226389743,-1.8066024780273438,1.1421548128128052,-1.127479378377096,0.17860381305217743,-0.3812902867794037,0.21052762866020203,0.00215075339408103,0.14353121159471846,0.01810677514240977,0.45029995987408644,0.421048223972,0.45025616222454823,0.41410939147260833
10995.858,-1.9342993128187267,1.0768041261261607,-1.141475263821786,0.18763949267067995,-0.38578747928242896,0.1957566522664018,-1.802127718925476,1.1326271295547485,-1.122216526662008,0.18260374665260315,-0.3793957829475403,0.21052631735801697,0.004259912594844241,0.14341335742794245,0.019258737159777883,0.4288823233481201,0.421052604914,0.4546425599396282,0.41592327148527797
10995.877,-1.9303208019633935,1.0687160993387803,-1.1373713157491163,0.20939530817286475,-0.4256856203832261,0.21599726697996743,-1.802127718925476,1.1326271295547485,-1.122216526662008,0.18260374665260315,-0.3793957829475403,0.21052631735801697,-0.00416261344415942,0.14318086105114503,0.015154789087108211,0.4742657623722844,0.421052604914,0.4505936093028457,0.4089979395027528
10995.897,-1.9262846838922898,1.0606260407035248,-1.133268737828983,0.20180590355078057,-0.4045029317539441,0.2051288960021902,-1.802127718925476,1.1326271295547485,-1.122216526662008,0.18260374665260315,-0.3793957829475403,0.21052631735801697,-0.012613268929650541,0.142968577640126,0.011052211166974857,0.4519049753678826,0.421052604914,0.4473352450629992,0.40352539774891405
10995.917,-1.922178554848955,1.052524790790283,-1.1291909352565048,0.2053064521809336,-0.4050624956900882,0.20389012863800018,-1.7928084135055542,1.1137503385543823,-1.1116903463946741,0.18658705055713654,-0.3774369955062866,0.2105226069688797,-6.029346197300445e-05,0.1431265088476762,0.0175005888618307,0.45394972421381846,0.421038478613,0.4456382150501839,0.41232594480877083
10995.937,-1.9180169199868622,1.0444240694925773,-1.1251512573713414,0.2080817431000958,-0.405036064876448,0.2019838942537642,-1.7881437540054321,1.1043144464492798,-1.106427017842428,0.18658705055713654,-0.3774369955062866,0.2105226069688797,0.0019394826250342875,0.143003968130969,0.018724239528913333,0.4551688897899387,0.421038478613,0.4469004530649219,0.41363924173488964
10995.957,-1.9138169091658597,1.0363573847248344,-1.1211661310931496,0.21000054104554214,-0.4033342383783391,0.19925631390524107,-1.783469557762146,1.0948832035064697,-1.1011641661273401,0.1905498057603836,-0.37546780705451965,0.21052630245685577,0.00394438285276482,0.14282907731248162,0.020001964965809416,0.4545190619027196,0.421052604914,0.4485031734908458,0.4149605817873339
10995.976,-1.9095851599279015,1.0283185292400217,-1.1171882645796822,0.21158746189329228,-0.4019427742318643,0.19889332566902462,-1.783469557762146,1.0948832035064697,-1.1011641661273401,0.1905498057603836,-0.37546780705451965,0.21052630245685577,-0.004567797302841674,0.14253117623042894,0.016024098452342095,0.45401512270323885,0.421052604914,0.4461534350125218,0.4090301662246384
10995.999,-1.905326197315756,1.0203150525664972,-1.113198439685979,0.1935892096515531,-0.363794394267232,0.18135567699454364,-1.783469557762146,1.0948832035064697,-1.1011641661273401,0.1905498057603836,-0.37546780705451965,0.21052630245685577,-0.013060723468832698,0.1422633727998027,0.012034273558638953,0.4118925204246477,0.421052604914,0.44679550921025385,0.40382451590302354
10996.017,-1.9010682208400747,1.0123619940167665,-1.1091974880279536,0.23655424864858307,-0.44183658609543663,0.22227509211216825,-1.7737547159194946,1.0762063264846802,-1.090637509022848,0.19449560344219208,-0.3734343945980072,0.21052762866020203,-0.0004595716177835177,0.14242407141127575,0.018559979005105642,0.5009512287377589,0.421048432589,0.44105510961105715,0.4109836640979347
10996.037,-1.896781573914944,1.0044119559103415,-1.105189752451666,0.214332346251851,-0.3975019053125748,0.20038677881000247,-1.7688922882080078,1.0668705701828003,-1.08537465730776,0.19449560344219208,-0.3734343945980072,0.21052762866020203,0.0016079415805766994,0.14231711920686005,0.019815095143906003,0.45141528662322705,0.421048432589,0.4427039283927691,0.41352909465789267
10996.057,-1.892483305556474,0.9964968476664242,-1.1012299921009736,0.21491341791881016,-0.3957554121872255,0.19798801753030104,-1.764020562171936,1.0575395822525024,-1.080111328755514,0.19841162860393524,-0.37137332558631897,0.21052631735801697,0.003693589947646854,0.14218034068367785,0.021118663345459643,0.45016890475828203,0.421052634716,0.44468827968102953,0.4149727272185095
10996.077,-1.8881814673012425,0.9886284087908781,-1.0972790924181257,0.21509191277644552,-0.39342194380449963,0.19754498415604949,-1.764020562171936,1.0575395822525024,-1.080111328755514,0.19841162860393524,-0.37137332558631897,0.21052631735801697,-0.0047090950063873455,0.14192429184113456,0.017167763662611746,0.4482197464218205,0.421052634716,0.44296829528278997,0.4091757090709488
10996.097,-1.8838251059235671,0.9807755776913681,-1.0933685881082587,0.2178180688790138,-0.3926415549669275,0.195525215489085,-1.764020562171936,1.0575395822525024,-1.080111328755514,0.19841162860393524,-0.37137332558631897,0.21052631735801697,-0.013130521767428599,0.14168073439220102,0.013257259352744688,0.44882284535306455,0.421052634716,0.4399118132564935,0.4033750586709218
10996.117,-1.8794235887676702,0.9729514800154313,-1.0894568947153207,0.22007585779003982,-0.39120488378830265,0.1955846696426285,-1.753914713859558,1.0390714406967163,-1.06958514848818,0.20231330394744873,-0.3692573010921478,0.21052762866020203,-0.0005006741773858486,0.14185935360970356,0.01987174622714072,0.4486422880543322,0.421048253775,0.4386480145589711,0.4124569457791459
10996.137,-1.8750010989390673,0.9651514048404649,-1.085562169881205,0.22112449142532023,-0.39000375873980664,0.1947362417015334,-1.748856782913208,1.0298399925231934,-1.0643218199359339,0.20231330394744873,-0.3692573010921478,0.21052762866020203,0.0016143544996799486,0.14175470257302675,0.02124034994527113,0.4481198609438652,0.421048253775,0.4405310330541314,0.41400953052915984
10996.157,-1.8705460356403179,0.9573676457772164,-1.0816740822777902,0.22275316493261033,-0.389187953153928,0.19440438016649947,-1.7437896728515625,1.020613670349121,-1.0590584913836878,0.2061855047941208,-0.36711424589157104,0.21052631735801697,0.003726482795377163,0.14160984590613848,0.022615590894102366,0.4482148078480054,0.421052634716,0.44270000756800476,0.4154829927830935
10996.177,-1.866064826299945,0.9496021594627059,-1.0777512019045137,0.224060467034126,-0.38827431575236676,0.19614401867738193,-1.7437896728515625,1.020613670349121,-1.0590584913836878,0.2061855047941208,-0.36711424589157104,0.21052631735801697,-0.004679615478135224,0.1413221462764197,0.018692710520825884,0.4480793330561054,0.421052634716,0.4408944073578114,0.4096114569085867
10996.196,-1.8615768620278668,0.9418694911591954,-1.0738230781101854,0.22439821359901763,-0.38663341516708527,0.19640618971212664,-1.7437896728515625,1.020613670349121,-1.0590584913836878,0.2061855047941208,-0.36711424589157104,0.21052631735801697,-0.013061408376462365,0.14108106641776175,0.014764586726497608,0.44684792297571596,0.421052634716,0.4380278206281501,0.40383928679197645
10996.218,-1.857056932624304,0.934168347573129,-1.0698673086809272,0.22599647017320282,-0.3850571792949114,0.1977884714585946,-1.733297348022461,1.0023623704910278,-1.0485323111163538,0.21004162728786469,-0.36491629481315613,0.21052762866020203,-0.000381106389332142,0.14130362451284706,0.021334997564573355,0.4462805028701318,0.421047955751,0.4398007685168622,0.41298714848761725
10996.237,-1.8525002951750156,0.9264960322763478,-1.0659060541102459,0.2278318724594504,-0.38361576483068904,0.19806272852974197,-1.7280462980270386,0.9932394027709961,-1.0432689825641077,0.21004162728786469,-0.36491629481315613,0.21052762866020203,0.001784181010044586,0.14121009740531287,0.022637071546138143,0.44595596387095476,0.421047955751,0.44190782846370025,0.41450344256085436
10996.257,-1.8479049024362522,0.9188429183075286,-1.0619715952780118,0.2297696369540528,-0.3826556984674088,0.19672294162530227,-1.7227860689163208,0.9841218590736389,-1.0380056540118616,0.21386800706386566,-0.3626924157142639,0.21052631735801697,0.003942539239516422,0.1410691993075686,0.023965941266150148,0.4461125276512131,0.421052634716,0.4443016482215225,0.41594934885114376
10996.277,-1.8433040356405908,0.9112173403601405,-1.0580483748507492,0.230043339778049,-0.3812788973610856,0.19616102135884642,-1.7227860689163208,0.9841218590736389,-1.0380056540118616,0.21386800706386566,-0.3626924157142639,0.21052631735801697,-0.004406037561362965,0.14078435987426638,0.020042720838887584,0.44509953021282145,0.421052634716,0.4428150473353011,0.41010666301486576
10996.297,-1.8386709715727048,0.9036107606590211,-1.0540926070954242,0.22062209846403494,-0.36221808099463854,0.18836989310497207,-1.7227860689163208,0.9841218590736389,-1.0380056540118616,0.21386800706386566,-0.3626924157142639,0.21052631735801697,-0.012751464466639321,0.14053023797590286,0.01608695308356256,0.4239223884204632,0.421052634716,0.4421990410244047,0.4046864737109495
10996.317,-1.8340350790305826,0.8960228312056462,-1.0501182902311983,0.24399434431922873,-0.39936470806747143,0.2091745717987994,-1.711911916732788,0.9660958647727966,-1.0274794737445276,0.217673197388649,-0.36040499806404114,0.2105226069688797,-3.468208769602521e-05,0.14079877698357057,0.022638816486670654,0.4678212115986921,0.421038448811,0.43924948321901747,0.4128603767512996
10996.337,-1.829418658225919,0.888486385746589,-1.0461325296590744,0.23082104024913033,-0.37682227297890575,0.19928802861996778,-1.7064701318740845,0.9570857286453247,-1.0222166220294397,0.217673197388649,-0.36040499806404114,0.2105226069688797,0.0022154180477466853,0.14077393899830967,0.023915907629634692,0.44176016327184997,0.421038448811,0.4418182666928951,0.41517976979618226
10996.356,-1.8247792077729703,0.8809839342890877,-1.0421206949802926,0.23197252264237547,-0.3751225728668759,0.2005917339347143,-1.701019287109375,0.9480811357498169,-1.0169532934771937,0.22145551443099976,-0.3581099808216095,0.21052630245685577,0.004486482652265082,0.14070687218445305,0.02516740150309893,0.44091394608117696,0.421052604914,0.44478637204190224,0.41673785577749106
10996.377,-1.820134387649373,0.873519914852166,-1.0381242333503193,0.2322410061747981,-0.37320097183794204,0.19982308149430064,-1.701019287109375,0.9480811357498169,-1.0169532934771937,0.22145551443099976,-0.3581099808216095,0.21052630245685577,-0.0037399398627811775,0.14047702904113862,0.021170939873125683,0.43943574026891125,0.421052604914,0.4439377724687976,0.4109344524822145
10996.397,-1.8154496719454536,0.8660830379714963,-1.034129667367663,0.23423578519085578,-0.3718438440253649,0.19972829912845788,-1.701019287109375,0.9480811357498169,-1.0169532934771937,0.22145551443099976,-0.3581099808216095,0.21052630245685577,-0.011965324236152541,0.14026700263754055,0.017176373890469332,0.43932787403264356,0.421052604914,0.4419402779577731,0.40512625824888604
10996.418,-1.8107094908253507,0.8586404314112532,-1.030097132498205,0.22572291049375917,-0.3544098362219446,0.19202546998497308,-1.6897679567337036,0.9302875399589539,-1.0064271132098597,0.22521574795246124,-0.3557521402835846,0.21052762866020203,0.000826333396083255,0.1405684175225913,0.023670019288345223,0.4200405266183842,0.421048343182,0.44666653544889545,0.41492778822373
10996.436,-1.8059316059763404,0.8512029282430507,-1.0260660138857705,0.25146762362904035,-0.3914475351637597,0.21216413749394938,-1.6841374635696411,0.9213937520980835,-1.0011637846576136,0.22521574795246124,-0.3557521402835846,0.21052762866020203,0.00308029638716429,0.1405385237299681,0.02490222922815688,0.46509955446345763,0.421048343182,0.4470422982273104,0.4152223545956819
10996.457,-1.8011013154201776,0.8437611470010306,-1.0220239992536713,0.2415145278028681,-0.37208906209288345,0.20210073160054803,-1.6784981489181519,0.9125056862831116,-0.9959009329425257,0.22894509136676788,-0.35336875915527344,0.21052631735801697,0.005304268148882435,0.1404607164186264,0.026123066311145582,0.4434372661366351,0.421052664518,0.44987644753051576,0.41731922973988195
10996.477,-1.7962486359485257,0.8363273372974248,-1.0179658349250862,0.24263397357729935,-0.3716904851721739,0.20290821642482487,-1.6784981489181519,0.9125056862831116,-0.9959009329425257,0.22894509136676788,-0.35336875915527344,0.21052631735801697,-0.0030003793121292158,0.14021168201707968,0.022064901982560503,0.44373074440306515,0.421052664518,0.4487083607151895,0.4113740949502628
10996.497,-1.7913764358731123,0.8289105800178851,-1.0138934003788918,0.2436100037875055,-0.3708378640026189,0.2036217273237965,-1.6784981489181519,0.9125056862831116,-0.9959009329425257,0.22894509136676788,-0.35336875915527344,0.21052631735801697,-0.011300658277633262,0.14000694475586942,0.017992467436366066,0.4435652582809907,0.421052664518,0.44638649692747995,0.4055045973430183
10996.518,-1.7864626675416164,0.8215040123969506,-1.0098061431377607,0.23398896815933845,-0.3526936962242227,0.19463129719078073,-1.6668747663497925,0.8949529528617859,-0.9853742758380335,0.2326556295156479,-0.35093188285827637,0.21052762866020203,0.001432410619764339,0.14033517437438398,0.02443186729972724,0.42312383497954276,0.421048492193,0.45087932462122593,0.4153071385536918
10996.537,-1.781522115483737,0.8141101718252519,-1.0057242492426306,0.2600290556746743,-0.38914950376884566,0.21483652079369048,-1.6610583066940308,0.8861796259880066,-0.9801109472857874,0.2326556295156479,-0.35093188285827637,0.21052762866020203,0.0036393036547334237,0.14032922332981454,0.025613301956843193,0.467895714208096,0.421048492193,0.45106460033388746,0.41555836810710084
10996.557,-1.7765478293466213,0.8067292973990141,-1.001637371799811,0.24871430685036175,-0.3690437213038348,0.20434387213651697,-1.6552331447601318,0.8774122595787048,-0.9748480955706995,0.23633316159248352,-0.34847086668014526,0.21052631735801697,0.005839255010440726,0.14028270363711287,0.026789276229111536,0.44490370593897816,0.421052604914,0.45382610903681225,0.41771320855280286
10996.577,-1.7715374629582215,0.7993676235585928,-0.9975735064709885,0.25051831943730624,-0.3680836920465076,0.20319326645517127,-1.6552331447601318,0.8774122595787048,-0.9748480955706995,0.23633316159248352,-0.34847086668014526,0.21052631735801697,-0.002493004839883517,0.14004086749910744,0.02272541090028901,0.4451150039863156,0.421052604914,0.4525898618979537,0.4117774481959256
10996.597,-1.7665026337943723,0.7920131773257097,-0.99351118362534,0.251741458186961,-0.36772231163612645,0.20311614227799432,-1.6552331447601318,0.8774122595787048,-0.9748480955706995,0.23633316159248352,-0.34847086668014526,0.21052631735801697,-0.010834496783491715,0.13984461419390914,0.018663088054640453,0.44552010822164884,0.421052604914,0.45013824187906165,0.40591686529522397
10996.617,-1.7614455887306812,0.7846756752270914,-0.9894512175707789,0.25285225317903526,-0.36687510492291125,0.2029983027236214,-1.6430028676986694,0.8597621917724609,-0.9641111532794397,0.2399905025959015,-0.34595608711242676,0.21052762866020203,0.0022909917710218636,0.14021916591211825,0.02534006429133917,0.4454600565200329,0.421047568321,0.4523435856699349,0.4155096925451968
10996.637,-1.7576415393625786,0.7791767901870896,-0.9864201099024443,0.19020246840098007,-0.27494425199408523,0.15155538341342123,-1.6372430324554443,0.8514592051506042,-0.9590585867511194,0.2399905025959015,-0.34595608711242676,0.21052762866020203,0.006133745213982744,0.140295848648757,0.027361523151324896,0.3342497558040975,0.421047568321,0.466004816424988,0.4218287038992681
10996.657,-1.752546624163648,0.7718692143090219,-0.9823769981563026,0.25474575994096804,-0.36537879389541156,0.20215558730267197,-1.6312345266342163,0.8428164124488831,-0.9537952581988733,0.24361653625965118,-0.34341856837272644,0.21052631735801697,0.008318669766570266,0.1402887367688576,0.028581739957429297,0.44532488690577315,0.421052634716,0.4690743512169218,0.4199103809764158
10996.677,-1.7474018833863552,0.7645590993461535,-0.9783497997652533,0.2572370388824245,-0.3655057481686831,0.20135991956638677,-1.6312345266342163,0.8428164124488831,-0.9537952581988733,0.24361653625965118,-0.34341856837272644,0.21052631735801697,-5.3515691220237804e-05,0.1400680511926547,0.024554541566379928,0.4468543524449784,0.421052634716,0.4708118789918206,0.41400176650841886
10996.697,-1.7422050131500604,0.757214095923866,-0.9742953827527554,0.25984351180906723,-0.36725017110635866,0.20272085062046846,-1.6312345266342163,0.8428164124488831,-0.9537952581988733,0.24361653625965118,-0.34341856837272644,0.21052631735801697,-0.00848153764493597,0.1398937775284872,0.02050012455388206,0.44979575635836,0.421052634716,0.4682721639150895,0.4081135821887011
10996.718,-1.7356639811996573,0.7479985143645643,-0.9692325417683294,0.32705159751301716,-0.4607790779550266,0.2531420492157743,-1.6188828945159912,0.8257688879966736,-0.9432690779315394,0.24721553921699524,-0.3408195674419403,0.2105226069688797,0.0019722931108978187,0.14029313340923177,0.025963463836790046,0.5649791656584777,0.421038597822,0.45590026169042797,0.41261076299644034
10996.737,-1.7303106109926474,0.7405450580331674,-0.9651937426693984,0.2676685103446512,-0.3726728165617121,0.20193995494214267,-1.612702488899231,0.8172484040260315,-0.9380062262164515,0.24721553921699524,-0.3408195674419403,0.2105226069688797,0.003886954070584786,0.14035656470893737,0.027187516452946925,0.45876872638132554,0.421038597822,0.457026794147823,0.4174072920880918
10996.756,-1.7249155078080536,0.7330700890764561,-0.9611586902667254,0.26975515924833576,-0.3737484478613987,0.20175262014759493,-1.606513500213623,0.8087341785430908,-0.9327428976642054,0.2507917284965515,-0.3382141888141632,0.21052630245685577,0.005759862564014194,0.14039556196849728,0.02841579260252003,0.46087356205241164,0.421052634716,0.45820976983551076,0.41893373840270515
10996.777,-1.7194878085132013,0.7256189947853613,-0.9571370910029368,0.2713849647366921,-0.37255471454660827,0.20107996318504306,-1.606513500213623,0.8087341785430908,-0.9327428976642054,0.2507917284965515,-0.3382141888141632,0.21052630245685577,-0.0028927959256865726,0.14022467628267724,0.024394193338731385,0.46086125391963056,0.421052634716,0.45523106789546613,0.41316665934410246
10996.797,-1.7140233896102512,0.7182011364322032,-0.9531056861529004,0.2732209451415371,-0.37089291764980986,0.2015702424974197,-1.606513500213623,0.8087341785430908,-0.9327428976642054,0.2507917284965515,-0.3382141888141632,0.21052630245685577,-0.011539384408725206,0.14007658847714222,0.020362788488694994,0.4605956449407943,0.421052634716,0.4514038407123576,0.4074367757037086
10996.817,-1.7085279346189848,0.710825289142027,-0.9490628211318115,0.2747727495573257,-0.36879236450075764,0.20214325105003061,-1.5938054323196411,0.7919500470161438,-0.9222167173968714,0.2543409466743469,-0.33554795384407043,0.21052762866020203,0.0008756825637700194,0.1405052029428252,0.02684610373494012,0.45982030700660953,0.421048402786,0.44920671066468143,0.41672416317922156
10996.837,-1.7030056887206182,0.7034870592469489,-0.9450139716595664,0.27611229493741457,-0.3669114947792691,0.20244247362625079,-1.587446928024292,0.7835613489151001,-0.9169533888446253,0.2543409466743469,-0.33554795384407043,0.21052762866020203,0.002785791036587576,0.14056300511809727,0.02806058281494106,0.4591113280524821,0.421048402786,0.4501499139896757,0.4183635774104497
10996.857,-1.6974456743697646,0.6961851914135377,-0.9410049948538692,0.27800071753661315,-0.36509339166258753,0.20044884028048052,-1.5810799598693848,0.7751790881156921,-0.9116900602923792,0.25785595178604126,-0.33285975456237793,0.21052631735801697,0.0046976775372208485,0.14056652180775775,0.029314934561490036,0.45878616845722964,0.421052604914,0.45139584288016593,0.4199361961789628
10996.877,-1.691851188623736,0.68892775821792,-0.9370192721391365,0.2797242872953247,-0.36287165977296826,0.19928613573228712,-1.5810799598693848,0.7751790881156921,-0.9116900602923792,0.25785595178604126,-0.33285975456237793,0.21052631735801697,-0.0039031290482467035,0.14033646216331613,0.025329211846757294,0.45805134836106864,0.421052604914,0.44869863783794794,0.4141252731444052
10996.897,-1.6862196704935448,0.6817028026943248,-0.9330488560060322,0.2815759065034107,-0.361247776171872,0.1985208066508836,-1.5810799598693848,0.7751790881156921,-0.9116900602923792,0.25785595178604126,-0.33285975456237793,0.21052631735801697,-0.01250364979126653,0.14012791808988817,0.021358795713652956,0.4578872098562363,0.421052604914,0.44480480518601123,0.4083456529314811
10996.918,-1.680547337533148,0.6745126088102404,-0.9290813478101729,0.2701110933673958,-0.34239018497561663,0.18892896171818657,-1.568021297454834,0.7586662173271179,-0.9011638800250452,0.26134803891181946,-0.33011916279792786,0.21052762866020203,-5.823739324939403e-05,0.1405131172898965,0.027917467785127714,0.4359590777773688,0.421048045158,0.44776067302875683,0.4183268119775344
10996.937,-1.6748448098182251,0.6673583215408285,-0.925099556237484,0.300133037623835,-0.37654143522759204,0.20956797750737738,-1.5614875555038452,0.7504132390022278,-0.8959005514727991,0.26134803891181946,-0.33011916279792786,0.21052762866020203,0.0018789462413123514,0.14051496710755446,0.029199004764684844,0.48134294847233783,0.421048045158,0.44359215506310135,0.41844663238429974
10996.958,-1.6691180588903065,0.6602240842020006,-0.921131172488516,0.2863375463896815,-0.3567118669336086,0.19841918744406986,-1.5614875555038452,0.7504132390022278,-0.8959005514727991,0.26134803891181946,-0.33011916279792786,0.21052762866020203,-0.006708573921680144,0.14026191193171347,0.025230621015716825,0.45725606081578657,0.421048045158,0.44072633930223226,0.413382983057091
10996.977,-1.6633770445421143,0.6531186380508078,-0.9171801154930577,0.2870507174033436,-0.35527230755188494,0.19755284976860182,-1.548248291015625,0.7340461611747742,-0.8853743712054651,0.26823949813842773,-0.32454437017440796,0.21052762866020203,0.005757773006434305,0.1406084703620291,0.03180574428759253,0.45659159147936146,0.421048074961,0.44233701587527635,0.42264728458913214
10996.998,-1.6576224524879846,0.6460570270568238,-0.9132474751753257,0.28772960272637627,-0.35308054972360836,0.19663201590019125,-1.548248291015625,0.7340461611747742,-0.8853743712054651,0.26823949813842773,-0.32454437017440796,0.21052762866020203,-0.002795607587952012,0.14034592797378423,0.027873103969860535,0.4553148592716686,0.421048074961,0.43994913555761594,0.41685032372318054
10997.018,-1.6518530774116784,0.6390388498430144,-0.90930662114649,0.27473214648239247,-0.3341989149331139,0.18765971565312142,-1.5415422916412354,0.7259325981140137,-0.880111042653219,0.26823949813842773,-0.32454437017440796,0.21052762866020203,-0.0008027978560461863,0.14042203695103805,0.029195578493270924,0.4324750505008662,0.421048074961,0.4429997426333464,0.41937746418202687
10997.037,-1.6460787963678967,0.6320693747923816,-0.9053626220835502,0.2887140521827854,-0.3484737525240353,0.19719995314268257,-1.5348362922668457,0.7178189754486084,-0.874847714100973,0.26823949813842773,-0.32454437017440796,0.21052762866020203,0.0012263172503712977,0.14045064925936143,0.030514907982577277,0.45237872116579914,0.421048074961,0.4443826992404885,0.42041802240374493
10997.057,-1.6402919724111529,0.6251561655692313,-0.9013898074130919,0.3045696819301515,-0.3638531170034522,0.2090955089689267,-1.5281221866607666,0.7097121477127075,-0.8695848623858851,0.2716384530067444,-0.3217107951641083,0.21052631735801697,0.003295711744280297,0.14043116903178599,0.03180494502720688,0.4743217922715728,0.421052604914,0.4411017775839088,0.4212330339860214
10997.078,-1.6344733602608894,0.618269688607443,-0.89739288320566,0.29093060753328304,-0.344323848113212,0.1998462103854096,-1.5281221866607666,0.7097121477127075,-0.8695848623858851,0.2716384530067444,-0.3217107951641083,0.21052631735801697,-0.005154985363010095,0.14016319623656054,0.02780802081977496,0.45059810136445955,0.421052604914,0.43906271883136716,0.41616557319519326
10997.097,-1.6286342124200348,0.6114042511275048,-0.893420938123294,0.29195739203635707,-0.34327187398941583,0.19859725411396403,-1.5281221866607666,0.7097121477127075,-0.8695848623858851,0.2716384530067444,-0.3217107951641083,0.21052631735801697,-0.013607600530143565,0.13993549607247882,0.02383607573740898,0.4504687442244887,0.421052604914,0.43573626265873744,0.41035036232941596
10997.118,-1.6227784639590093,0.6045792690002478,-0.8894410508880306,0.2788451648022383,-0.3249991489070917,0.18951843976867092,-1.5135554075241089,0.6928074955940247,-0.8584268728839319,0.2750054895877838,-0.3188183903694153,0.2105226069688797,0.000265122887168609,0.1404059319783853,0.03101417800409867,0.428062866878095,0.421038210392,0.43955019027216474,0.42147347616960606
10997.138,-1.6169086362379472,0.5977981374381349,-0.8854989818980789,0.29349138604669556,-0.3390565780982445,0.1971034494932853,-1.507505178451538,0.6857934594154358,-0.853795353566305,0.2750054895877838,-0.3188183903694153,0.2105226069688797,0.0011131078150179025,0.14039606211181138,0.03170362833177387,0.4482597294666012,0.421038210392,0.4413193036946792,0.42157622871116096
10997.156,-1.6110220430702995,0.5910695996122066,-0.8815608230715274,0.30982069303029414,-0.3541335697813606,0.20727151718437917,-1.507505178451538,0.6857934594154358,-0.853795353566305,0.2750054895877838,-0.3188183903694153,0.2105226069688797,-0.0072701945444688665,0.14012671104327815,0.027765469505222407,0.47032601525224116,0.421038210392,0.4371551003086152,0.41502637198384307
10997.177,-1.6050990240707421,0.5843820275627263,-0.8776010855543257,0.28204852380427786,-0.3184558118978907,0.18855892940114022,-1.4935888051986694,0.6699984073638916,-0.843269173298971,0.2816636860370636,-0.3129655718803406,0.21052762866020203,0.005398013564283197,0.14048329029715512,0.0343319122553547,0.42518733108138956,0.421048551798,0.4420277754695189,0.42595347150021406
10997.197,-1.5991148963406527,0.5776954430991232,-0.8736377043254769,0.31495409105347644,-0.35192549808005796,0.20859901204211542,-1.4935888051986694,0.6699984073638916,-0.843269173298971,0.2816636860370636,-0.3129655718803406,0.21052762866020203,-0.0030137028869453852,0.14016601128190276,0.03036853102650594,0.47202428590228146,0.421048551798,0.43807788083549015,0.41829733008485515
10997.217,-1.5930750228361767,0.5710143066813285,-0.8696226563368326,0.3019936752172076,-0.33405682088244704,0.20075239942783712,-1.4865472316741943,0.6621742248535156,-0.8380058447467249,0.2816636860370636,-0.3129655718803406,0.21052762866020203,-0.000931310206353661,0.14020497006993132,0.03161681159010765,0.45006861794700787,0.421048551798,0.43665197524179966,0.4207081264205098
10997.237,-1.5870125660279366,0.5643581223305821,-0.8656166582749152,0.3031228404053902,-0.332809217530052,0.20029990309149642,-1.4795056581497192,0.6543501019477844,-0.832742993031637,0.2816636860370636,-0.3129655718803406,0.21052762866020203,0.0011543708238263423,0.14019614497181998,0.03287366524327817,0.4499079216350014,0.421048551798,0.4382617958030527,0.42230320910418645
10997.257,-1.580947181708437,0.5577394845291256,-0.8615751308476202,0.3032692159959397,-0.33093189009570206,0.20207637137871895,-1.4724562168121338,0.6465330719947815,-0.8274796644793909,0.28493934869766235,-0.309991717338562,0.21052631735801697,0.003271249631396897,0.14015666079427364,0.034095466368229244,0.44863599202952864,0.421052604914,0.44029474971199994,0.42385994125043064
10997.277,-1.5749124757049877,0.5511801460424612,-0.8574927728113747,0.3017353001658814,-0.32796692432605845,0.2041179018078175,-1.4724562168121338,0.6465330719947815,-0.8274796644793909,0.28493934869766235,-0.309991717338562,0.21052631735801697,-0.005065532362081973,0.13987067546800824,0.030013108331983784,0.4454461407920708,0.421052604914,0.4386593405763859,0.4179581000583809
10997.297,-1.568912295745329,0.5446766268409436,-0.8533875978111894,0.30000899797638825,-0.3251759600687818,0.2052587500047825,-1.4724562168121338,0.6465330719947815,-0.8274796644793909,0.28493934869766235,-0.309991717338562,0.21052631735801697,-0.013336500739995857,0.13964472181416543,0.025907933331798527,0.4422601524217594,0.421052604914,0.4361684894189821,0.4121240950031598
10997.317,-1.5629229787921741,0.5382113755097602,-0.8492453790904426,0.29946584765120604,-0.3232625665521176,0.20711093603282052,-1.4580549001693726,0.6311771273612976,-0.8169534842120569,0.288189172744751,-0.30696696043014526,0.21052762866020203,-0.0005264296617373265,0.1401415991173605,0.032291894878385685,0.44051189875768615,0.421048343182,0.43857547552249615,0.42166671833762964
10997.337,-1.5569368950558702,0.531781641078048,-0.8451165433992743,0.2993041868358853,-0.3214867216078282,0.20644178457268392,-1.450850248336792,0.6235029697418213,-0.8116901556598108,0.288189172744751,-0.30696696043014526,0.21052762866020203,0.0017917792034871372,0.1402282720111475,0.03342638773946349,0.4391191069597181,0.421048343182,0.44119494789908825,0.42341040274459446
10997.357,-1.5509223416380982,0.5253860826777872,-0.8409962997153736,0.3007276708820366,-0.3197779200060623,0.20601218419054004,-1.443637728691101,0.6158360838890076,-0.8064268271075647,0.2914018929004669,-0.3039247393608093,0.21052631735801697,0.00411577597710551,0.14026493247566557,0.03456947260780885,0.43883429518401706,0.421052634716,0.4443098055063459,0.4250376220038865
10997.377,-1.5448810700981153,0.519019975105925,-0.8368905382662932,0.30206357699255193,-0.318305378586161,0.20528807244953748,-1.443637728691101,0.6158360838890076,-0.8064268271075647,0.2914018929004669,-0.3039247393608093,0.21052631735801697,-0.004081901603478627,0.14002468060472206,0.03046371115872848,0.4386767812234692,0.421052634716,0.443479728771136,0.41907635000701193
10997.397,-1.5388026050114614,0.512674124220349,-0.8327903571706747,0.2894507184032644,-0.3021833754944076,0.19524671883302286,-1.443637728691101,0.6158360838890076,-0.8064268271075647,0.2914018929004669,-0.3039247393608093,0.21052631735801697,-0.012292153377269091,0.13981289845038297,0.026363530063109986,0.41830528688437796,0.421052634716,0.44349062478225254,0.4137761565800276
10997.417,-1.5326775437937918,0.5063360868886797,-0.8286930286300271,0.3062530609046455,-0.31690186660536807,0.20486642704654037,-1.4289164543151855,0.6007866263389587,-0.7959006468402308,0.294587105512619,-0.30083248019218445,0.21052762866020203,0.0005112101017833021,0.14031039432796094,0.032792381789796377,0.4405500661065268,0.421048372984,0.4459292832794058,0.4226379704231595
10997.437,-1.5265263848355635,0.500012074069657,-0.8246206996352656,0.3075579479047054,-0.31620064094423445,0.20361644973363097,-1.4215517044067383,0.5932658314704895,-0.7906373182879847,0.294587105512619,-0.30083248019218445,0.21052762866020203,0.0027852085407806954,0.1403858590239475,0.03398338134728096,0.440964342996209,0.421048372984,0.44864938757018086,0.4243408042705207
10997.457,-1.5203306232089775,0.49369788917016466,-0.8205523450941914,0.3260927171847393,-0.3323255210218389,0.21412392321180962,-1.4141795635223389,0.5857524871826172,-0.7853739897357386,0.2977352738380432,-0.29772305488586426,0.21052631735801697,0.005035611164381892,0.14041630641785052,0.03517835535845282,0.46543925157393706,0.421052634716,0.4492533728706332,0.42502815576065167
10997.477,-1.5141030163947111,0.48740580436445535,-0.8164579202258312,0.3113803407065219,-0.3146042402785983,0.2047212434135415,-1.4141795635223389,0.5857524871826172,-0.7853739897357386,0.2977352738380432,-0.29772305488586426,0.21052631735801697,-0.003239413528971974,0.14016516205984153,0.031083930490092615,0.4424952447243878,0.421052634716,0.44817030660320584,0.41994583717394246
10997.497,-1.5078431288588052,0.4811475497762996,-0.8123292871817147,0.31299437681692943,-0.3129127294294173,0.20643165222009294,-1.4141795635223389,0.5857524871826172,-0.7853739897357386,0.2977352738380432,-0.29772305488586426,0.21052631735801697,-0.011509119338295126,0.13993783110143948,0.026955297445976134,0.4424211147240036,0.421052634716,0.4459263877354496,0.41398276018986174
10997.517,-1.5015399174887256,0.4749147333937286,-0.8081781452946607,0.31516056849710117,-0.3116408191217478,0.20755709434817,-1.3991450071334839,0.5710166096687317,-0.7748478094684046,0.3008476197719574,-0.2945575714111328,0.2105226069688797,0.0012516067193210634,0.14042336618545415,0.03333033582625611,0.44304382744388604,0.421038538218,0.4482254658618579,0.4233973411870648
10997.537,-1.495207771301467,0.46870689068339,-0.8040443535255432,0.3166073093560154,-0.31039213551015404,0.20668958845136567,-1.391623854637146,0.5636526346206665,-0.7695849577533167,0.3008476197719574,-0.2945575714111328,0.2105226069688797,0.003489617089855457,0.14047115239752994,0.03445939577222645,0.4431965471068097,0.421038538218,0.45082592792375914,0.4249931883016319
10997.556,-1.4888519319954727,0.4625279427410749,-0.799920974735355,0.3177919652927818,-0.3089473971090116,0.20616893950490994,-1.3840951919555664,0.5562962889671326,-0.7643216292010706,0.30393660068511963,-0.2913895547389984,0.21052630245685577,0.005730530544327081,0.14047646905243194,0.03559934553428434,0.4430340956358355,0.421052634716,0.4537568446513084,0.4265422759521824
10997.576,-1.48246176379469,0.456366139314971,-0.7958223791143686,0.3195084100612226,-0.30809017132649047,0.2049297810634829,-1.3840951919555664,0.5562962889671326,-0.7643216292010706,0.30393660068511963,-0.2913895547389984,0.21052630245685577,-0.0025671817343810716,0.14019781325979205,0.03150074991329799,0.4436709388104615,0.421052634716,0.4526498571742469,0.42049139370627847
10997.597,-1.4760457705126253,0.4502236967930744,-0.7917147742556505,0.3207996640962305,-0.30712212608812656,0.20538024293142115,-1.3840951919555664,0.5562962889671326,-0.7643216292010706,0.30393660068511963,-0.2913895547389984,0.21052630245685577,-0.01087004062770569,0.13995765761205764,0.027393145054579904,0.4439378074951856,0.421052634716,0.45034377854441293,0.4145137532762402
10997.617,-1.4695866207937422,0.44409814437376643,-0.7875923980495128,0.3229574859371036,-0.3062776209587124,0.2061188103023887,-1.368753433227539,0.5418798923492432,-0.7537954489337366,0.3069884181022644,-0.28816530108451843,0.21052762866020203,0.0018495260477051356,0.14044636415834916,0.03379694911577613,0.4449094601765148,0.421047657728,0.45254582573548874,0.4239345733990463
10997.637,-1.4630979267860262,0.4379849258457558,-0.7835026476011175,0.32443470037871885,-0.3056609263938586,0.2044875224152971,-1.3610787391662598,0.5346757769584656,-0.7485321203814905,0.3069884181022644,-0.28816530108451843,0.21052762866020203,0.004034033386680055,0.1405018217181986,0.03497052721962701,0.44556925314648976,0.421047657728,0.4549923642289057,0.4255540250523288
10997.658,-1.4565782226179147,0.4318947559906186,-0.7794137774051508,0.3259852083984614,-0.3045084927502141,0.2044435097938729,-1.3533968925476074,0.5274794101715088,-0.7432692686664026,0.3100033402442932,-0.28492677211761475,0.21052631735801697,0.0062126579508464536,0.1405141127116556,0.03614450873874819,0.44590926876493386,0.421052664518,0.4578503679554938,0.427109064184871
10997.677,-1.4500153304250747,0.4258175182114987,-0.7753252865079887,0.3281446096646823,-0.30386188897699806,0.20442454487223627,-1.3533968925476074,0.5274794101715088,-0.7432692686664026,0.3100033402442932,-0.28492677211761475,0.21052631735801697,-0.0021538321554929324,0.14023417494254647,0.03205601784158607,0.4470463626312402,0.421052664518,0.4565439201141193,0.4210462751596962
10997.696,-1.4434169785772935,0.41975384475844124,-0.771206470065767,0.3299175923818604,-0.30318367264625573,0.20594082210658843,-1.3533968925476074,0.5274794101715088,-0.7432692686664026,0.3100033402442932,-0.28492677211761475,0.21052631735801697,-0.010534084376497221,0.1399908796983075,0.027937201399364398,0.447893384133766,0.421052664518,0.453901477008265,0.4150332612473629
10997.718,-1.4367604409153583,0.4136940003787765,-0.7670543885493502,0.33282688308949465,-0.3029922189766226,0.20760407581631263,-1.3374420404434204,0.5131074786186218,-0.7325323263751429,0.3129870295524597,-0.2816395163536072,0.21052762866020203,0.0025103893192179177,0.140502250065664,0.03452206217420728,0.4499033222298454,0.421048343182,0.45579802818798404,0.42466280483375296
10997.738,-1.430057394199161,0.40763245239008333,-0.7629038450949615,0.3191927007892139,-0.28864514233492433,0.19764492641055548,-1.329930305480957,0.5063481330871582,-0.7274797598468226,0.3129870295524597,-0.2816395163536072,0.21052762866020203,0.004160267206258686,0.1405450521627939,0.03542408524813889,0.430183370526136,0.421048343182,0.45977428438845785,0.4266899902347793
10997.758,-1.4233201934660105,0.4015799126815004,-0.7587704957013863,0.336860036650174,-0.3026269854225412,0.20666746967424515,-1.3220986127853394,0.499315083026886,-0.7222164312945765,0.3159326910972595,-0.27833765745162964,0.21052631735801697,0.006210025755738494,0.14056815961677882,0.03655406440680986,0.452669796483569,0.421052634716,0.4618333493241893,0.4273210045390105
10997.777,-1.4165215219816105,0.3955228283560573,-0.7546775827899779,0.3578248149640332,-0.3187939118615201,0.21541646901885775,-1.3220986127853394,0.499315083026886,-0.7222164312945765,0.3159326910972595,-0.27833765745162964,0.21052631735801697,-0.00231690429505646,0.14029664951533583,0.03246115149540141,0.47906366657285393,0.421052634716,0.4572934559045989,0.4203517751834377
10997.798,-1.409659081212075,0.38946399609928295,-0.7505953999541828,0.3431220384692834,-0.30294161283210436,0.2041091417852992,-1.3220986127853394,0.499315083026886,-0.7222164312945765,0.3159326910972595,-0.27833765745162964,0.21052631735801697,-0.010895129225031525,0.14005496452984106,0.02837896865960632,0.4575479609186508,0.421052634716,0.4538368081228526,0.41518469463546925
10997.817,-1.4027355878155725,0.3834017712311774,-0.7464948315923917,0.34617466981757156,-0.3031112433986606,0.20502841808507807,-1.306164026260376,0.48555752635002136,-0.7116902510272425,0.31883862614631653,-0.27498164772987366,0.2105226069688797,0.0015197396319004824,0.14056868497841743,0.034804580565149235,0.45995141297908815,0.421037971973,0.4517171736982016,0.4244628061942867
10997.836,-1.395760739323192,0.377353800451478,-0.7424222758213911,0.3487424246431363,-0.30239853900587377,0.20362778856410657,-1.2978742122650146,0.47840800881385803,-0.7062166372882288,0.31883862614631653,-0.27498164772987366,0.2105226069688797,0.0038058372405194163,0.14063868888096642,0.03620563853316228,0.4614089592014262,0.421037971973,0.45258012825967175,0.42629157807431645
10997.857,-1.3887774712918306,0.3713492133375984,-0.7383637041848183,0.34916340156044295,-0.30022935568742554,0.20292858182420798,-1.2978742122650146,0.47840800881385803,-0.7062166372882288,0.31883862614631653,-0.27498164772987366,0.2105226069688797,-0.004829584756495128,0.14036261361774302,0.03214706689658953,0.46030906393285864,0.421037971973,0.44952797163791475,0.4203543365235132
10997.877,-1.3817673262291814,0.36538692835953207,-0.7343061658821544,0.3505072531248085,-0.29811424889680954,0.20287691512877046,-1.282108187675476,0.46510249376296997,-0.6959007422076624,0.3245646357536316,-0.2682150900363922,0.21052762866020203,0.007159928130310356,0.14079727735351538,0.038405423674491956,0.45993817623825195,0.421048134565,0.45101264208268604,0.4293537936475384
10997.897,-1.374740391253325,0.359463298724402,-0.7302900864358233,0.3513467487851554,-0.2961814817500373,0.2008039723121713,-1.282108187675476,0.46510249376296997,-0.6959007422076624,0.3245646357536316,-0.2682150900363922,0.21052762866020203,-0.001461179617820954,0.14049280985946966,0.03438934422816087,0.4593250769402513,0.421048134565,0.4485353889487759,0.42338868455635825
10997.917,-1.3676889051196266,0.35355912950039,-0.7262198927837435,0.3525743067092868,-0.2952084612210076,0.20350968261805308,-1.2739940881729126,0.45839712023735046,-0.6906378904925745,0.3245646357536316,-0.2682150900363922,0.21052762866020203,0.0004372072892984413,0.14060416734303233,0.035582002291169035,0.4596488515292569,0.421048134565,0.4462954094203148,0.4250621406838591
10997.937,-1.3606210044323341,0.3476834562967304,-0.7221275425783091,0.35339503435690917,-0.2937836601765653,0.20461751026725433,-1.2658799886703491,0.45169174671173096,-0.6853745619403284,0.3245646357536316,-0.2682150900363922,0.21052762866020203,0.002346089859634415,0.14067011198202092,0.036752980637980714,0.4593739538270897,0.421048134565,0.44715427990852724,0.42666299532523677
10997.96,-1.3535823227544816,0.34183652354631305,-0.7180314768875474,0.30602963815355866,-0.2542144673978703,0.17808981263370072,-1.2577590942382812,0.44499456882476807,-0.6801112333880823,0.3273686170578003,-0.2647925913333893,0.21052631735801697,0.004296658692832217,0.14073099215530688,0.0379202434994651,0.3977201946906769,0.421052634716,0.4554237901000623,0.430817042696976
10997.978,-1.3465521153721034,0.33603654146225703,-0.7139225570950718,0.3905670767981602,-0.3222212268914802,0.22827332180383253,-1.2577590942382812,0.44499456882476807,-0.6801112333880823,0.3273686170578003,-0.2647925913333893,0.21052631735801697,-0.0042364002869565015,0.1404923671998225,0.03381132370698947,0.5061818578366635,0.421052634716,0.4487013207922149,0.42055005310884597
10997.997,-1.3395083813040376,0.3302714497623162,-0.7098014674386124,0.37072284571862235,-0.3034258789695847,0.216899455621234,-1.2577590942382812,0.44499456882476807,-0.6801112333880823,0.3273686170578003,-0.2647925913333893,0.21052631735801697,-0.01275700851769751,0.1402911213044373,0.029690234050530062,0.4789275898991308,0.421052634716,0.4430057430443419,0.4157542676862709
10998.017,-1.332450468106289,0.32452146582610003,-0.7056726585417681,0.35289565987972815,-0.28749919680453323,0.2064404448377091,-1.241259217262268,0.4319196343421936,-0.6695850531207483,0.33013883233070374,-0.26132330298423767,0.21052762866020203,-0.00024010765980414517,0.14089057164842536,0.03608760542101974,0.45507197165164065,0.421048104763,0.4411248116865153,0.4260793008337754
10998.037,-1.3253659862860312,0.3188090712056978,-0.7015634070186154,0.3542240910051571,-0.2856197310138775,0.2054625761531486,-1.232675552368164,0.42512524127960205,-0.6641114393817347,0.33013883233070374,-0.26132330298423767,0.21052762866020203,0.002182310147622879,0.14103149322575229,0.037451967636880745,0.454911022219717,0.421048104763,0.44240600863835644,0.42809254189371293
10998.058,-1.31828583234831,0.3131329755006805,-0.6974334455176168,0.3540076968783334,-0.28380478524467084,0.20649807504542492,-1.224745750427246,0.4188618063926697,-0.6590583960162562,0.3328702449798584,-0.25784242153167725,0.21052631735801697,0.0037932139303454154,0.1411167748202347,0.038375049501360614,0.45361880153606127,0.421052634716,0.44412591773388915,0.42948097002215124
10998.077,-1.3112255538411304,0.3075145878621002,-0.6933158882596372,0.3530139253833812,-0.2809193819484327,0.20587786291320942,-1.224745750427246,0.4188618063926697,-0.6590583960162562,0.3328702449798584,-0.25784242153167725,0.21052631735801697,-0.004646704410037367,0.14090907568756603,0.03425749224338104,0.45104704719684807,0.421052634716,0.44212662256262714,0.42366928615539146
10998.097,-1.3041576034819808,0.30195411912560854,-0.689180111978323,0.3533975179497627,-0.2780234368185129,0.20678881406119773,-1.224745750427246,0.4188618063926697,-0.6590583960162562,0.3328702449798584,-0.25784242153167725,0.21052631735801697,-0.013054641152477987,0.1407239357469076,0.03012171596206681,0.44953716170071095,0.421052634716,0.43898311118784344,0.41782836178239935
10998.118,-1.2970645266297622,0.2964292581653786,-0.6850270816829854,0.3546538426031889,-0.2762430480054688,0.2076515147623441,-1.2079741954803467,0.4061371386051178,-0.6485322157489222,0.3355676531791687,-0.2543156147003174,0.21052762866020203,-0.00041979306759121204,0.14132490901703437,0.03649486593406326,0.4494219287047916,0.421048790216,0.4376400480383358,0.4274003754223433
10998.137,-1.289932319376483,0.29093424266600004,-0.6808930488112188,0.3566103626561831,-0.2747507749629293,0.2067016435838188,-1.1995849609375,0.39977923035621643,-0.6432688871966761,0.3355676531791687,-0.2543156147003174,0.21052762866020203,0.001684354464264251,0.14144624234041753,0.03762416161454274,0.45004221819012674,0.421048790216,0.43933725025263126,0.4290693013050977
10998.157,-1.2827643101682777,0.28546686661870335,-0.6767750505273111,0.3584004604024344,-0.27336880235886746,0.20589991419089,-1.1911894083023071,0.39342981576919556,-0.63800555864443,0.3382243514060974,-0.250777930021286,0.21052631735801697,0.0037762074475764795,0.14151926122739186,0.038769491882881146,0.4506137382980421,0.421052575111,0.4412763366032753,0.4306681914399535
10998.177,-1.2755707326707175,0.2800272830899753,-0.6726639783019113,0.35967887490287265,-0.2719791764552012,0.20555361128420113,-1.1911894083023071,0.39342981576919556,-0.63800555864443,0.3382243514060974,-0.250777930021286,0.21052631735801697,-0.004657843269658721,0.1412750750001705,0.03465841965748129,0.45079065363008264,0.421052575111,0.43920308410595604,0.42468472456949413
10998.198,-1.2683645579643579,0.27461656649364957,-0.6685345290491604,0.3431511764828539,-0.2576531712457513,0.19664044060118674,-1.1911894083023071,0.39342981576919556,-0.63800555864443,0.3382243514060974,-0.250777930021286,0.21052631735801697,-0.013083085105770796,0.14107240982165192,0.03052897040473046,0.4289841973447657,0.421052575111,0.4380244807822311,0.4195124448160909
10998.217,-1.261200861457254,0.26925589968477465,-0.6643518624809689,0.3770366582640008,-0.28214035835838075,0.2201403456915945,-1.1738132238388062,0.3808141052722931,-0.6272690931903284,0.34083741903305054,-0.24718928337097168,0.2105226069688797,2.0637078655447172e-05,0.1417103807649644,0.03708276929064047,0.47080055254697045,0.421037644148,0.43464988033029395,0.42783122720791283
10998.238,-1.2540811295353818,0.26394590060464207,-0.6601389414146968,0.339034853441521,-0.2528570990681248,0.20061528888136196,-1.165633201599121,0.3748815655708313,-0.6222165266620081,0.34083741903305054,-0.24718928337097168,0.2105226069688797,0.001836939034728563,0.14186748525540036,0.03792241475268865,0.4228647177145797,0.421037644148,0.4390439625370665,0.43123390008432183
10998.258,-1.2470099807853157,0.25868200756212384,-0.6558868272578608,0.3535574374955872,-0.2631946521201666,0.2126057078371546,-1.1571060419082642,0.36871039867401123,-0.6169536749469202,0.34342846274375916,-0.24360254406929016,0.21052630245685577,0.004147368913875155,0.1420273368312287,0.03893315231094063,0.44070938053224473,0.421052604914,0.4420121098125471,0.43218824977949005
10998.29,-1.2399761953119317,0.2534751512013892,-0.6516056160295023,0.21980579603595188,-0.16271426126755614,0.13378785088176373,-1.1571060419082642,0.36871039867401123,-0.6169536749469202,0.34342846274375916,-0.24360254406929016,0.21052630245685577,-0.003995032708102739,0.14188257221690417,0.03465194108258207,0.2734503370429124,0.421052604914,0.4721030475023984,0.4327199605554383
10998.297,-1.2329097539205307,0.2482902988096652,-0.6473043796213982,1.0094916273996617,-0.7406931988592891,0.6144623440493594,-1.1571060419082642,0.36871039867401123,-0.6169536749469202,0.34342846274375916,-0.24360254406929016,0.21052630245685577,-0.012148378476865146,0.14177312900038763,0.03035070467447798,1.2519501897260354,0.421052604914,0.4475263950964951,0.3936324934219803
10998.317,-1.2257271995400079,0.24310168164962015,-0.6430085019686116,0.35912771901830315,-0.25943085799658916,0.2147938826346418,-1.139813780784607,0.356702983379364,-0.606427017842428,0.3459745943546295,-0.23996521532535553,0.21052762866020203,0.0006401154375488549,0.14242879459280625,0.03658148412618356,0.44296454359793663,0.421048372984,0.44978901226685286,0.42983787783752614
10998.337,-1.2184463966536443,0.23789900367385008,-0.6387869734493965,0.3640401443433415,-0.26013389880648413,0.21107642597534443,-1.1290885210037231,0.3492640554904938,-0.5999005476581019,0.3459745943546295,-0.23996521532535553,0.21052762866020203,0.00533995409118368,0.14268317909653735,0.03888642579129464,0.44735611984059664,0.421048372984,0.452289197090232,0.43321424903641553
10998.356,-1.2111152545794055,0.23269330163694257,-0.6345708999164946,0.36655710370393857,-0.2602851018396941,0.2108036766404924,-1.1225090026855469,0.3447134494781494,-0.595900837575094,0.3484804630279541,-0.23631899058818817,0.21052631735801697,0.004947803466443371,0.14274137675495924,0.03867006234140058,0.44950336125089835,0.421052604914,0.45452609990314524,0.43293828309277216
10998.378,-1.2037336183545841,0.2274949886533429,-0.6303590109845734,0.35150648688553754,-0.2475387134971995,0.20056613960918285,-1.1225090026855469,0.3447134494781494,-0.595900837575094,0.3484804630279541,-0.23631899058818817,0.21052631735801697,-0.003478101458698077,0.14256755787682734,0.03445817340947932,0.4298604802474183,0.421052604914,0.45765020156850794,0.4277359224551618
10998.397,-1.1963673300834063,0.22233210326710529,-0.6261504287745263,0.38769938268881754,-0.2717308097986493,0.2215043268418673,-1.1225090026855469,0.3447134494781494,-0.595900837575094,0.3484804630279541,-0.23631899058818817,0.21052631735801697,-0.011872495862161693,0.142447500042787,0.03024959119943227,0.4733910906438903,0.421052604914,0.45263006852557275,0.4203144838266186
10998.417,-1.1889873814086989,0.2172129793535928,-0.6219312941077532,0.3689974337608798,-0.2559561956933167,0.21095673335323917,-1.104967713356018,0.333072692155838,-0.5853741804706019,0.3509504199028015,-0.23262879252433777,0.21052762866020203,0.0007868336963017392,0.14311589207015332,0.036557113637151306,0.44902602518643575,0.421049118042,0.45433377173562384,0.43077323008729995
10998.437,-1.1815659798681886,0.21211777884072602,-0.6177329445535968,0.3710700770174152,-0.25476002563777767,0.20991747770323405,-1.095842957496643,0.32702434062957764,-0.5799005667315882,0.3509504199028015,-0.23262879252433777,0.21052762866020203,0.0033282932470406895,0.14332088811722235,0.037832377822008656,0.4500480457941154,0.421049118042,0.4562997981134064,0.4327931348075818
10998.457,-1.1741263301553522,0.2070556881241531,-0.613557411884261,0.3719824856337001,-0.2531045358231218,0.20877663346223238,-1.0874143838882446,0.3214500844478607,-0.5748480002032679,0.3533780574798584,-0.22893069684505463,0.21052631735801697,0.005030147031649834,0.1434563946170934,0.03870941168099318,0.4498671490133648,0.421052634716,0.4585278796223523,0.43419907277781394
10998.478,-1.1666987647148956,0.2020098065988173,-0.6093498070016339,0.37137827201472007,-0.2522940762612832,0.2103802441267663,-1.0874143838882446,0.3214500844478607,-0.5748480002032679,0.3533780574798584,-0.22893069684505463,0.21052631735801697,-0.003344977655247605,0.1433206340350475,0.03450180679836601,0.44893431027283054,0.421052634716,0.45686263509749736,0.4283599686679643
10998.498,-1.1593138042863809,0.1969745953402836,-0.6050687975926775,0.3516647823299659,-0.23977196470553805,0.2038575909141266,-1.0874143838882446,0.3214500844478607,-0.5748480002032679,0.3533780574798584,-0.22893069684505463,0.21052631735801697,-0.011669370480637577,0.14327421203672383,0.030220797389409637,0.4256180279193522,0.421052634716,0.45628589393296837,0.4233718336945713
10998.517,-1.1519717497488147,0.19194802213570172,-0.6007594081518512,0.3864239230250647,-0.26455648444843627,0.22680997056702384,-1.0696319341659546,0.3101811707019806,-0.5643218199359339,0.3557687997817993,-0.2251892387866974,0.21052762866020203,0.0010891131320976272,0.14407545412977418,0.03643758821591736,0.4683092376896809,0.421048253775,0.45350091505367235,0.43158064750543157
10998.537,-1.1446158752756879,0.18694006079561043,-0.5964608230075071,0.36779372364831187,-0.250398066999099,0.21492925721251424,-1.0607377290725708,0.30455145239830017,-0.5590584913836878,0.3557687997817993,-0.2251892387866974,0.21052762866020203,0.0033303790502824115,0.1444191518482717,0.03740233162381934,0.4449394291990059,0.421048253775,0.45598968625543773,0.4344728848146617
10998.557,-1.1372423834697178,0.18196325155023096,-0.5921594849121434,0.36867459029045374,-0.24884046226354162,0.2150669047634908,-1.0518379211425781,0.29893067479133606,-0.5537951628314417,0.35811904072761536,-0.22144095599651337,0.21052631735801697,0.005577416928614146,0.14472108590477079,0.03836432208070173,0.4447943864387809,0.421052664518,0.458958301900397,0.43635394137093997
10998.578,-1.129850065005801,0.17702532890821954,-0.5878561078618774,0.35201516496818,-0.23513917344231366,0.20492271669083856,-1.0518379211425781,0.29893067479133606,-0.5537951628314417,0.35811904072761536,-0.22144095599651337,0.21052631735801697,-0.0026896933712277082,0.1447051260135149,0.03406094503043566,0.42332600636698325,0.421052664518,0.462728704554641,0.43141126487768816
10998.597,-1.1223643720650425,0.1721303737579009,-0.5835433488101603,0.3939838389824623,-0.2576292184346653,0.22698731850864048,-1.0518379211425781,0.29893067479133606,-0.5537951628314417,0.35811904072761536,-0.22144095599651337,0.21052631735801697,-0.011009562984548277,0.14467579667925734,0.029748185978718644,0.4707353176099178,0.421052664518,0.4581141910290189,0.42391110242070484
10998.618,-1.1147656978811031,0.16726012015534736,-0.5792012478744304,0.37993370918867364,-0.24351268012236232,0.21710504678175874,-1.0338226556777954,0.28803884983062744,-0.5432689825641077,0.3604210615158081,-0.21764515340328217,0.2105226069688797,0.001632323233926869,0.1453843634781981,0.035932265310322675,0.4512546040083485,0.421037703753,0.4597622652989405,0.43412789583503203
10998.637,-1.1070563833597677,0.16241391054361465,-0.5748779831833641,0.38546572605835544,-0.24231048058134638,0.21616323454859426,-1.02481210231781,0.28259772062301636,-0.5380061308490198,0.3604210615158081,-0.21764515340328217,0.2105226069688797,0.0036763941162208102,0.14558418216143001,0.03687185233434431,0.455257503078345,0.421037703753,0.46138724815251325,0.4355982726503513
10998.657,-1.0992131802258447,0.15760192357862646,-0.5705625807250224,0.39216015668759296,-0.24059934824415777,0.21577012291237627,-1.015796184539795,0.27716565132141113,-0.5327428022967737,0.36270108819007874,-0.21385324001312256,0.21052630245685577,0.005626475640327935,0.14567849166196767,0.037819778428248685,0.459989967010743,0.421052604914,0.46267796316422827,0.4368426361850233
10998.678,-1.0912713613184881,0.15282217789732033,-0.5662565332802667,0.37818185275249205,-0.22760693721782885,0.20504987833320976,-1.015796184539795,0.27716565132141113,-0.5327428022967737,0.36270108819007874,-0.21385324001312256,0.21052630245685577,-0.0030127233219413158,0.14542601277325867,0.03351373098349297,0.4412592075191154,0.421052604914,0.46181162540561116,0.43137042602646397
10998.697,-1.0832761758648521,0.14807772399098268,-0.5619423406917791,0.420799234396737,-0.24970810033050073,0.22706276781235657,-1.015796184539795,0.27716565132141113,-0.5327428022967737,0.36270108819007874,-0.21385324001312256,0.21052630245685577,-0.01167899280379752,0.14519243554257438,0.02919953839500533,0.48914165256647035,0.421052604914,0.4553988903582971,0.4235386943691275
10998.717,-1.0751934549784394,0.14336147096623258,-0.5576396030748414,0.404136044311814,-0.23581265123235742,0.21513688084218743,-0.9975551962852478,0.26665523648262024,-0.5222166220294397,0.36493241786956787,-0.21001452207565308,0.21052762866020203,0.0006313775493599072,0.1457005600212679,0.03542298104540165,0.4677005699096236,0.421048402786,0.45235385746522744,0.4333425121699885
10998.737,-1.0670609780190343,0.13867707173527266,-0.5533827341227056,0.4066238479613798,-0.23421996154288366,0.21284344760214605,-0.9884318709373474,0.2614048719406128,-0.5169532934771937,0.36493241786956787,-0.21001452207565308,0.21052762866020203,0.002392017245493497,0.14573581466888136,0.0364294406455119,0.4690344025588685,0.421048402786,0.44957212259042206,0.4346336407623854
10998.757,-1.0589250669311983,0.13404950534161753,-0.5491477890168686,0.4067955544199217,-0.23137831969875003,0.2117472553064861,-0.9793033003807068,0.25616371631622314,-0.5116899649249476,0.367122620344162,-0.20617057383060455,0.21052631735801697,0.004176154874376781,0.14571913381926435,0.037457824091921,0.46775460797487145,0.421052634716,0.4499506201055866,0.43596583346166423
10998.777,-1.050820922366577,0.12949119492906813,-0.5449269488682955,0.4052072282222189,-0.22791552062249476,0.21104200742404572,-0.9793033003807068,0.25616371631622314,-0.5116899649249476,0.367122620344162,-0.20617057383060455,0.21052631735801697,-0.004502034886031049,0.145397488324173,0.03323698394334795,0.46466039521589303,0.421052634716,0.4466224853111064,0.4298920386962576
10998.797,-1.04277413285208,0.12500699846550772,-0.540665287367172,0.4023394757160622,-0.22420982317312638,0.21308307505152405,-0.9793033003807068,0.25616371631622314,-0.5116899649249476,0.367122620344162,-0.20617057383060455,0.21052631735801697,-0.013089453377382688,0.14511821878131856,0.02897532244222445,0.46035461881337836,0.421052634716,0.44250271730874224,0.42388431677509875
10998.816,-1.0347341860358468,0.12058623903949517,-0.5363662886318394,0.4019973408028914,-0.22103797129580297,0.21494993676193663,-0.9608451128005981,0.24603961408138275,-0.5011637846576136,0.3692722022533417,-0.20228545367717743,0.21052762866020203,-0.0005957521310355346,0.14559460681070163,0.03520250397422586,0.45849927764610593,0.421047925949,0.44033050635886706,0.4330776439926203
10998.837,-1.0267224806529245,0.11620566162749363,-0.532073133702251,0.4005852691738033,-0.21902887061521664,0.21465774649426164,-0.9516133069992065,0.24098247289657593,-0.4959004561053675,0.3692722022533417,-0.20228545367717743,0.21052762866020203,0.0014239769257750473,0.14563177155806145,0.036172677596883474,0.4563251701426583,0.421047925949,0.4414586061518254,0.43453872434517193
10998.857,-1.0187412505427595,0.1118685908539282,-0.5277887747669444,0.3990615054995363,-0.21685353867353815,0.2142179467606512,-0.9423764944076538,0.23593464493751526,-0.4906376043902796,0.37138137221336365,-0.19839651882648468,0.21052631735801697,0.0034905816247650656,0.14564263659851318,0.03715117037666482,0.4539710364534238,0.421052604914,0.4431105905109164,0.43598249102385217
10998.878,-1.01078684696766,0.10758961747684886,-0.5235019551573036,0.3787811226122405,-0.20376063699756508,0.20413426711953006,-0.9423764944076538,0.23593464493751526,-0.4906376043902796,0.37138137221336365,-0.19839651882648468,0.21052631735801697,-0.004913337150925796,0.1453557069031171,0.032864350767023986,0.4299156428997755,0.421052604914,0.44313458267169104,0.4306756773758405
10998.899,-1.00287498884889,0.1033738669186341,-0.5191785767522711,0.37675514853400605,-0.2007500265929236,0.2058751621559601,-0.9423764944076538,0.23593464493751526,-0.4906376043902796,0.37138137221336365,-0.19839651882648468,0.21052631735801697,-0.013245871414762966,0.14511021531612078,0.02854097236199149,0.4267145690424751,0.421052604914,0.4422514933655134,0.4245305058699046
10998.916,-0.994963674471375,0.09922128627596066,-0.5148090290245445,0.4395174654167844,-0.2306989245925954,0.24275265153997277,-0.9233357906341553,0.226006880402565,-0.4799006620990198,0.37344929575920105,-0.19446727633476257,0.21052762866020203,-8.128828720179587e-05,0.14561982699223572,0.03490836692552468,0.49613910106535375,0.4210485816,0.43703268545716656,0.4314776750432489
10998.938,-0.9870389562356805,0.09511604982371819,-0.5104153178540584,0.3773675350215664,-0.1954874501008243,0.20922434144534213,-0.9143730401992798,0.22133967280387878,-0.4748480955706995,0.37344929575920105,-0.19446727633476257,0.21052762866020203,0.0017387934611999972,0.14563555523616564,0.035567222283358846,0.4247722789501105,0.4210485816,0.44151522061020587,0.43528603648196035
10998.97,-0.9791154493527301,0.09105574177067938,-0.5060320974626435,0.2476095900980553,-0.12688462666046318,0.13697563723495187,-0.9050319194793701,0.21648739278316498,-0.4695847670184534,0.37547552585601807,-0.1905345469713211,0.21052631735801697,0.004000955454119208,0.1456209491442394,0.03644733044419013,0.2780801412038879,0.421052604914,0.47190021765408097,0.4425690542337111
10998.978,-0.9711862714176461,0.08703803688488643,-0.5016749964966826,0.9911472416835723,-0.5022131106218044,0.5446376206341653,-0.9050319194793701,0.21648739278316498,-0.4695847670184534,0.37547552585601807,-0.1905345469713211,0.21052631735801697,-0.0042488239044126755,0.1453116702755899,0.03209022947822915,1.1105280687114467,0.421052604914,0.44517338693736247,0.4060671721396043
10998.998,-0.9632360959897652,0.08305227978018481,-0.4973425930476257,0.4184302857128736,-0.2097766897386502,0.22802123417992448,-0.9050319194793701,0.21648739278316498,-0.4695847670184534,0.37547552585601807,-0.1905345469713211,0.21052631735801697,-0.012507848492843601,0.1450386475097289,0.02775782602917226,0.467821646095283,0.421052604914,0.44063766434345314,0.42247465057448486
10999.018,-0.9552595013772588,0.07909598172833843,-0.4931225104769887,0.3798378386792016,-0.18839514532027424,0.2009563128813489,-0.8861643671989441,0.2071494460105896,-0.45905858675111944,0.3774506747722626,-0.18655797839164734,0.2105226069688797,0.0002452922753342704,0.14550521335507108,0.03406392372586925,0.4237658341329406,0.421037882566,0.4450004161412386,0.4333365501225588
10999.038,-0.9472485352947981,0.07515716270179368,-0.48896091918134,0.4216297938085521,-0.20730626455244638,0.21903112082093132,-0.8767281174659729,0.20248550176620483,-0.45379525819887334,0.3774506747722626,-0.18655797839164734,0.2105226069688797,0.00244969025105167,0.14553224480275032,0.03516566098246665,0.4695973857960156,0.421037882566,0.442164639669472,0.43308960049466677
10999.057,-0.9392162945571552,0.07123663296286087,-0.48481732642159603,0.4016120368733822,-0.19602648694236163,0.20717963798267588,-0.8672871589660645,0.19783103466033936,-0.44853240648378545,0.3794032335281372,-0.18258832395076752,0.21052630245685577,0.004641120238210401,0.14552801479769636,0.03628491993781058,0.4466878113812382,0.421052634716,0.4445618761442713,0.43548203647642564
10999.077,-0.9311838261459165,0.06734255122451305,-0.4806823514146486,0.4016234205896915,-0.1947040869308493,0.20674875036166218,-0.8672871589660645,0.19783103466033936,-0.44853240648378545,0.3794032335281372,-0.18258832395076752,0.21052630245685577,-0.0036799547917350794,0.14524629537033118,0.03214994493086315,0.4461394171418917,0.421052634716,0.4431599914261385,0.42944375453934996
10999.108,-0.9231522050244231,0.0634764728279541,-0.4764503345188483,0.2590845522990655,-0.12471220633715722,0.13651667405429418,-0.84822678565979,0.18889212608337402,-0.43800622621645147,0.381303995847702,-0.17857536673545837,0.21052762866020203,0.009061765164184839,0.14581079850463413,0.03844410830239681,0.28742639227307515,0.4210485816,0.47228627993131655,0.4457263149190138
10999.117,-0.9151142464522933,0.05964037704876668,-0.4721865966922709,0.893106508012972,-0.4262328643534687,0.4737486473967175,-0.84822678565979,0.18889212608337402,-0.43800622621645147,0.381303995847702,-0.17857536673545837,0.21052762866020203,0.0007801784380930335,0.1455312281312108,0.034180370475819455,0.9892446100688489,0.4210485816,0.4479096999670532,0.4124621920236243
10999.138,-0.9069901422978432,0.05582639062878525,-0.46789672093298973,0.40620520771363766,-0.19069932099490894,0.21449378795937765,-0.838694155216217,0.18442773818969727,-0.4327428976642054,0.381303995847702,-0.17857536673545837,0.21052762866020203,0.002954954125361585,0.14558130612153866,0.03515382326878436,0.44855312334953157,0.4210485816,0.4501197304499875,0.4340901205453557
10999.161,-0.8988157771858467,0.05201919423641865,-0.4636328326992869,0.355407178794376,-0.16553027793453312,0.18538644494981774,-0.8291571140289307,0.17997296154499054,-0.4274795691119593,0.38316285610198975,-0.17456099390983582,0.21052631735801697,0.005084089474343058,0.1455975547716435,0.03615326358732762,0.3919133961931346,0.421052634716,0.4588856902492858,0.43777392177414454
10999.18,-0.8906064974693431,0.04823197316983052,-0.45933179118676304,0.41046398581622284,-0.1893610533252732,0.21505207562149897,-0.8291571140289307,0.17997296154499054,-0.4274795691119593,0.38316285610198975,-0.17456099390983582,0.21052631735801697,-0.0033271792365966724,0.14532943480795085,0.03185222207480376,0.4518720441046377,0.421052634716,0.4569750944452622,0.42916338856281927
10999.197,-0.8823488255700791,0.044466645068016564,-0.45499421004489504,0.4857454058440462,-0.2214898883442727,0.2551518318772089,-0.8291571140289307,0.17997296154499054,-0.4274795691119593,0.38316285610198975,-0.17456099390983582,0.21052631735801697,-0.011769037776408933,0.14509586393709517,0.027514640932935763,0.53366271051233,0.421052634716,0.4475120188397214,0.42041157963505316
10999.217,-0.874102287536017,0.04072190617556193,-0.4506727959580476,0.4123269016941026,-0.1872369446186448,0.2160707043376557,-0.8099128007888794,0.17143727838993073,-0.4169533888446253,0.38497862219810486,-0.17050878703594208,0.21052762866020203,0.0008445812208844466,0.14562309371992915,0.033719407113422306,0.4527128457642054,0.421048432589,0.44891197188928494,0.43222339607877236
10999.237,-0.8658643587383766,0.03702078596710623,-0.44633821126669937,0.4118964398730294,-0.1850560104187456,0.2167292345626808,-0.8002883195877075,0.1671745628118515,-0.4116900602923792,0.38497862219810486,-0.17050878703594208,0.21052762866020203,0.0029689253729990803,0.14571001345059098,0.03464815097432017,0.4514267892797584,0.421048432589,0.4507388308607827,0.43371845942393067
10999.257,-0.85762725049106,0.03336532258689706,-0.44204163794020573,0.41185541239429835,-0.18277316902309193,0.21482866633953107,-0.7906596064567566,0.16292151808738708,-0.4064267317401331,0.3867526650428772,-0.16645626723766327,0.21052631735801697,0.0051084306348749,0.14575107916072197,0.03561490620007263,0.45045569515174333,0.421052634716,0.4529649574359624,0.435163151604379
10999.277,-0.8494030183546428,0.02975287793172776,-0.4377554993125745,0.41121160681188457,-0.1806222327545224,0.21430693137688311,-0.7906596064567566,0.16292151808738708,-0.4064267317401331,0.3867526650428772,-0.16645626723766327,0.21052631735801697,-0.0032469833938994913,0.14551334049203854,0.03132876757244141,0.4490037261428932,0.421052634716,0.45135096543125,0.4290970805280684
10999.297,-0.8411944071372842,0.026189071761621996,-0.43347475581262934,0.41043056085897156,-0.17819030850139875,0.21403717499258662,-0.7906596064567566,0.16292151808738708,-0.4064267317401331,0.3867526650428772,-0.16645626723766327,0.21052631735801697,-0.011570355109569802,0.1453122666559411,0.027048024072496235,0.44731524247847354,0.421052634716,0.44872808011671056,0.42310047317773203
10999.317,-0.8329760620160978,0.022662029557580343,-0.4291689299136281,0.41091725605035384,-0.17635211019823324,0.21529129494536303,-0.7712398767471313,0.15479286015033722,-0.3959005514727991,0.38848212361335754,-0.16236664354801178,0.21052762866020203,0.0011557941211328276,0.1458375023944305,0.03326837844082897,0.4470347459285595,0.421047836542,0.4507333017251416,0.4324343366688503
10999.337,-0.824763694634057,0.019169461957829426,-0.424882137672846,0.4106183691304219,-0.17462837999961647,0.21433961205392052,-0.7615278363227844,0.15073367953300476,-0.39063722292055303,0.38848212361335754,-0.16236664354801178,0.21052762866020203,0.003380855238293741,0.14593315915304894,0.034244914752292965,0.4460933495574484,0.421047836542,0.4531463235500941,0.434001220257852
10999.356,-0.8165555916272387,0.01572011243161553,-0.42059912686873013,0.41040515033195624,-0.1724674763069302,0.2141505402011186,-0.7518117427825928,0.14668428897857666,-0.38537437120546514,0.3901710510253906,-0.15827779471874237,0.21052631735801697,0.005627417657470615,0.14598532005770426,0.035224755663264995,0.4450558275243736,0.421052634716,0.45598010863834526,0.43550565665286844
10999.379,-0.8083508019845285,0.012313785869895177,-0.4163085300135626,0.39070426868857366,-0.16220602674364257,0.20431413595412898,-0.7518117427825928,0.14668428897857666,-0.38537437120546514,0.3901710510253906,-0.15827779471874237,0.21052631735801697,-0.0026277479780586754,0.1457573060319241,0.030934158808097467,0.4229274319275472,0.421052634716,0.4600113146562021,0.43017614215108224
10999.401,-0.8001209690209407,0.008954469097998796,-0.4120143400925368,0.4331491033414191,-0.1768061458871166,0.22600999584069437,-0.7518117427825928,0.14668428897857666,-0.38537437120546514,0.3901710510253906,-0.15827779471874237,0.21052631735801697,-0.010888202230572686,0.14554975670288994,0.026639968887071652,0.4677045321650854,0.421052634716,0.4554875191545432,0.42261971989055735
10999.418,-0.7918358460060746,0.005621058353548647,-0.40771134717558377,0.41425615077193695,-0.166670537234028,0.21514964586252244,-0.731833815574646,0.13881224393844604,-0.3746374289142054,0.3918052315711975,-0.15414908528327942,0.2105226069688797,0.0022721601851411685,0.1460649611012091,0.0330739182613784,0.4463862839430074,0.421038329601,0.45760563186931763,0.43287533662469757
10999.437,-0.7835028901689989,0.0023020916937323,-0.4034326349863364,0.4166477918446913,-0.16594833298719505,0.21393560945769813,-0.7220386862754822,0.13495852053165436,-0.3693745771991175,0.3918052315711975,-0.15414908528327942,0.2105226069688797,0.004451829466409769,0.14613609303213385,0.03405805778721893,0.448346439681174,0.421038329601,0.45995153586174264,0.4342880677487472
10999.458,-0.7751531316676199,-0.0010035979932710992,-0.3991847412199686,0.41748792505983606,-0.16528448434656215,0.21239468831375413,-0.7126314640045166,0.13126878440380096,-0.36432201067079717,0.39341646432876587,-0.15002936124801636,0.21052630245685577,0.006196148356635053,0.14617301330244023,0.03486273054917144,0.4489049340363437,0.421052634716,0.4626147209618843,0.43544027546889896
10999.477,-0.7668012406509956,-0.004299450749558287,-0.39494708421678504,0.4175945508220977,-0.1647926378107623,0.21188285015455358,-0.7126314640045166,0.13126878440380096,-0.36432201067079717,0.39341646432876587,-0.15002936124801636,0.21052630245685577,-0.002161524961290552,0.14597410350595633,0.03062507354598787,0.44885234614905445,0.421052634716,0.46124633611077337,0.42942961331544316
10999.498,-0.7584395105538618,-0.007577150160719026,-0.3907084680740423,0.41808650488558946,-0.16388497056936496,0.21193080715178575,-0.7126314640045166,0.13126878440380096,-0.36432201067079717,0.39341646432876587,-0.15002936124801636,0.21052630245685577,-0.010522655749249148,0.1458281330530729,0.026386457403245134,0.44899382721323455,0.421052634716,0.4584817349996573,0.42350181228051476
10999.516,-0.7500681180451787,-0.010832039541511573,-0.3864577143403209,0.41856962542501996,-0.162744469036075,0.21253768668143141,-0.6924917697906494,0.12381887435913086,-0.3535850683795374,0.39497309923171997,-0.14587058126926422,0.21052762866020203,0.0025788504379646512,0.14642149440237137,0.032872645960783486,0.44904008772535814,0.421048671007,0.46040202526341256,0.4332570014569626
10999.537,-0.7416348922453296,-0.014063534082550011,-0.3821934629482921,0.42166128998324925,-0.16157472704839504,0.21321256959678578,-0.6830124258995056,0.1203179806470871,-0.3485325018512171,0.39497309923171997,-0.14587058126926422,0.21052762866020203,0.004274316767964172,0.14654936123254186,0.033660961097075004,0.45149827822025196,0.421048671007,0.46242343709745853,0.4344648266411696
10999.556,-0.7331279978959728,-0.01725919916957619,-0.37793444992958697,0.42534471745855607,-0.15978325434782117,0.21295065093060808,-0.6830124258995056,0.1203179806470871,-0.3485325018512171,0.39497309923171997,-0.14587058126926422,0.21052762866020203,-0.0041873260638395915,0.14636091439750806,0.029401948078369877,0.4542878907882775,0.421048671007,0.4601753000329477,0.42834705697643083
10999.577,-0.7245461441446738,-0.02041970208422972,-0.37364836076069197,0.4290926875946121,-0.1580251457435994,0.21430445845956317,-0.6631892919540405,0.11323246359825134,-0.3380058447467249,0.39795568585395813,-0.13752347230911255,0.21052762866020203,0.00833836596293095,0.14682655194285812,0.03564251601396706,0.45716754880006016,0.421048015356,0.4622182885519724,0.43739014087371325
10999.598,-0.7158954060776381,-0.023549191967817795,-0.369364737732974,0.43253690334234096,-0.15647449417598833,0.21418115138122254,-0.6631892919540405,0.11323246359825134,-0.3380058447467249,0.39795568585395813,-0.13752347230911255,0.21052762866020203,-0.00022988624609315833,0.14658479770330318,0.03135889298624911,0.4598561691165979,0.421048015356,0.4599848824936443,0.43115921608120933
10999.617,-0.7072036738999871,-0.026641240014446232,-0.3650553589259611,0.4345866088730673,-0.15460240232804723,0.21546894034594333,-0.6528424620628357,0.10965684801340103,-0.33253223100771123,0.39795568585395813,-0.13752347230911255,0.21052762866020203,0.0021204708452379623,0.1467235964521213,0.03252312791824985,0.46114230259956995,0.421048015356,0.4607600573397602,0.432905338898293
10999.637,-0.6984703269101483,-0.029698253282781417,-0.36073736756065916,0.43666734948240554,-0.15285066341342282,0.21589956826038342,-0.6432915329933167,0.10635628551244736,-0.3274796644793909,0.39795568585395813,-0.13752347230911255,0.21052762866020203,0.0036049243920450863,0.14677377608083206,0.03325770308126824,0.4625128653563658,0.421048015356,0.46161067183245336,0.4339209444715258
10999.657,-0.6897006631285314,-0.03273475280824556,-0.35643757907259344,0.43848318907127487,-0.1518249762698931,0.2149894243985935,-0.6333392262458801,0.10292819887399673,-0.3222163359271448,0.39938294887542725,-0.13333630561828613,0.21052631735801697,0.0054809338446014655,0.1468026137056374,0.03422124314544861,0.4639001882659156,0.421052634716,0.46259157529060696,0.4351878074456871
10999.678,-0.6808866597197448,-0.03573542228524118,-0.3521180348870387,0.41971444806101404,-0.1428890227220974,0.20569258027605702,-0.6333392262458801,0.10292819887399673,-0.3222163359271448,0.39938294887542725,-0.13333630561828613,0.21052631735801697,-0.0031931041448564484,0.14655429829542477,0.029901698959893863,0.4432431076984984,0.421052634716,0.4615224729167317,0.42972264488246126
10999.698,-0.6720283813847673,-0.038697635198202573,-0.34778439246994564,0.4662251755194206,-0.15590594278553122,0.2280864430021025,-0.6333392262458801,0.10292819887399673,-0.3222163359271448,0.39938294887542725,-0.13333630561828613,0.21052631735801697,-0.011895465246195017,0.14633258525900367,0.02556805654280081,0.4914475274053391,0.421052634716,0.4545444805805378,0.4220495512484062
10999.717,-0.6631403406386738,-0.0416223197433464,-0.34343758181572304,0.44440203729497496,-0.1462342272539995,0.21734053270638587,-0.6117015480995178,0.09594529122114182,-0.3108480612384241,0.4007624685764313,-0.1291155070066452,0.21052762866020203,0.0021123271547382194,0.1468548093810838,0.032589520577298914,0.46769101541185576,0.421047955751,0.451876914470203,0.43294928812378164
10999.736,-0.6542502337794813,-0.0444866903162634,-0.33909811551523283,0.4445053429499198,-0.14321852864272366,0.21697331501977404,-0.603285551071167,0.0932338610291481,-0.30642682710756475,0.4007624685764313,-0.1291155070066452,0.21052762866020203,0.0022515915090462538,0.14683078519888013,0.032671288407668087,0.4668327467987152,0.421047955751,0.4494409290419174,0.43304357564138524
10999.757,-0.6453633280056601,-0.04730562091215318,-0.3347921764940627,0.44434528872177537,-0.14094652980423142,0.21529695107338956,-0.603285551071167,0.0932338610291481,-0.30642682710756475,0.4007624685764313,-0.1291155070066452,0.21052762866020203,-0.006435903547900003,0.14656215214577203,0.02836534938649793,0.4659858318932635,0.421047955751,0.44573286794159056,0.4268874189548213
10999.777,-0.6365038201706735,-0.05008072500079197,-0.330531019357135,0.4429753917396592,-0.13875520442891082,0.21305785684173195,-0.5831819176673889,0.08698910474777222,-0.29590064684023076,0.4033828377723694,-0.12064757198095322,0.2105226069688797,0.005950219428536095,0.146955634130245,0.03463037251690426,0.46402955080058966,0.421038657427,0.44676831998012795,0.43591775401611543
10999.797,-0.6276863968796863,-0.05282361149450798,-0.32629891612308176,0.44087116453973796,-0.13714432468280705,0.2116051616980443,-0.5831819176673889,0.08698910474777222,-0.29590064684023076,0.4033828377723694,-0.12064757198095322,0.2105226069688797,-0.0026592810521982244,0.14670096290511384,0.030398269282850998,0.46156883761251993,0.421038657427,0.44402710359797265,0.4299155962850932
10999.817,-0.6188905710334269,-0.05552705755307419,-0.3220667549608919,0.43979129230336905,-0.13517230292535976,0.2116080581048753,-0.5730973482131958,0.08397291600704193,-0.29063731828798467,0.4033828377723694,-0.12064757198095322,0.2105226069688797,-0.0007169246310934976,0.14682216419399957,0.03142943667290721,0.4599644388797888,0.421038657427,0.4417189839254294,0.4315294868244999
10999.84,-0.610128170398988,-0.05818724147099219,-0.31781081398007416,0.38097394064055307,-0.11566017034813936,0.18504091221567093,-0.5630127787590027,0.08095671981573105,-0.2853744665728968,0.4033828377723694,-0.12064757198095322,0.2105226069688797,0.0012751528859323916,0.1468988634301431,0.03243634740717738,0.3980378337754535,0.421038657427,0.4496019796752205,0.435278863246582
10999.857,-0.6013865625218022,-0.0608014112284585,-0.31355520013477833,0.5142122280750354,-0.15377469161724494,0.2503302261964434,-0.5529252290725708,0.07795065641403198,-0.2801111380206507,0.40464144945144653,-0.11640710383653641,0.21052630245685577,0.0033014786572599306,0.14693446618618622,0.03344406211412765,0.5365714279583621,0.421052634716,0.44126194443359096,0.43152910221716956
10999.88,-0.5926379625494925,-0.06335397343633631,-0.3093083998154416,0.39766363508973035,-0.11602555489908543,0.19303637814426336,-0.5529252290725708,0.07795065641403198,-0.2801111380206507,0.40464144945144653,-0.11640710383653641,0.21052630245685577,-0.005184980625983396,0.1466874759250659,0.02919726179479093,0.41411040789019776,0.421052634716,0.4458411558910048,0.42986484972620437
10999.899,-0.5838892290275053,-0.06586240774340069,-0.3050762354356651,0.4604596590463174,-0.13202285826492835,0.22274549366971919,-0.5529252290725708,0.07795065641403198,-0.2801111380206507,0.40464144945144653,-0.11640710383653641,0.21052630245685577,-0.01366233114033908,0.14647288972151382,0.024965097415014403,0.47885266348252575,0.421052634716,0.4398500524389255,0.4217623215573525
10999.917,-0.5751289467164036,-0.06832752460151115,-0.3008697833547045,0.46106749009647546,-0.12974299254296073,0.2213922148058822,-0.5326361656188965,0.07233324646949768,-0.2695849577533167,0.4058419466018677,-0.11213194578886032,0.21052762866020203,-0.0011009977950772187,0.14693494059462728,0.03128482560138779,0.4788053880634857,0.42104780674,0.43606189242056526,0.4308447950980765
10999.937,-0.5663620017209178,-0.07074351930447542,-0.2966529295375543,0.438347249764722,-0.12079973514557693,0.21084269085290783,-0.5224900841712952,0.0695299506187439,-0.2643216292010706,0.4058419466018677,-0.11213194578886032,0.21052762866020203,0.0009507257078016224,0.1469710435235789,0.03233130033648368,0.454512653981254,0.42104780674,0.43732886384823716,0.43316269322516104
10999.957,-0.5576409088912567,-0.0731075587335458,-0.2924708880439712,0.43605464147353423,-0.11820197145093864,0.20910207467459016,-0.5123412609100342,0.06673683971166611,-0.2590587774859827,0.4070023000240326,-0.10786314308643341,0.21052631735801697,0.003056165086492632,0.1469665735420472,0.033412110557988484,0.45161719903114955,0.421052634716,0.4391780613452467,0.4346987621796902
10999.978,-0.5489547930964832,-0.0754108469934105,-0.28830841021182435,0.41362456164327055,-0.10968039332354634,0.19821323009618744,-0.5123412609100342,0.06673683971166611,-0.2590587774859827,0.4070023000240326,-0.10786314308643341,0.21052631735801697,-0.005314620932327707,0.1466910712317502,0.029249632725841634,0.42773823240886133,0.421052634716,0.4394071725659635,0.4294389843111231
10999.998,-0.5402985740660861,-0.07766747758123549,-0.2841173588794666,0.4555904753220941,-0.11877003094807267,0.22058164908987532,-0.5123412609100342,0.06673683971166611,-0.2590587774859827,0.4070023000240326,-0.10786314308643341,0.21052631735801697,-0.01364152941713977,0.14645179031645827,0.02505858139348388,0.47061806161353137,0.421052634716,0.4347481614334756,0.4220593768833207
11000.018,-0.5316657616689902,-0.07990017532653504,-0.27992477075316646,0.4110863046110804,-0.1063189402491179,0.19964705362725255,-0.49153032898902893,0.061444222927093506,-0.24832183519472295,0.4081132113933563,-0.10356353223323822,0.21052762866020203,-0.00047789346009821654,0.14693149251242515,0.03160293555844351,0.4244594268393942,0.421048462391,0.43896418438842255,0.433206566465696
11000.037,-0.523021504990346,-0.08211538008327524,-0.27568660339595363,0.4549608778177986,-0.116589724037529,0.2230614398505734,-0.48173558712005615,0.05895869806408882,-0.24326879182924444,0.4081132113933563,-0.10356353223323822,0.21052762866020203,0.0013254536046438462,0.14698525678537572,0.0324178115667092,0.4695175023181555,0.421048462391,0.43615605613292613,0.4327914016408714
11000.057,-0.5143870830011832,-0.0843101718658924,-0.2713982061524415,0.4317210994487197,-0.10973958912846297,0.21441986217092737,-0.48173558712005615,0.05895869806408882,-0.24326879182924444,0.4081132113933563,-0.10356353223323822,0.21052762866020203,-0.00695098264754776,0.14677797217063132,0.028129414323197044,0.4453376651136312,0.421048462391,0.4343179899185243,0.4276050240033801
11000.077,-0.5057636361317298,-0.08646810401466498,-0.2671128465191705,0.4311723435024722,-0.10789660744608694,0.21426798167835953,-0.46127793192863464,0.05399523675441742,-0.23274261156191045,0.41019290685653687,-0.09494709223508835,0.2105226069688797,0.005833120300575985,0.14722398814736562,0.03437023495726005,0.444360736467766,0.421038210392,0.43712402044533044,0.43686978806777166
11000.097,-0.49716142713880784,-0.08857984964511734,-0.26280703366904773,0.43011044963670997,-0.10558728152031302,0.21529064250143917,-0.46127793192863464,0.05399523675441742,-0.23274261156191045,0.41019290685653687,-0.09494709223508835,0.2105226069688797,-0.0023884800596528574,0.147001957991511,0.03006442210713728,0.4427731634111998,0.421038210392,0.43627006138655844,0.4308148898078629
11000.117,-0.4885975549481002,-0.09064541136058302,-0.2584659824901714,0.40780343764031113,-0.09836008168584294,0.20671672279733264,-0.451023131608963,0.051621560007333755,-0.22747975984682256,0.41019290685653687,-0.09494709223508835,0.2105226069688797,-3.680209508152843e-05,0.14714525842538778,0.030986222643348826,0.4193981348491223,0.421038210392,0.4410745050236984,0.4332310660829638
11000.137,-0.48006130184144646,-0.0926650149923316,-0.2541291460730331,0.44927647929205944,-0.10629492798546475,0.22825454826763864,-0.440768301486969,0.04924788326025009,-0.22221643129457647,0.41019290685653687,-0.09494709223508835,0.2105226069688797,0.002353736860576293,0.14723338782387552,0.03191271477845664,0.46156970919053575,0.421038210392,0.4418087249686631,0.43322751591487807
11000.157,-0.47154712521475295,-0.09464177545036712,-0.2497886404953908,0.4257088313253834,-0.09883802289961859,0.21702527887737866,-0.43051111698150635,0.04688449203968048,-0.21695357957948858,0.41118180751800537,-0.09063579887151718,0.21052630245685577,0.004777267915526816,0.1472780230470482,0.032835060915902214,0.436929503025325,0.421052634716,0.4453415952554573,0.43556372420925565
11000.177,-0.4630264025545513,-0.09657036695274746,-0.24545336978611226,0.42603613303953086,-0.09642957512568232,0.2167635354789094,-0.43051111698150635,0.04688449203968048,-0.21695357957948858,0.41118180751800537,-0.09063579887151718,0.21052630245685577,-0.003318262385850229,0.14705621203870547,0.028499790206623687,0.4366986754055682,0.421052634716,0.44495217184267566,0.429426103941775
11000.198,-0.45446930935103447,-0.09845859379687127,-0.241141702528253,0.42785466016650237,-0.09441134220413017,0.2155833628882569,-0.43051111698150635,0.04688449203968048,-0.21695357957948858,0.41118180751800537,-0.09063579887151718,0.21052630245685577,-0.011444608136653822,0.14685921328505408,0.024188122948764434,0.43802160422716097,0.421052634716,0.44320368740748983,0.42330154389914576
11000.217,-0.4458715093631741,-0.10031471259652314,-0.23682803989406026,0.4298899993836347,-0.09280593998056737,0.2156831317049296,-0.40949583053588867,0.04247255250811577,-0.2062166372882288,0.4121105968952179,-0.08629319071769714,0.21052762866020203,0.0018595231683211158,0.14733613019145958,0.03061140260583145,0.439664675957125,0.421048283577,0.4460614556260632,0.4328511716367541
